day;timestamp;product;bid_price_1;bid_volume_1;bid_price_2;bid_volume_2;bid_price_3;bid_volume_3;ask_price_1;ask_volume_1;ask_price_2;ask_volume_2;ask_price_3;ask_volume_3;mid_price;profit_and_loss
-2;0;ASH_COATED_OSMIUM;;;;;;;10010;25;;;;;10010.0;0.0
-2;0;INTARIAN_PEPPER_ROOT;9992;17;;;;;10005;9;10008;17;;;9998.5;0.0
-2;100;ASH_COATED_OSMIUM;9992;15;;;;;10008;15;10011;20;;;10000.0;0.0
-2;100;INTARIAN_PEPPER_ROOT;9995;11;9992;16;;;10006;11;10008;16;;;10000.5;0.0
-2;200;ASH_COATED_OSMIUM;9992;15;9989;30;;;10008;15;10010;30;;;10000.0;0.0
-2;200;INTARIAN_PEPPER_ROOT;9995;12;;;;;10008;20;;;;;10001.5;0.0
-2;300;ASH_COATED_OSMIUM;9992;13;9989;26;;;10008;13;10010;26;;;10000.0;0.0
-2;300;INTARIAN_PEPPER_ROOT;;;;;;;10006;10;10008;21;;;10006.0;0.0
-2;400;ASH_COATED_OSMIUM;9992;15;;;;;10008;15;10010;20;;;10000.0;0.0
-2;400;INTARIAN_PEPPER_ROOT;9992;20;;;;;10006;12;10008;20;;;9999.0;0.0
-2;500;ASH_COATED_OSMIUM;9992;13;9989;30;;;10008;13;10010;30;;;10000.0;0.0
-2;500;INTARIAN_PEPPER_ROOT;9995;12;9993;16;;;10006;12;10008;16;;;10000.5;0.0
-2;600;ASH_COATED_OSMIUM;9989;30;;;;;10010;30;;;;;9999.5;0.0
-2;600;INTARIAN_PEPPER_ROOT;9995;11;9993;16;;;10009;16;;;;;10002.0;0.0
-2;700;ASH_COATED_OSMIUM;9990;27;;;;;10011;27;;;;;10000.5;57.0
-2;700;INTARIAN_PEPPER_ROOT;9995;12;9993;17;;;10006;12;10009;17;;;10000.5;0.0
-2;800;ASH_COATED_OSMIUM;9993;15;;;;;10011;21;;;;;10002.0;66.0
-2;800;INTARIAN_PEPPER_ROOT;9993;23;;;;;10006;9;;;;;9999.5;0.0
-2;900;ASH_COATED_OSMIUM;9993;13;9990;30;;;9998;8;10009;13;10011;30;9995.5;7.0
-2;900;INTARIAN_PEPPER_ROOT;9995;11;9993;24;;;10006;11;10009;24;;;10000.5;0.0
-2;1000;ASH_COATED_OSMIUM;9990;22;;;;;10009;15;10011;22;;;9999.5;63.0
-2;1000;INTARIAN_PEPPER_ROOT;9995;11;9993;24;;;10006;11;10009;24;;;10000.5;31.5
-2;1100;ASH_COATED_OSMIUM;9993;10;;;;;10009;10;10011;25;;;10001.0;84.0
-2;1100;INTARIAN_PEPPER_ROOT;;;;;;;10003;8;10009;21;;;10003.0;49.0
-2;1200;ASH_COATED_OSMIUM;;;;;;;10009;10;10011;27;;;10009.0;196.0
-2;1200;INTARIAN_PEPPER_ROOT;9993;21;;;;;10007;10;;;;;10000.0;28.0
-2;1300;ASH_COATED_OSMIUM;9993;10;9991;23;;;10012;23;;;;;10002.5;105.0
-2;1300;INTARIAN_PEPPER_ROOT;9996;9;9993;16;;;10007;9;10009;16;;;10001.5;38.5
-2;1400;ASH_COATED_OSMIUM;9993;13;9991;26;;;10009;13;10012;26;;;10001.0;84.0
-2;1400;INTARIAN_PEPPER_ROOT;9996;10;9993;18;;;10007;10;10009;18;;;10001.5;38.5
-2;1500;ASH_COATED_OSMIUM;9994;12;9991;25;;;10010;12;10012;25;;;10002.0;98.0
-2;1500;INTARIAN_PEPPER_ROOT;9996;9;9993;23;;;10007;9;;;;;10001.5;38.5
-2;1600;ASH_COATED_OSMIUM;9994;15;9991;23;;;;;;;;;9994.0;-14.0
-2;1600;INTARIAN_PEPPER_ROOT;9994;24;;;;;10007;8;;;;;10000.5;31.5
-2;1700;ASH_COATED_OSMIUM;9999;3;9994;12;9991;28;10010;12;10012;28;;;10004.5;133.0
-2;1700;INTARIAN_PEPPER_ROOT;9996;9;9994;18;;;10007;9;;;;;10001.5;38.5
-2;1800;ASH_COATED_OSMIUM;9994;14;9991;24;;;10010;14;10012;24;;;10002.0;98.0
-2;1800;INTARIAN_PEPPER_ROOT;9996;12;9994;23;;;10007;12;10010;23;;;10001.5;38.5
-2;1900;ASH_COATED_OSMIUM;9994;11;9991;25;;;10010;11;10012;25;;;10002.0;98.0
-2;1900;INTARIAN_PEPPER_ROOT;9996;8;9994;17;;;10010;17;;;;;10003.0;49.0
-2;2000;ASH_COATED_OSMIUM;9991;30;;;;;10010;10;10012;30;;;10000.5;77.0
-2;2000;INTARIAN_PEPPER_ROOT;9994;17;;;;;10008;11;10010;17;;;10001.0;35.0
-2;2100;ASH_COATED_OSMIUM;9994;13;9992;20;;;10010;13;;;;;10002.0;98.0
-2;2100;INTARIAN_PEPPER_ROOT;9997;10;;;;;10010;20;;;;;10003.5;52.5
-2;2200;ASH_COATED_OSMIUM;9994;14;;;;;10010;14;10013;25;;;10002.0;98.0
-2;2200;INTARIAN_PEPPER_ROOT;9994;19;;;;;10008;12;10010;19;;;10001.0;35.0
-2;2300;ASH_COATED_OSMIUM;10000;5;9995;11;9992;28;10011;11;10013;28;;;10005.5;147.0
-2;2300;INTARIAN_PEPPER_ROOT;9994;22;;;;;10008;12;;;;;10001.0;35.0
-2;2400;ASH_COATED_OSMIUM;9992;30;;;;;10011;13;10013;30;;;10001.5;91.0
-2;2400;INTARIAN_PEPPER_ROOT;9997;9;9994;18;;;10008;9;10010;18;;;10002.5;45.5
-2;2500;ASH_COATED_OSMIUM;9992;21;;;;;10011;14;;;;;10001.5;159.0
-2;2500;INTARIAN_PEPPER_ROOT;9997;9;;;;;10008;9;10011;18;;;10002.5;45.5
-2;2600;ASH_COATED_OSMIUM;9995;15;9992;21;;;10011;15;;;;;10003.0;168.0
-2;2600;INTARIAN_PEPPER_ROOT;9995;15;;;;;10008;8;10011;15;;;10001.5;38.5
-2;2700;ASH_COATED_OSMIUM;9995;15;9992;26;;;10013;26;;;;;10004.0;174.0
-2;2700;INTARIAN_PEPPER_ROOT;9997;10;9995;16;;;10011;16;;;;;10004.0;56.0
-2;2800;ASH_COATED_OSMIUM;9995;13;;;;;10011;13;10013;28;;;10003.0;168.0
-2;2800;INTARIAN_PEPPER_ROOT;9997;10;9995;21;;;10008;10;;;;;10002.5;45.5
-2;2900;ASH_COATED_OSMIUM;9995;15;9993;30;;;10011;15;10014;30;;;10003.0;168.0
-2;2900;INTARIAN_PEPPER_ROOT;9997;8;9995;21;;;10008;8;10011;21;;;10002.5;45.5
-2;3000;ASH_COATED_OSMIUM;9993;26;;;;;10011;12;10014;26;;;10002.0;162.0
-2;3000;INTARIAN_PEPPER_ROOT;9997;8;9995;19;;;10009;8;10011;19;;;10003.0;49.0
-2;3100;ASH_COATED_OSMIUM;9996;12;;;;;10012;12;10014;23;;;10004.0;174.0
-2;3100;INTARIAN_PEPPER_ROOT;9998;9;;;;;10011;19;;;;;10004.5;59.5
-2;3200;ASH_COATED_OSMIUM;9996;11;9993;26;;;10014;26;;;;;10005.0;180.0
-2;3200;INTARIAN_PEPPER_ROOT;9995;22;;;;;10011;22;;;;;10003.0;49.0
-2;3300;ASH_COATED_OSMIUM;9996;15;9993;20;;;10012;15;10014;20;;;10004.0;174.0
-2;3300;INTARIAN_PEPPER_ROOT;9998;10;9995;19;;;10009;10;;;;;10003.5;52.5
-2;3400;ASH_COATED_OSMIUM;9996;10;9993;22;;;10012;10;;;;;10004.0;174.0
-2;3400;INTARIAN_PEPPER_ROOT;9998;9;9995;21;;;10009;9;10011;21;;;10003.5;52.5
-2;3500;ASH_COATED_OSMIUM;9993;29;;;;;10012;10;10014;29;;;10002.5;165.0
-2;3500;INTARIAN_PEPPER_ROOT;9998;11;;;;;10012;23;;;;;10005.0;63.0
-2;3600;ASH_COATED_OSMIUM;9996;10;9993;26;;;10012;10;;;;;10004.0;174.0
-2;3600;INTARIAN_PEPPER_ROOT;9998;12;9996;19;;;10009;12;10012;19;;;10003.5;52.5
-2;3700;ASH_COATED_OSMIUM;9993;25;;;;;10011;11;;;;;10002.0;162.0
-2;3700;INTARIAN_PEPPER_ROOT;9998;9;;;;;10009;9;10012;17;;;10003.5;52.5
-2;3800;ASH_COATED_OSMIUM;9995;11;9993;27;;;10011;11;10014;27;;;10003.0;168.0
-2;3800;INTARIAN_PEPPER_ROOT;9998;8;9996;20;;;10012;20;;;;;10005.0;63.0
-2;3900;ASH_COATED_OSMIUM;9995;14;9993;25;;;10011;14;10014;25;;;10003.0;168.0
-2;3900;INTARIAN_PEPPER_ROOT;9998;11;;;;;10009;11;10012;15;;;10003.5;52.5
-2;4000;ASH_COATED_OSMIUM;9996;10;9994;27;;;10012;10;10015;27;;;10004.0;174.0
-2;4000;INTARIAN_PEPPER_ROOT;10007;7;9998;11;9996;20;10010;11;10012;20;;;10008.5;87.5
-2;4100;ASH_COATED_OSMIUM;9994;28;;;;;10013;12;;;;;10003.5;171.0
-2;4100;INTARIAN_PEPPER_ROOT;9999;12;9996;17;;;;;;;;;9999.0;21.0
-2;4200;ASH_COATED_OSMIUM;9994;23;;;;;10015;23;;;;;10004.5;177.0
-2;4200;INTARIAN_PEPPER_ROOT;9996;16;;;;;10012;16;;;;;10004.0;56.0
-2;4300;ASH_COATED_OSMIUM;9997;13;9994;26;;;10015;26;;;;;10006.0;186.0
-2;4300;INTARIAN_PEPPER_ROOT;;;;;;;10010;11;10012;25;;;10010.0;98.0
-2;4400;ASH_COATED_OSMIUM;9997;11;9994;28;;;10015;28;;;;;10006.0;186.0
-2;4400;INTARIAN_PEPPER_ROOT;9996;17;;;;;10010;9;10012;17;;;10003.0;49.0
-2;4500;ASH_COATED_OSMIUM;9997;12;9994;29;;;10013;12;10015;29;;;10005.0;180.0
-2;4500;INTARIAN_PEPPER_ROOT;9999;8;9996;18;;;10010;8;10013;18;;;10004.5;59.5
-2;4600;ASH_COATED_OSMIUM;9997;11;9995;29;;;10016;29;;;;;10006.5;189.0
-2;4600;INTARIAN_PEPPER_ROOT;9999;8;9997;19;;;10010;8;10013;19;;;10004.5;59.5
-2;4700;ASH_COATED_OSMIUM;;;;;;;10013;11;10016;29;;;10013.0;228.0
-2;4700;INTARIAN_PEPPER_ROOT;9999;8;9997;15;;;10013;15;;;;;10006.0;70.0
-2;4800;ASH_COATED_OSMIUM;9995;24;;;;;10007;3;10013;14;10016;24;10001.0;156.0
-2;4800;INTARIAN_PEPPER_ROOT;9999;9;9997;17;;;10010;9;10013;17;;;10004.5;59.5
-2;4900;ASH_COATED_OSMIUM;9997;15;9995;22;;;10013;15;10016;22;;;10005.0;180.0
-2;4900;INTARIAN_PEPPER_ROOT;9997;24;;;;;10010;9;10013;24;;;10003.5;52.5
-2;5000;ASH_COATED_OSMIUM;9997;15;9994;20;;;10013;15;10015;20;;;10005.0;180.0
-2;5000;INTARIAN_PEPPER_ROOT;9999;9;;;;;10011;9;;;;;10005.0;63.0
-2;5100;ASH_COATED_OSMIUM;9997;11;9994;29;;;10013;11;10015;29;;;10005.0;180.0
-2;5100;INTARIAN_PEPPER_ROOT;10000;10;9997;21;;;10007;7;10011;10;10013;21;10003.5;28.0
-2;5200;ASH_COATED_OSMIUM;9994;25;;;;;10013;12;10015;25;;;10003.5;171.0
-2;5200;INTARIAN_PEPPER_ROOT;10000;11;9997;15;;;10002;5;10011;11;10013;15;10001.0;-12.0
-2;5300;ASH_COATED_OSMIUM;10002;4;9994;22;;;10012;15;10015;22;;;10007.0;192.0
-2;5300;INTARIAN_PEPPER_ROOT;10000;11;9997;24;;;10011;11;10013;24;;;10005.5;73.5
-2;5400;ASH_COATED_OSMIUM;9994;29;;;;;10013;15;;;;;10003.5;171.0
-2;5400;INTARIAN_PEPPER_ROOT;10000;9;;;;;10011;9;;;;;10005.5;73.5
-2;5500;ASH_COATED_OSMIUM;9996;13;9994;28;;;10012;13;10015;28;;;10004.0;174.0
-2;5500;INTARIAN_PEPPER_ROOT;9997;24;;;;;10011;10;;;;;10004.0;45.0
-2;5600;ASH_COATED_OSMIUM;9996;15;;;;;;;;;;;9996.0;126.0
-2;5600;INTARIAN_PEPPER_ROOT;10000;10;;;;;10011;10;10014;19;;;10005.5;73.5
-2;5700;ASH_COATED_OSMIUM;9996;12;9993;29;;;10012;12;;;;;10004.0;174.0
-2;5700;INTARIAN_PEPPER_ROOT;10000;9;9998;21;;;10011;9;10014;21;;;10005.5;73.5
-2;5800;ASH_COATED_OSMIUM;10001;5;9996;15;9993;26;10012;15;10014;26;;;10006.5;189.0
-2;5800;INTARIAN_PEPPER_ROOT;10000;10;;;;;;;;;;;10000.0;-31.0
-2;5900;ASH_COATED_OSMIUM;9996;13;9994;28;;;10015;28;;;;;10005.5;183.0
-2;5900;INTARIAN_PEPPER_ROOT;10000;12;9998;20;;;10011;12;10014;20;;;10005.5;7.5
-2;6000;ASH_COATED_OSMIUM;9996;10;9994;21;;;10006;2;10012;10;10015;21;10001.0;156.0
-2;6000;INTARIAN_PEPPER_ROOT;9998;23;;;;;10012;12;10014;23;;;10005.0;-8.0
-2;6100;ASH_COATED_OSMIUM;9997;11;9994;26;;;10013;11;10015;26;;;10005.0;236.0
-2;6100;INTARIAN_PEPPER_ROOT;10001;12;;;;;10012;12;10014;17;;;10006.5;38.5
-2;6200;ASH_COATED_OSMIUM;9997;12;9994;23;;;10013;12;10015;23;;;10005.0;236.0
-2;6200;INTARIAN_PEPPER_ROOT;10001;8;9998;18;;;10012;8;10014;18;;;10006.5;38.5
-2;6300;ASH_COATED_OSMIUM;9996;13;9993;26;;;10012;13;10014;26;;;10004.0;238.0
-2;6300;INTARIAN_PEPPER_ROOT;10001;12;9998;17;;;10012;12;10014;17;;;10006.5;38.5
-2;6400;ASH_COATED_OSMIUM;9996;13;9993;26;;;10012;13;10014;26;;;10004.0;238.0
-2;6400;INTARIAN_PEPPER_ROOT;10001;8;;;;;10012;8;10014;23;;;10006.5;38.5
-2;6500;ASH_COATED_OSMIUM;9993;21;;;;;;;;;;;9993.0;260.0
-2;6500;INTARIAN_PEPPER_ROOT;10001;10;9998;19;;;10012;10;10015;19;;;10006.5;38.5
-2;6600;ASH_COATED_OSMIUM;9996;13;9993;23;;;10012;13;10014;23;;;10004.0;238.0
-2;6600;INTARIAN_PEPPER_ROOT;9999;21;;;;;10012;8;10015;21;;;10005.5;7.5
-2;6700;ASH_COATED_OSMIUM;9996;14;9993;27;;;10012;14;10014;27;;;10004.0;238.0
-2;6700;INTARIAN_PEPPER_ROOT;;;;;;;10012;8;10015;20;;;10012.0;209.0
-2;6800;ASH_COATED_OSMIUM;9996;14;9993;23;;;10012;14;10014;23;;;10004.0;238.0
-2;6800;INTARIAN_PEPPER_ROOT;10001;8;9999;21;;;10012;8;10015;21;;;10006.5;-5.5
-2;6900;ASH_COATED_OSMIUM;9995;13;9993;28;;;10014;28;;;;;10004.5;237.0
-2;6900;INTARIAN_PEPPER_ROOT;10001;12;9999;15;;;10012;12;10015;15;;;10006.5;-71.5
-2;7000;ASH_COATED_OSMIUM;9995;14;9993;24;;;10011;14;;;;;10003.0;240.0
-2;7000;INTARIAN_PEPPER_ROOT;10001;12;;;;;10013;12;10015;25;;;10007.0;-46.0
-2;7100;ASH_COATED_OSMIUM;9995;11;9993;26;;;10011;11;;;;;10003.0;240.0
-2;7100;INTARIAN_PEPPER_ROOT;10002;11;9999;17;;;10013;11;10015;17;;;10007.5;-20.5
-2;7200;ASH_COATED_OSMIUM;9993;26;;;;;10012;14;10014;26;;;10002.5;241.0
-2;7200;INTARIAN_PEPPER_ROOT;10002;9;9999;20;;;10013;9;10015;20;;;10007.5;-20.5
-2;7300;ASH_COATED_OSMIUM;9996;11;9993;27;;;10012;11;10014;27;;;10004.0;238.0
-2;7300;INTARIAN_PEPPER_ROOT;10002;8;9999;23;;;10013;8;10015;23;;;10007.5;-20.5
-2;7400;ASH_COATED_OSMIUM;9996;11;9994;28;;;10012;11;10015;28;;;10004.0;238.0
-2;7400;INTARIAN_PEPPER_ROOT;10002;10;9999;24;;;10015;24;;;;;10008.5;30.5
-2;7500;ASH_COATED_OSMIUM;9997;10;;;;;10013;10;;;;;10005.0;236.0
-2;7500;INTARIAN_PEPPER_ROOT;;;;;;;10013;8;10016;24;;;10013.0;260.0
-2;7600;ASH_COATED_OSMIUM;9997;13;9994;28;;;10015;28;;;;;10006.0;234.0
-2;7600;INTARIAN_PEPPER_ROOT;10002;8;10000;18;;;10013;8;10016;18;;;10007.5;-64.5
-2;7700;ASH_COATED_OSMIUM;9994;25;;;;;10013;13;10015;25;;;10003.5;239.0
-2;7700;INTARIAN_PEPPER_ROOT;10002;8;10000;22;;;10013;8;10016;22;;;10007.5;-108.5
-2;7800;ASH_COATED_OSMIUM;10002;4;9996;14;9994;21;10015;21;;;;;10008.5;229.0
-2;7800;INTARIAN_PEPPER_ROOT;10002;8;10000;18;;;10013;8;10016;18;;;10007.5;-152.5
-2;7900;ASH_COATED_OSMIUM;9996;13;;;;;10012;13;;;;;10004.0;238.0
-2;7900;INTARIAN_PEPPER_ROOT;10002;10;10000;18;;;10013;10;10016;18;;;10007.5;-180.0
-2;8000;ASH_COATED_OSMIUM;10006;6;9994;23;;;10013;15;10015;23;;;10009.5;206.0
-2;8000;INTARIAN_PEPPER_ROOT;;;;;;;10014;8;10016;25;;;10014.0;340.0
-2;8100;ASH_COATED_OSMIUM;9997;15;9994;20;;;10013;15;;;;;10005.0;242.0
-2;8100;INTARIAN_PEPPER_ROOT;10000;20;;;;;10014;12;10016;20;;;10007.0;-220.0
-2;8200;ASH_COATED_OSMIUM;9994;30;;;;;10015;30;;;;;10004.5;246.0
-2;8200;INTARIAN_PEPPER_ROOT;10003;8;10000;24;;;10014;8;10016;24;;;10008.5;-100.0
-2;8300;ASH_COATED_OSMIUM;9997;14;9994;27;;;10015;27;;;;;10006.0;234.0
-2;8300;INTARIAN_PEPPER_ROOT;10003;8;10000;17;;;10014;8;10016;17;;;10008.5;-100.0
-2;8400;ASH_COATED_OSMIUM;9997;10;9994;25;;;10013;10;10015;25;;;10005.0;242.0
-2;8400;INTARIAN_PEPPER_ROOT;10003;9;10000;15;;;10014;9;10016;15;;;10008.5;-100.0
-2;8500;ASH_COATED_OSMIUM;9997;12;9995;23;;;10013;12;10016;23;;;10005.0;242.0
-2;8500;INTARIAN_PEPPER_ROOT;10003;8;10000;21;;;10014;8;;;;;10008.5;-100.0
-2;8600;ASH_COATED_OSMIUM;9995;27;;;;;10013;13;10016;27;;;10004.0;250.0
-2;8600;INTARIAN_PEPPER_ROOT;10003;10;10001;25;;;10017;25;;;;;10010.0;20.0
-2;8700;ASH_COATED_OSMIUM;9997;10;9995;22;;;10013;10;10016;22;;;10005.0;242.0
-2;8700;INTARIAN_PEPPER_ROOT;10003;11;;;;;10014;11;;;;;10008.5;-100.0
-2;8800;ASH_COATED_OSMIUM;9997;13;9995;20;;;10013;13;;;;;10005.0;242.0
-2;8800;INTARIAN_PEPPER_ROOT;10003;12;10001;19;;;10014;12;10017;19;;;10008.5;-100.0
-2;8900;ASH_COATED_OSMIUM;10003;2;9997;12;;;10013;12;10016;26;;;10008.0;218.0
-2;8900;INTARIAN_PEPPER_ROOT;10003;11;;;;;10014;11;;;;;10008.5;-100.0
-2;9000;ASH_COATED_OSMIUM;9998;10;9995;29;;;10014;10;10016;29;;;10006.0;234.0
-2;9000;INTARIAN_PEPPER_ROOT;10003;11;10001;20;;;;;;;;;10003.0;-540.0
-2;9100;ASH_COATED_OSMIUM;9996;24;;;;;10017;24;;;;;10006.5;230.0
-2;9100;INTARIAN_PEPPER_ROOT;10004;9;10001;18;;;10015;9;10017;18;;;10009.5;-20.0
-2;9200;ASH_COATED_OSMIUM;9998;10;9996;28;;;10014;10;;;;;10006.0;234.0
-2;9200;INTARIAN_PEPPER_ROOT;10004;10;10001;20;;;10017;20;;;;;10010.5;60.0
-2;9300;ASH_COATED_OSMIUM;9998;11;9995;26;;;10014;11;10016;26;;;10006.0;234.0
-2;9300;INTARIAN_PEPPER_ROOT;10004;10;10001;15;;;10015;10;10017;15;;;10009.5;-20.0
-2;9400;ASH_COATED_OSMIUM;9996;25;;;;;10015;11;10017;25;;;10005.5;238.0
-2;9400;INTARIAN_PEPPER_ROOT;10004;9;10001;19;;;;;;;;;10004.0;-460.0
-2;9500;ASH_COATED_OSMIUM;9999;12;9996;23;;;10015;12;10017;23;;;10007.0;226.0
-2;9500;INTARIAN_PEPPER_ROOT;10001;16;;;;;10015;10;10018;16;;;10008.0;-140.0
-2;9600;ASH_COATED_OSMIUM;9999;10;9997;29;;;10015;10;10018;29;;;10007.0;226.0
-2;9600;INTARIAN_PEPPER_ROOT;10002;20;;;;;10015;9;10018;20;;;10008.5;-100.0
-2;9700;ASH_COATED_OSMIUM;10000;13;9997;28;;;10016;13;10018;28;;;10008.0;218.0
-2;9700;INTARIAN_PEPPER_ROOT;10004;9;10002;25;;;10015;9;10018;25;;;10009.5;-20.0
-2;9800;ASH_COATED_OSMIUM;10000;15;9997;23;;;10016;15;10018;23;;;10008.0;218.0
-2;9800;INTARIAN_PEPPER_ROOT;10004;9;10002;21;;;10015;9;10018;21;;;10009.5;-20.0
-2;9900;ASH_COATED_OSMIUM;10000;14;9998;25;;;10016;14;10019;25;;;10008.0;218.0
-2;9900;INTARIAN_PEPPER_ROOT;;;;;;;10015;8;;;;;10015.0;420.0
-2;10000;ASH_COATED_OSMIUM;9997;30;;;;;10016;11;10018;30;;;10006.5;230.0
-2;10000;INTARIAN_PEPPER_ROOT;10004;8;10002;24;;;10016;8;10018;24;;;10010.0;20.0
-2;10100;ASH_COATED_OSMIUM;10000;10;;;;;10016;10;10019;25;;;10008.0;218.0
-2;10100;INTARIAN_PEPPER_ROOT;10005;8;10002;16;;;10016;8;10018;16;;;10010.5;60.0
-2;10200;ASH_COATED_OSMIUM;10000;13;9998;29;;;10016;13;10019;29;;;10008.0;218.0
-2;10200;INTARIAN_PEPPER_ROOT;10005;11;;;;;10016;11;10018;17;;;10010.5;60.0
-2;10300;ASH_COATED_OSMIUM;10001;13;9998;23;;;10017;13;10019;23;;;10009.0;210.0
-2;10300;INTARIAN_PEPPER_ROOT;10005;9;10002;16;;;10018;16;;;;;10011.5;140.0
-2;10400;ASH_COATED_OSMIUM;10007;5;10001;10;;;10017;10;10020;22;;;10012.0;186.0
-2;10400;INTARIAN_PEPPER_ROOT;10008;11;10005;9;;;10016;9;10018;16;;;10012.0;180.0
-2;10500;ASH_COATED_OSMIUM;10002;10;9999;20;;;10018;10;10020;20;;;10010.0;202.0
-2;10500;INTARIAN_PEPPER_ROOT;10013;5;10005;9;10002;22;10016;9;10019;22;;;10014.5;380.0
-2;10600;ASH_COATED_OSMIUM;10001;13;9999;29;;;10020;29;;;;;10010.5;198.0
-2;10600;INTARIAN_PEPPER_ROOT;10005;9;10003;22;;;10016;9;10019;22;;;10010.5;60.0
-2;10700;ASH_COATED_OSMIUM;9998;29;;;;;10016;14;10019;29;;;10007.0;226.0
-2;10700;INTARIAN_PEPPER_ROOT;10005;12;;;;;10016;12;10019;18;;;10010.5;60.0
-2;10800;ASH_COATED_OSMIUM;10000;11;9998;22;;;10016;11;10019;22;;;10008.0;218.0
-2;10800;INTARIAN_PEPPER_ROOT;10005;12;10003;21;;;10019;21;;;;;10012.0;180.0
-2;10900;ASH_COATED_OSMIUM;10001;15;9998;21;;;10019;21;;;;;10010.0;202.0
-2;10900;INTARIAN_PEPPER_ROOT;10005;11;10003;22;;;10019;22;;;;;10012.0;180.0
-2;11000;ASH_COATED_OSMIUM;10001;13;9998;27;;;10017;13;10019;27;;;10009.0;210.0
-2;11000;INTARIAN_PEPPER_ROOT;10005;9;10003;17;;;10017;9;;;;;10011.0;100.0
-2;11100;ASH_COATED_OSMIUM;10001;11;;;;;10017;11;10019;29;;;10009.0;210.0
-2;11100;INTARIAN_PEPPER_ROOT;10006;12;10003;15;;;10017;12;10019;15;;;10011.5;140.0
-2;11200;ASH_COATED_OSMIUM;10001;10;9998;20;;;10017;10;10019;20;;;10009.0;210.0
-2;11200;INTARIAN_PEPPER_ROOT;10006;8;;;;;10017;8;;;;;10011.5;140.0
-2;11300;ASH_COATED_OSMIUM;10000;12;9998;21;;;10016;12;10019;21;;;10008.0;218.0
-2;11300;INTARIAN_PEPPER_ROOT;10006;10;10003;21;;;10008;3;10017;10;10019;21;10007.0;-220.0
-2;11400;ASH_COATED_OSMIUM;10000;12;9998;30;;;10016;12;10019;30;;;10008.0;218.0
-2;11400;INTARIAN_PEPPER_ROOT;10006;12;;;;;10019;15;;;;;10012.5;220.0
-2;11500;ASH_COATED_OSMIUM;10001;13;9998;24;;;10019;24;;;;;10010.0;202.0
-2;11500;INTARIAN_PEPPER_ROOT;10006;8;10003;23;;;10017;8;10020;23;;;10011.5;140.0
-2;11600;ASH_COATED_OSMIUM;10006;5;;;;;10017;12;10019;30;;;10011.5;190.0
-2;11600;INTARIAN_PEPPER_ROOT;10006;9;10004;21;;;10017;9;10020;21;;;10011.5;140.0
-2;11700;ASH_COATED_OSMIUM;;;;;;;10016;13;;;;;10016.0;154.0
-2;11700;INTARIAN_PEPPER_ROOT;10006;10;;;;;10017;10;10020;19;;;10011.5;140.0
-2;11800;ASH_COATED_OSMIUM;10000;10;9998;29;;;10016;10;10019;29;;;10008.0;218.0
-2;11800;INTARIAN_PEPPER_ROOT;10006;8;10004;21;;;10017;8;10020;21;;;10011.5;140.0
-2;11900;ASH_COATED_OSMIUM;10000;14;9998;22;;;10016;14;10019;22;;;10008.0;218.0
-2;11900;INTARIAN_PEPPER_ROOT;10009;12;10006;8;;;10017;8;10020;21;;;10013.0;260.0
-2;12000;ASH_COATED_OSMIUM;9997;28;;;;;10016;13;10018;28;;;10006.5;230.0
-2;12000;INTARIAN_PEPPER_ROOT;10006;9;;;;;10018;9;10020;20;;;10012.0;180.0
-2;12100;ASH_COATED_OSMIUM;9998;21;;;;;10019;21;;;;;10008.5;214.0
-2;12100;INTARIAN_PEPPER_ROOT;10007;11;10004;21;;;10018;11;;;;;10012.5;220.0
-2;12200;ASH_COATED_OSMIUM;10000;13;;;;;10016;13;10019;23;;;10008.0;218.0
-2;12200;INTARIAN_PEPPER_ROOT;10007;9;10004;21;;;10018;9;;;;;10012.5;220.0
-2;12300;ASH_COATED_OSMIUM;10000;11;;;;;10016;11;;;;;10008.0;218.0
-2;12300;INTARIAN_PEPPER_ROOT;10007;11;10004;18;;;10018;11;;;;;10012.5;220.0
-2;12400;ASH_COATED_OSMIUM;10006;2;10000;15;9998;25;10016;15;10019;25;;;10011.0;194.0
-2;12400;INTARIAN_PEPPER_ROOT;10004;24;;;;;10018;12;10020;24;;;10011.0;100.0
-2;12500;ASH_COATED_OSMIUM;10000;13;9998;28;;;10019;28;;;;;10009.5;206.0
-2;12500;INTARIAN_PEPPER_ROOT;;;;;;;10018;11;10021;23;;;10018.0;660.0
-2;12600;ASH_COATED_OSMIUM;10000;15;;;;;10019;26;;;;;10009.5;206.0
-2;12600;INTARIAN_PEPPER_ROOT;10007;12;10005;16;;;10018;12;10021;16;;;10012.5;220.0
-2;12700;ASH_COATED_OSMIUM;10000;13;9998;22;;;10016;13;10019;22;;;10008.0;218.0
-2;12700;INTARIAN_PEPPER_ROOT;;;;;;;10018;12;;;;;10018.0;660.0
-2;12800;ASH_COATED_OSMIUM;10001;14;9998;20;;;10017;14;10019;20;;;10009.0;210.0
-2;12800;INTARIAN_PEPPER_ROOT;10007;12;10005;17;;;10018;12;10021;17;;;10012.5;220.0
-2;12900;ASH_COATED_OSMIUM;10001;10;9999;20;;;;;;;;;10001.0;265.0
-2;12900;INTARIAN_PEPPER_ROOT;10005;20;;;;;10018;10;10021;20;;;10011.5;140.0
-2;13000;ASH_COATED_OSMIUM;10001;15;9998;30;;;10017;15;10019;30;;;10009.0;273.0
-2;13000;INTARIAN_PEPPER_ROOT;10007;10;;;;;10019;10;10021;25;;;10013.0;260.0
-2;13100;ASH_COATED_OSMIUM;10006;2;;;;;10017;10;10019;21;;;10011.5;275.5
-2;13100;INTARIAN_PEPPER_ROOT;10008;8;10005;25;;;10019;8;10021;25;;;10013.5;300.0
-2;13200;ASH_COATED_OSMIUM;10000;12;9998;22;;;10016;12;10019;22;;;10008.0;272.0
-2;13200;INTARIAN_PEPPER_ROOT;10008;11;;;;;10021;23;;;;;10014.5;380.0
-2;13300;ASH_COATED_OSMIUM;10001;11;9998;27;;;10017;11;10019;27;;;10009.0;273.0
-2;13300;INTARIAN_PEPPER_ROOT;10008;10;10005;21;;;10019;10;10021;21;;;10013.5;300.0
-2;13400;ASH_COATED_OSMIUM;10000;15;9998;27;;;10016;15;10019;27;;;10008.0;272.0
-2;13400;INTARIAN_PEPPER_ROOT;10005;21;;;;;10019;9;10021;21;;;10012.0;180.0
-2;13500;ASH_COATED_OSMIUM;10001;14;9998;27;;;10017;14;;;;;10009.0;273.0
-2;13500;INTARIAN_PEPPER_ROOT;10008;10;10005;16;;;10019;10;10022;16;;;10013.5;300.0
-2;13600;ASH_COATED_OSMIUM;10001;13;9999;24;;;10017;13;10020;24;;;10009.0;273.0
-2;13600;INTARIAN_PEPPER_ROOT;10008;12;10006;25;;;10019;12;10022;25;;;10013.5;300.0
-2;13700;ASH_COATED_OSMIUM;10001;14;9998;20;;;10017;14;10019;20;;;10009.0;273.0
-2;13700;INTARIAN_PEPPER_ROOT;10008;9;10006;22;;;10019;9;;;;;10013.5;300.0
-2;13800;ASH_COATED_OSMIUM;9998;22;;;;;10017;13;10019;22;;;10007.5;297.0
-2;13800;INTARIAN_PEPPER_ROOT;10008;12;10006;24;;;10019;12;10022;24;;;10013.5;300.0
-2;13900;ASH_COATED_OSMIUM;10001;14;9999;20;;;10017;14;10020;20;;;10009.0;294.0
-2;13900;INTARIAN_PEPPER_ROOT;10006;15;;;;;10019;9;10022;15;;;10012.5;220.0
-2;14000;ASH_COATED_OSMIUM;10001;14;9999;25;;;10017;14;;;;;10009.0;294.0
-2;14000;INTARIAN_PEPPER_ROOT;10008;11;10006;16;;;10022;16;;;;;10015.0;420.0
-2;14100;ASH_COATED_OSMIUM;10002;12;9999;25;;;10020;25;;;;;10011.0;290.0
-2;14100;INTARIAN_PEPPER_ROOT;10009;12;10006;22;;;10020;12;10022;22;;;10014.5;380.0
-2;14200;ASH_COATED_OSMIUM;10001;10;9999;23;;;10017;10;;;;;10009.0;294.0
-2;14200;INTARIAN_PEPPER_ROOT;10009;9;10006;18;;;10020;9;10022;18;;;10014.5;380.0
-2;14300;ASH_COATED_OSMIUM;10001;14;9999;23;;;10017;14;;;;;10009.0;294.0
-2;14300;INTARIAN_PEPPER_ROOT;10009;8;10006;23;;;10020;8;10022;23;;;10014.5;380.0
-2;14400;ASH_COATED_OSMIUM;10001;14;;;;;10017;14;;;;;10009.0;294.0
-2;14400;INTARIAN_PEPPER_ROOT;10006;17;;;;;10022;17;;;;;10014.0;340.0
-2;14500;ASH_COATED_OSMIUM;;;;;;;10017;14;10019;30;;;10017.0;278.0
-2;14500;INTARIAN_PEPPER_ROOT;10009;8;10006;17;;;10023;17;;;;;10016.0;500.0
-2;14600;ASH_COATED_OSMIUM;10001;15;9998;20;;;10019;20;;;;;10010.0;292.0
-2;14600;INTARIAN_PEPPER_ROOT;10009;8;10007;18;;;10020;8;;;;;10014.5;380.0
-2;14700;ASH_COATED_OSMIUM;10000;15;9997;20;;;;;;;;;10000.0;312.0
-2;14700;INTARIAN_PEPPER_ROOT;10009;10;10007;19;;;;;;;;;10009.0;-60.0
-2;14800;ASH_COATED_OSMIUM;10000;13;9997;28;;;10016;13;10018;28;;;10008.0;296.0
-2;14800;INTARIAN_PEPPER_ROOT;10009;11;10007;25;;;10020;11;10023;25;;;10014.5;380.0
-2;14900;ASH_COATED_OSMIUM;9997;29;;;;;10016;10;;;;;10006.5;299.0
-2;14900;INTARIAN_PEPPER_ROOT;10009;9;10007;16;;;10023;16;;;;;10016.0;500.0
-2;15000;ASH_COATED_OSMIUM;10000;10;;;;;10016;10;10018;21;;;10008.0;317.0
-2;15000;INTARIAN_PEPPER_ROOT;10009;12;10007;25;;;10021;12;10023;25;;;10015.0;420.0
-2;15100;ASH_COATED_OSMIUM;10000;15;9997;29;;;10016;15;10018;29;;;10008.0;352.0
-2;15100;INTARIAN_PEPPER_ROOT;10010;8;10007;17;;;10021;8;10023;17;;;10015.5;460.0
-2;15200;ASH_COATED_OSMIUM;9999;11;9997;28;;;10015;11;10018;28;;;10007.0;362.0
-2;15200;INTARIAN_PEPPER_ROOT;10010;9;;;;;10021;9;10023;15;;;10015.5;460.0
-2;15300;ASH_COATED_OSMIUM;9996;26;;;;;10015;10;10017;26;;;10005.5;377.0
-2;15300;INTARIAN_PEPPER_ROOT;10010;10;;;;;;;;;;;10010.0;20.0
-2;15400;ASH_COATED_OSMIUM;9999;13;9997;22;;;10015;13;10018;22;;;10007.0;362.0
-2;15400;INTARIAN_PEPPER_ROOT;10010;8;10007;25;;;10021;8;10023;25;;;10015.5;460.0
-2;15500;ASH_COATED_OSMIUM;9999;14;9996;24;;;10015;14;10017;24;;;10007.0;362.0
-2;15500;INTARIAN_PEPPER_ROOT;10010;8;;;;;10021;8;10024;18;;;10015.5;460.0
-2;15600;ASH_COATED_OSMIUM;9998;15;9996;25;;;10014;15;;;;;10006.0;372.0
-2;15600;INTARIAN_PEPPER_ROOT;10010;10;10008;22;;;10021;10;10024;22;;;10015.5;460.0
-2;15700;ASH_COATED_OSMIUM;9998;11;9996;29;;;10014;11;10017;29;;;10006.0;372.0
-2;15700;INTARIAN_PEPPER_ROOT;10010;10;10008;21;;;10021;10;10024;21;;;10015.5;460.0
-2;15800;ASH_COATED_OSMIUM;9998;10;;;;;10014;10;10017;20;;;10006.0;372.0
-2;15800;INTARIAN_PEPPER_ROOT;10010;11;10008;24;;;10021;11;;;;;10015.5;460.0
-2;15900;ASH_COATED_OSMIUM;9995;25;;;;;10014;12;10016;25;;;10004.5;463.5
-2;15900;INTARIAN_PEPPER_ROOT;10010;10;10008;18;;;10021;10;10024;18;;;10015.5;460.0
-2;16000;ASH_COATED_OSMIUM;9999;10;9996;21;;;10017;21;;;;;10008.0;460.0
-2;16000;INTARIAN_PEPPER_ROOT;10008;16;;;;;10022;9;10024;16;;;10015.0;420.0
-2;16100;ASH_COATED_OSMIUM;9998;14;;;;;10014;14;10017;25;;;10006.0;462.0
-2;16100;INTARIAN_PEPPER_ROOT;10011;9;;;;;10022;9;10024;16;;;10016.5;540.0
-2;16200;ASH_COATED_OSMIUM;9998;12;;;;;10014;12;10017;29;;;10006.0;462.0
-2;16200;INTARIAN_PEPPER_ROOT;10008;23;;;;;10022;8;10024;23;;;10015.0;420.0
-2;16300;ASH_COATED_OSMIUM;9998;13;9996;30;;;10014;13;10017;30;;;10006.0;462.0
-2;16300;INTARIAN_PEPPER_ROOT;10011;12;10008;22;;;10022;12;;;;;10016.5;540.0
-2;16400;ASH_COATED_OSMIUM;9996;27;;;;;10014;12;10017;27;;;10005.0;463.0
-2;16400;INTARIAN_PEPPER_ROOT;10008;21;;;;;10022;10;10024;21;;;10015.0;420.0
-2;16500;ASH_COATED_OSMIUM;9998;12;9996;26;;;10014;12;10017;26;;;10006.0;462.0
-2;16500;INTARIAN_PEPPER_ROOT;10011;10;10008;23;;;10022;10;10025;23;;;10016.5;540.0
-2;16600;ASH_COATED_OSMIUM;9996;23;;;;;10017;23;;;;;10006.5;461.5
-2;16600;INTARIAN_PEPPER_ROOT;10011;9;10009;20;;;10022;9;10025;20;;;10016.5;540.0
-2;16700;ASH_COATED_OSMIUM;9999;13;9996;24;;;10015;13;10017;24;;;10007.0;461.0
-2;16700;INTARIAN_PEPPER_ROOT;;;;;;;10022;8;;;;;10022.0;980.0
-2;16800;ASH_COATED_OSMIUM;9999;11;;;;;10015;11;10017;21;;;10007.0;461.0
-2;16800;INTARIAN_PEPPER_ROOT;10011;10;10009;18;;;10022;10;;;;;10016.5;540.0
-2;16900;ASH_COATED_OSMIUM;9996;25;;;;;10015;12;10017;25;;;10005.5;462.5
-2;16900;INTARIAN_PEPPER_ROOT;10011;10;10009;19;;;10022;10;10025;19;;;10016.5;540.0
-2;17000;ASH_COATED_OSMIUM;9996;27;;;;;10014;10;10017;27;;;10005.0;463.0
-2;17000;INTARIAN_PEPPER_ROOT;10011;9;10009;23;;;10023;9;;;;;10017.0;580.0
-2;17100;ASH_COATED_OSMIUM;9998;14;;;;;10014;14;10017;25;;;10006.0;462.0
-2;17100;INTARIAN_PEPPER_ROOT;10012;9;;;;;10023;9;10025;18;;;10017.5;620.0
-2;17200;ASH_COATED_OSMIUM;9998;14;9996;30;;;10017;30;;;;;10007.5;460.5
-2;17200;INTARIAN_PEPPER_ROOT;10012;10;10009;15;;;10023;10;10025;15;;;10017.5;620.0
-2;17300;ASH_COATED_OSMIUM;9998;12;9996;24;;;10017;24;;;;;10007.5;460.5
-2;17300;INTARIAN_PEPPER_ROOT;10012;11;10009;16;;;10023;11;10025;16;;;10017.5;620.0
-2;17400;ASH_COATED_OSMIUM;9998;10;9995;26;;;10014;10;10017;26;;;10006.0;490.0
-2;17400;INTARIAN_PEPPER_ROOT;10012;12;10009;23;;;10023;12;10025;23;;;10017.5;620.0
-2;17500;ASH_COATED_OSMIUM;9998;11;;;;;10014;11;10016;21;;;10006.0;490.0
-2;17500;INTARIAN_PEPPER_ROOT;10012;10;;;;;10026;15;;;;;10019.0;740.0
-2;17600;ASH_COATED_OSMIUM;;;;;;;10014;15;10017;29;;;10014.0;450.0
-2;17600;INTARIAN_PEPPER_ROOT;10012;8;10010;17;;;10023;8;10026;17;;;10017.5;620.0
-2;17700;ASH_COATED_OSMIUM;9998;10;9996;26;;;10017;26;;;;;10007.5;482.5
-2;17700;INTARIAN_PEPPER_ROOT;;;;;;;10023;12;10026;19;;;10023.0;1060.0
-2;17800;ASH_COATED_OSMIUM;9998;13;9996;29;;;10014;13;10017;29;;;10006.0;490.0
-2;17800;INTARIAN_PEPPER_ROOT;10012;8;10010;20;;;10023;8;10026;20;;;10017.5;620.0
-2;17900;ASH_COATED_OSMIUM;;;;;;;10014;14;10017;20;;;10014.0;450.0
-2;17900;INTARIAN_PEPPER_ROOT;10012;8;10010;16;;;10023;8;10026;16;;;10017.5;620.0
-2;18000;ASH_COATED_OSMIUM;9998;12;9996;29;;;10014;12;10017;29;;;10006.0;490.0
-2;18000;INTARIAN_PEPPER_ROOT;10012;12;10010;24;;;10026;24;;;;;10019.0;740.0
-2;18100;ASH_COATED_OSMIUM;9998;11;9996;26;;;;;;;;;9998.0;530.0
-2;18100;INTARIAN_PEPPER_ROOT;10013;10;10010;21;;;10024;10;10026;21;;;10018.5;700.0
-2;18200;ASH_COATED_OSMIUM;9999;15;9996;28;;;10015;15;;;;;10007.0;485.0
-2;18200;INTARIAN_PEPPER_ROOT;10010;24;;;;;10024;11;10026;24;;;10017.0;580.0
-2;18300;ASH_COATED_OSMIUM;9999;14;9997;27;;;10018;27;;;;;10008.5;477.5
-2;18300;INTARIAN_PEPPER_ROOT;10013;10;10010;18;;;10024;10;10026;18;;;10018.5;700.0
-2;18400;ASH_COATED_OSMIUM;9999;11;9997;20;;;10018;20;;;;;10008.5;511.5
-2;18400;INTARIAN_PEPPER_ROOT;10013;9;;;;;10024;9;10026;24;;;10018.5;700.0
-2;18500;ASH_COATED_OSMIUM;9999;15;9997;26;;;10015;15;10018;26;;;10007.0;525.0
-2;18500;INTARIAN_PEPPER_ROOT;10013;9;10010;22;;;10024;9;10027;22;;;10018.5;700.0
-2;18600;ASH_COATED_OSMIUM;9999;14;9997;30;;;10015;14;10018;30;;;10007.0;525.0
-2;18600;INTARIAN_PEPPER_ROOT;10013;8;10011;17;;;10024;8;10027;17;;;10018.5;700.0
-2;18700;ASH_COATED_OSMIUM;9999;11;9997;30;;;10015;11;10018;30;;;10007.0;525.0
-2;18700;INTARIAN_PEPPER_ROOT;10013;8;10011;20;;;10024;8;10027;20;;;10018.5;700.0
-2;18800;ASH_COATED_OSMIUM;9999;13;9996;24;;;10017;24;;;;;10008.0;516.0
-2;18800;INTARIAN_PEPPER_ROOT;10013;8;10011;25;;;10024;8;;;;;10018.5;700.0
-2;18900;ASH_COATED_OSMIUM;9999;10;9996;23;;;10015;10;10017;23;;;10007.0;525.0
-2;18900;INTARIAN_PEPPER_ROOT;10011;18;;;;;10024;11;;;;;10017.5;620.0
-2;19000;ASH_COATED_OSMIUM;9999;11;9996;23;;;10015;11;10017;23;;;10007.0;525.0
-2;19000;INTARIAN_PEPPER_ROOT;10013;12;10011;23;;;10025;12;10027;23;;;10019.0;740.0
-2;19100;ASH_COATED_OSMIUM;;;;;;;10015;11;10017;23;;;10015.0;453.0
-2;19100;INTARIAN_PEPPER_ROOT;10014;8;;;;;10027;23;;;;;10020.5;860.0
-2;19200;ASH_COATED_OSMIUM;9999;14;;;;;10015;14;10017;24;;;10007.0;525.0
-2;19200;INTARIAN_PEPPER_ROOT;10014;8;10011;16;;;10025;8;10027;16;;;10019.5;780.0
-2;19300;ASH_COATED_OSMIUM;9999;10;9997;29;;;10015;10;10018;29;;;10007.0;525.0
-2;19300;INTARIAN_PEPPER_ROOT;10014;9;10011;18;;;10025;9;10027;18;;;10019.5;780.0
-2;19400;ASH_COATED_OSMIUM;10000;13;9997;22;;;10016;13;10018;22;;;10008.0;516.0
-2;19400;INTARIAN_PEPPER_ROOT;10014;11;;;;;10027;18;;;;;10020.5;860.0
-2;19500;ASH_COATED_OSMIUM;;;;;;;10016;14;10019;29;;;10016.0;444.0
-2;19500;INTARIAN_PEPPER_ROOT;10014;11;;;;;10025;11;;;;;10019.5;780.0
-2;19600;ASH_COATED_OSMIUM;9997;21;;;;;10016;10;10018;21;;;10006.5;529.5
-2;19600;INTARIAN_PEPPER_ROOT;10014;11;10012;17;;;10025;11;10028;17;;;10019.5;780.0
-2;19700;ASH_COATED_OSMIUM;9999;15;9996;25;;;10015;15;;;;;10007.0;525.0
-2;19700;INTARIAN_PEPPER_ROOT;10014;8;10012;22;;;10025;8;;;;;10019.5;780.0
-2;19800;ASH_COATED_OSMIUM;9998;15;9995;23;;;10014;15;10016;23;;;10006.0;534.0
-2;19800;INTARIAN_PEPPER_ROOT;10014;9;10012;24;;;10028;24;;;;;10021.0;900.0
-2;19900;ASH_COATED_OSMIUM;9997;12;9995;24;;;10016;24;;;;;10006.5;529.5
-2;19900;INTARIAN_PEPPER_ROOT;10014;12;10012;25;;;10025;12;10028;25;;;10019.5;780.0
-2;20000;ASH_COATED_OSMIUM;9995;28;;;;;10013;15;;;;;10004.0;552.0
-2;20000;INTARIAN_PEPPER_ROOT;10012;20;;;;;10028;20;;;;;10020.0;820.0
-2;20100;ASH_COATED_OSMIUM;9998;15;;;;;10014;15;10017;30;;;10006.0;534.0
-2;20100;INTARIAN_PEPPER_ROOT;10015;10;10012;15;;;10026;10;10028;15;;;10020.5;860.0
-2;20200;ASH_COATED_OSMIUM;9998;12;9995;27;;;10014;12;10016;27;;;10006.0;534.0
-2;20200;INTARIAN_PEPPER_ROOT;10015;11;10012;17;;;10026;11;10028;17;;;10020.5;860.0
-2;20300;ASH_COATED_OSMIUM;9998;13;9995;24;;;10014;13;;;;;10006.0;534.0
-2;20300;INTARIAN_PEPPER_ROOT;;;;;;;10026;8;10028;20;;;10026.0;1300.0
-2;20400;ASH_COATED_OSMIUM;9998;12;9995;25;;;10016;25;;;;;10007.0;525.0
-2;20400;INTARIAN_PEPPER_ROOT;10015;12;10012;15;;;;;;;;;10015.0;420.0
-2;20500;ASH_COATED_OSMIUM;9998;10;9995;24;;;10014;10;;;;;10006.0;534.0
-2;20500;INTARIAN_PEPPER_ROOT;10015;8;10012;18;;;10026;8;10029;18;;;10020.5;860.0
-2;20600;ASH_COATED_OSMIUM;9998;10;;;;;10014;10;;;;;10006.0;534.0
-2;20600;INTARIAN_PEPPER_ROOT;10015;8;10013;24;;;10026;8;10029;24;;;10020.5;860.0
-2;20700;ASH_COATED_OSMIUM;9998;15;9996;22;;;10014;15;10017;22;;;10006.0;534.0
-2;20700;INTARIAN_PEPPER_ROOT;10015;9;10013;19;;;10029;19;;;;;10022.0;980.0
-2;20800;ASH_COATED_OSMIUM;9998;13;;;;;10014;13;10017;21;;;10006.0;534.0
-2;20800;INTARIAN_PEPPER_ROOT;10013;23;;;;;10026;12;10029;23;;;10019.5;780.0
-2;20900;ASH_COATED_OSMIUM;9998;13;9996;28;;;10014;13;10017;28;;;10006.0;534.0
-2;20900;INTARIAN_PEPPER_ROOT;10015;8;10013;16;;;10026;8;10029;16;;;10020.5;860.0
-2;21000;ASH_COATED_OSMIUM;9998;12;9996;28;;;10014;12;10017;28;;;10006.0;534.0
-2;21000;INTARIAN_PEPPER_ROOT;10015;11;10013;24;;;10029;24;;;;;10022.0;980.0
-2;21100;ASH_COATED_OSMIUM;9999;15;9996;22;;;10015;15;10017;22;;;10007.0;525.0
-2;21100;INTARIAN_PEPPER_ROOT;10016;9;10013;24;;;10027;9;10029;24;;;10021.5;940.0
-2;21200;ASH_COATED_OSMIUM;9997;27;;;;;10015;14;10018;27;;;10006.0;534.0
-2;21200;INTARIAN_PEPPER_ROOT;10016;12;10013;25;;;10027;12;10029;25;;;10021.5;940.0
-2;21300;ASH_COATED_OSMIUM;10000;15;;;;;10016;15;10018;27;;;10008.0;516.0
-2;21300;INTARIAN_PEPPER_ROOT;;;;;;;10027;9;10029;23;;;10027.0;1380.0
-2;21400;ASH_COATED_OSMIUM;9996;21;;;;;10008;2;10017;21;;;10002.0;570.0
-2;21400;INTARIAN_PEPPER_ROOT;10016;9;10013;20;;;10027;9;10029;20;;;10021.5;940.0
-2;21500;ASH_COATED_OSMIUM;9999;15;;;;;10015;15;;;;;10007.0;525.0
-2;21500;INTARIAN_PEPPER_ROOT;10016;11;10013;16;;;10027;11;10030;16;;;10021.5;940.0
-2;21600;ASH_COATED_OSMIUM;9996;23;;;;;10015;10;10017;23;;;10005.5;538.5
-2;21600;INTARIAN_PEPPER_ROOT;10016;11;10014;18;;;10027;11;10030;18;;;10021.5;940.0
-2;21700;ASH_COATED_OSMIUM;9999;13;9996;22;;;;;;;;;9999.0;597.0
-2;21700;INTARIAN_PEPPER_ROOT;10016;11;10014;18;;;10030;18;;;;;10023.0;1060.0
-2;21800;ASH_COATED_OSMIUM;9999;11;9996;25;;;10004;8;10015;11;;;10001.5;554.5
-2;21800;INTARIAN_PEPPER_ROOT;10016;9;10014;25;;;10023;6;10027;9;10030;25;10019.5;780.0
-2;21900;ASH_COATED_OSMIUM;9999;12;9996;21;;;10015;12;10017;21;;;10007.0;549.0
-2;21900;INTARIAN_PEPPER_ROOT;10016;10;10014;18;;;10030;18;;;;;10023.0;1060.0
-2;22000;ASH_COATED_OSMIUM;9998;12;9996;24;;;10014;12;10017;24;;;10006.0;550.0
-2;22000;INTARIAN_PEPPER_ROOT;10016;8;;;;;10028;8;;;;;10022.0;980.0
-2;22100;ASH_COATED_OSMIUM;9998;14;9996;25;;;10014;14;10017;25;;;10006.0;550.0
-2;22100;INTARIAN_PEPPER_ROOT;10017;10;;;;;10028;10;10030;19;;;10022.5;1020.0
-2;22200;ASH_COATED_OSMIUM;9998;15;9995;25;;;10014;15;10016;25;;;10006.0;550.0
-2;22200;INTARIAN_PEPPER_ROOT;10017;9;10014;24;;;10028;9;10030;24;;;10022.5;1020.0
-2;22300;ASH_COATED_OSMIUM;9995;27;;;;;10014;15;10016;27;;;10004.5;551.5
-2;22300;INTARIAN_PEPPER_ROOT;10017;8;10014;23;;;10028;8;10030;23;;;10022.5;1020.0
-2;22400;ASH_COATED_OSMIUM;9996;28;;;;;10014;11;10017;28;;;10005.0;551.0
-2;22400;INTARIAN_PEPPER_ROOT;10017;8;10014;17;;;10030;17;;;;;10023.5;1100.0
-2;22500;ASH_COATED_OSMIUM;9999;14;;;;;10015;14;10017;29;;;10007.0;549.0
-2;22500;INTARIAN_PEPPER_ROOT;10017;12;10014;16;;;10028;12;10031;16;;;10022.5;1020.0
-2;22600;ASH_COATED_OSMIUM;9999;13;;;;;10015;13;10018;22;;;10007.0;549.0
-2;22600;INTARIAN_PEPPER_ROOT;10017;10;10015;22;;;10019;7;10028;10;10031;22;10018.0;660.0
-2;22700;ASH_COATED_OSMIUM;9999;13;9996;27;;;10015;13;10017;27;;;10007.0;549.0
-2;22700;INTARIAN_PEPPER_ROOT;10015;15;;;;;10031;15;;;;;10023.0;1060.0
-2;22800;ASH_COATED_OSMIUM;9998;10;9996;20;;;;;;;;;9998.0;558.0
-2;22800;INTARIAN_PEPPER_ROOT;;;;;;;10028;11;10031;23;;;10028.0;1460.0
-2;22900;ASH_COATED_OSMIUM;9998;13;;;;;10014;13;10017;21;;;10006.0;550.0
-2;22900;INTARIAN_PEPPER_ROOT;10015;18;;;;;10028;8;10031;18;;;10021.5;940.0
-2;23000;ASH_COATED_OSMIUM;10004;5;9998;13;;;10014;13;10017;24;;;10009.0;547.0
-2;23000;INTARIAN_PEPPER_ROOT;10017;12;10015;24;;;10031;24;;;;;10024.0;1140.0
-2;23100;ASH_COATED_OSMIUM;9995;21;;;;;;;;;;;9995.0;561.0
-2;23100;INTARIAN_PEPPER_ROOT;10015;23;;;;;10029;8;10031;23;;;10022.0;980.0
-2;23200;ASH_COATED_OSMIUM;9998;13;9995;28;;;10014;13;10016;28;;;10006.0;550.0
-2;23200;INTARIAN_PEPPER_ROOT;10018;10;10015;25;;;10029;10;10031;25;;;10023.5;1100.0
-2;23300;ASH_COATED_OSMIUM;9998;15;9995;20;;;;;;;;;9998.0;558.0
-2;23300;INTARIAN_PEPPER_ROOT;10018;12;10015;19;;;10029;12;10031;19;;;10023.5;1100.0
-2;23400;ASH_COATED_OSMIUM;9998;10;9995;21;;;10014;10;10016;21;;;10006.0;550.0
-2;23400;INTARIAN_PEPPER_ROOT;10018;8;;;;;10031;25;;;;;10024.5;1180.0
-2;23500;ASH_COATED_OSMIUM;9998;14;;;;;10014;14;10016;22;;;10006.0;550.0
-2;23500;INTARIAN_PEPPER_ROOT;10018;9;;;;;10029;9;;;;;10023.5;1100.0
-2;23600;ASH_COATED_OSMIUM;9995;22;;;;;10014;14;10016;22;;;10004.5;551.5
-2;23600;INTARIAN_PEPPER_ROOT;10018;8;10016;20;;;10029;8;10032;20;;;10023.5;1100.0
-2;23700;ASH_COATED_OSMIUM;9997;14;9995;26;;;10013;14;10016;26;;;10005.0;551.0
-2;23700;INTARIAN_PEPPER_ROOT;10018;11;;;;;10032;22;;;;;10025.0;1220.0
-2;23800;ASH_COATED_OSMIUM;9997;12;9995;27;;;10003;7;10013;12;10016;27;10000.0;535.0
-2;23800;INTARIAN_PEPPER_ROOT;10018;10;10016;18;;;10029;10;10032;18;;;10023.5;1100.0
-2;23900;ASH_COATED_OSMIUM;9997;14;9994;23;;;10013;14;10015;23;;;10005.0;565.0
-2;23900;INTARIAN_PEPPER_ROOT;10018;10;10016;24;;;;;;;;;10018.0;660.0
-2;24000;ASH_COATED_OSMIUM;9997;14;9994;24;;;10013;14;10015;24;;;10005.0;607.0
-2;24000;INTARIAN_PEPPER_ROOT;10016;19;;;;;;;;;;;10016.0;500.0
-2;24100;ASH_COATED_OSMIUM;9997;13;9994;29;;;10013;13;10015;29;;;10005.0;607.0
-2;24100;INTARIAN_PEPPER_ROOT;10019;10;10016;16;;;10032;16;;;;;10025.5;1260.0
-2;24200;ASH_COATED_OSMIUM;9994;30;;;;;10013;12;;;;;10003.5;607.0
-2;24200;INTARIAN_PEPPER_ROOT;10019;9;10016;20;;;10030;9;;;;;10024.5;1180.0
-2;24300;ASH_COATED_OSMIUM;9997;15;9994;29;;;10013;15;10015;29;;;10005.0;607.0
-2;24300;INTARIAN_PEPPER_ROOT;10019;8;10016;24;;;10030;8;10032;24;;;10024.5;1180.0
-2;24400;ASH_COATED_OSMIUM;9996;14;9994;28;;;10012;14;10015;28;;;10004.0;607.0
-2;24400;INTARIAN_PEPPER_ROOT;10019;11;10016;19;;;10030;11;10032;19;;;10024.5;1180.0
-2;24500;ASH_COATED_OSMIUM;9996;15;9994;20;;;10012;15;10015;20;;;10004.0;607.0
-2;24500;INTARIAN_PEPPER_ROOT;10019;8;10016;22;;;10030;8;10033;22;;;10024.5;1180.0
-2;24600;ASH_COATED_OSMIUM;9996;10;9994;28;;;10012;10;10015;28;;;10004.0;607.0
-2;24600;INTARIAN_PEPPER_ROOT;10019;9;10017;22;;;10030;9;10033;22;;;10024.5;1180.0
-2;24700;ASH_COATED_OSMIUM;9997;10;9994;27;;;10013;10;;;;;10005.0;607.0
-2;24700;INTARIAN_PEPPER_ROOT;10019;8;10017;21;;;;;;;;;10019.0;740.0
-2;24800;ASH_COATED_OSMIUM;9997;14;9994;21;;;10013;14;10015;21;;;10005.0;607.0
-2;24800;INTARIAN_PEPPER_ROOT;10019;8;10017;19;;;10030;8;;;;;10024.5;1180.0
-2;24900;ASH_COATED_OSMIUM;10006;4;9997;11;;;10013;11;10015;26;;;10009.5;593.0
-2;24900;INTARIAN_PEPPER_ROOT;10017;15;;;;;10030;11;10033;15;;;10023.5;1100.0
-2;25000;ASH_COATED_OSMIUM;9997;15;;;;;10013;15;10015;22;;;10005.0;611.0
-2;25000;INTARIAN_PEPPER_ROOT;;;;;;;10027;8;10031;12;;;10027.0;1380.0
-2;25100;ASH_COATED_OSMIUM;9997;14;9994;24;;;10015;24;;;;;10006.0;607.0
-2;25100;INTARIAN_PEPPER_ROOT;10020;11;10017;23;;;10031;11;10033;23;;;10025.5;1260.0
-2;25200;ASH_COATED_OSMIUM;9997;13;;;;;10013;13;10015;25;;;10005.0;611.0
-2;25200;INTARIAN_PEPPER_ROOT;10020;12;10017;18;;;10031;12;;;;;10025.5;1260.0
-2;25300;ASH_COATED_OSMIUM;9996;14;9994;23;;;10015;23;;;;;10005.5;609.0
-2;25300;INTARIAN_PEPPER_ROOT;10020;10;10017;22;;;10031;10;10033;22;;;10025.5;1260.0
-2;25400;ASH_COATED_OSMIUM;9996;10;9994;22;;;10012;10;10015;22;;;10004.0;615.0
-2;25400;INTARIAN_PEPPER_ROOT;;;;;;;10031;8;10033;19;;;10031.0;1700.0
-2;25500;ASH_COATED_OSMIUM;9996;15;9994;29;;;10012;15;10015;29;;;10004.0;615.0
-2;25500;INTARIAN_PEPPER_ROOT;10020;12;10017;19;;;10031;12;10034;19;;;10025.5;1260.0
-2;25600;ASH_COATED_OSMIUM;9997;15;9994;29;;;10013;15;10015;29;;;10005.0;611.0
-2;25600;INTARIAN_PEPPER_ROOT;10020;11;10018;17;;;10031;11;10034;17;;;10025.5;1260.0
-2;25700;ASH_COATED_OSMIUM;9997;13;;;;;10013;13;10015;28;;;10005.0;611.0
-2;25700;INTARIAN_PEPPER_ROOT;10020;9;10018;18;;;10031;9;10034;18;;;10025.5;1260.0
-2;25800;ASH_COATED_OSMIUM;9997;11;9994;23;;;10013;11;10015;23;;;10005.0;611.0
-2;25800;INTARIAN_PEPPER_ROOT;10018;23;;;;;10031;9;10034;23;;;10024.5;1180.0
-2;25900;ASH_COATED_OSMIUM;9997;11;9994;24;;;10013;11;;;;;10005.0;611.0
-2;25900;INTARIAN_PEPPER_ROOT;10020;12;10018;22;;;10031;12;10034;22;;;10025.5;1260.0
-2;26000;ASH_COATED_OSMIUM;;;;;;;10012;11;10015;24;;;10012.0;583.0
-2;26000;INTARIAN_PEPPER_ROOT;10020;9;10018;18;;;10032;9;10034;18;;;10026.0;1300.0
-2;26100;ASH_COATED_OSMIUM;9996;12;9994;21;;;10012;12;10015;21;;;10004.0;615.0
-2;26100;INTARIAN_PEPPER_ROOT;10021;9;10018;25;;;10032;9;10034;25;;;10026.5;1340.0
-2;26200;ASH_COATED_OSMIUM;9996;12;9993;30;;;10012;12;10014;30;;;10004.0;615.0
-2;26200;INTARIAN_PEPPER_ROOT;10018;19;;;;;10032;8;10034;19;;;10025.0;1220.0
-2;26300;ASH_COATED_OSMIUM;9996;13;9993;28;;;10012;13;10014;28;;;10004.0;615.0
-2;26300;INTARIAN_PEPPER_ROOT;10021;12;10018;25;;;10032;12;;;;;10026.5;1340.0
-2;26400;ASH_COATED_OSMIUM;9996;14;;;;;10012;14;10015;24;;;10004.0;615.0
-2;26400;INTARIAN_PEPPER_ROOT;10021;10;10018;15;;;10032;10;10034;15;;;10026.5;1340.0
-2;26500;ASH_COATED_OSMIUM;9996;13;9993;25;;;10012;13;10014;25;;;10004.0;615.0
-2;26500;INTARIAN_PEPPER_ROOT;10021;12;10018;18;;;10032;12;10035;18;;;10026.5;1340.0
-2;26600;ASH_COATED_OSMIUM;9996;15;9994;22;;;10012;15;;;;;10004.0;615.0
-2;26600;INTARIAN_PEPPER_ROOT;10021;12;10019;18;;;10032;12;;;;;10026.5;1340.0
-2;26700;ASH_COATED_OSMIUM;9994;22;;;;;10012;11;10015;22;;;10003.0;619.0
-2;26700;INTARIAN_PEPPER_ROOT;10021;10;;;;;10032;10;10035;21;;;10026.5;1340.0
-2;26800;ASH_COATED_OSMIUM;9996;12;9994;22;;;10012;12;10015;22;;;10004.0;615.0
-2;26800;INTARIAN_PEPPER_ROOT;10021;8;10019;25;;;10035;25;;;;;10028.0;1460.0
-2;26900;ASH_COATED_OSMIUM;9996;14;9993;26;;;;;;;;;9996.0;647.0
-2;26900;INTARIAN_PEPPER_ROOT;10019;24;;;;;10032;9;10035;24;;;10025.5;1260.0
-2;27000;ASH_COATED_OSMIUM;9996;10;9993;21;;;10012;10;10014;21;;;10004.0;615.0
-2;27000;INTARIAN_PEPPER_ROOT;10021;10;10019;18;;;10035;18;;;;;10028.0;1460.0
-2;27100;ASH_COATED_OSMIUM;;;;;;;10015;30;;;;;10015.0;571.0
-2;27100;INTARIAN_PEPPER_ROOT;10022;8;10019;17;;;10035;17;;;;;10028.5;1500.0
-2;27200;ASH_COATED_OSMIUM;9994;28;;;;;10015;28;;;;;10004.5;613.0
-2;27200;INTARIAN_PEPPER_ROOT;10022;9;;;;;;;;;;;10022.0;980.0
-2;27300;ASH_COATED_OSMIUM;9996;15;9994;30;;;10012;15;10015;30;;;10004.0;615.0
-2;27300;INTARIAN_PEPPER_ROOT;10022;10;10019;21;;;;;;;;;10022.0;980.0
-2;27400;ASH_COATED_OSMIUM;9994;23;;;;;10012;15;10015;23;;;10003.0;619.0
-2;27400;INTARIAN_PEPPER_ROOT;10022;10;10019;24;;;10035;24;;;;;10028.5;1500.0
-2;27500;ASH_COATED_OSMIUM;9996;12;9993;26;;;10012;12;10014;26;;;10004.0;615.0
-2;27500;INTARIAN_PEPPER_ROOT;10019;15;;;;;10033;11;10036;15;;;10026.0;1300.0
-2;27600;ASH_COATED_OSMIUM;9996;15;9993;29;;;10012;15;10014;29;;;10004.0;615.0
-2;27600;INTARIAN_PEPPER_ROOT;10022;12;10020;19;;;10033;12;;;;;10027.5;1420.0
-2;27700;ASH_COATED_OSMIUM;9996;13;9993;27;;;10012;13;10014;27;;;10004.0;615.0
-2;27700;INTARIAN_PEPPER_ROOT;10022;12;10020;21;;;10033;12;10036;21;;;10027.5;1420.0
-2;27800;ASH_COATED_OSMIUM;9995;13;;;;;10011;13;10014;23;;;10003.0;619.0
-2;27800;INTARIAN_PEPPER_ROOT;10022;9;10020;17;;;10033;9;10036;17;;;10027.5;1420.0
-2;27900;ASH_COATED_OSMIUM;9995;12;9992;22;;;10011;12;10013;22;;;10003.0;619.0
-2;27900;INTARIAN_PEPPER_ROOT;10022;11;10020;15;;;10033;11;;;;;10027.5;1420.0
-2;28000;ASH_COATED_OSMIUM;9995;10;9992;29;;;10013;29;;;;;10004.0;615.0
-2;28000;INTARIAN_PEPPER_ROOT;10022;11;;;;;10034;11;10036;16;;;10028.0;1460.0
-2;28100;ASH_COATED_OSMIUM;9995;15;;;;;;;;;;;9995.0;651.0
-2;28100;INTARIAN_PEPPER_ROOT;10023;12;10020;22;;;10036;22;;;;;10029.5;1580.0
-2;28200;ASH_COATED_OSMIUM;9996;12;9993;23;;;;;;;;;9996.0;647.0
-2;28200;INTARIAN_PEPPER_ROOT;10020;21;;;;;10034;12;10036;21;;;10027.0;1380.0
-2;28300;ASH_COATED_OSMIUM;9995;14;9993;27;;;10011;14;10014;27;;;10003.0;619.0
-2;28300;INTARIAN_PEPPER_ROOT;10023;10;;;;;10034;10;10036;21;;;10028.5;1500.0
-2;28400;ASH_COATED_OSMIUM;10001;2;9995;11;9993;23;10011;11;10014;23;;;10006.0;607.0
-2;28400;INTARIAN_PEPPER_ROOT;10023;10;10020;17;;;;;;;;;10023.0;1060.0
-2;28500;ASH_COATED_OSMIUM;9995;15;9993;25;;;10014;25;;;;;10004.5;613.0
-2;28500;INTARIAN_PEPPER_ROOT;10023;10;10020;22;;;10034;10;10037;22;;;10028.5;1500.0
-2;28600;ASH_COATED_OSMIUM;;;;;;;10011;10;10013;24;;;10011.0;587.0
-2;28600;INTARIAN_PEPPER_ROOT;10023;8;;;;;10034;8;10037;24;;;10028.5;1500.0
-2;28700;ASH_COATED_OSMIUM;10000;4;9995;10;;;10011;10;10013;30;;;10005.5;618.0
-2;28700;INTARIAN_PEPPER_ROOT;10023;12;10021;23;;;10034;12;10037;23;;;10028.5;1500.0
-2;28800;ASH_COATED_OSMIUM;9995;12;9993;27;;;10011;12;10014;27;;;10003.0;703.0
-2;28800;INTARIAN_PEPPER_ROOT;10021;24;;;;;10034;9;10037;24;;;10027.5;1420.0
-2;28900;ASH_COATED_OSMIUM;9995;10;9993;22;;;10011;10;10014;22;;;10003.0;703.0
-2;28900;INTARIAN_PEPPER_ROOT;;;;;;;10034;11;10037;23;;;10034.0;1940.0
-2;29000;ASH_COATED_OSMIUM;9995;12;9992;24;;;;;;;;;9995.0;831.0
-2;29000;INTARIAN_PEPPER_ROOT;10023;8;10021;17;;;10037;17;;;;;10030.0;1620.0
-2;29100;ASH_COATED_OSMIUM;9992;21;;;;;10013;21;;;;;10002.5;711.0
-2;29100;INTARIAN_PEPPER_ROOT;10024;12;10021;16;;;10035;12;10037;16;;;10029.5;1580.0
-2;29200;ASH_COATED_OSMIUM;9995;10;9992;30;;;10011;10;10013;30;;;10003.0;703.0
-2;29200;INTARIAN_PEPPER_ROOT;10024;8;10021;23;;;10035;8;;;;;10029.5;1580.0
-2;29300;ASH_COATED_OSMIUM;9992;23;;;;;10013;23;;;;;10002.5;711.0
-2;29300;INTARIAN_PEPPER_ROOT;10021;23;;;;;10035;10;10037;23;;;10028.0;1460.0
-2;29400;ASH_COATED_OSMIUM;9995;12;;;;;10011;12;;;;;10003.0;703.0
-2;29400;INTARIAN_PEPPER_ROOT;10024;9;10021;22;;;10035;9;10037;22;;;10029.5;1580.0
-2;29500;ASH_COATED_OSMIUM;9995;14;;;;;;;;;;;9995.0;831.0
-2;29500;INTARIAN_PEPPER_ROOT;10024;8;10021;19;;;10035;8;10038;19;;;10029.5;1580.0
-2;29600;ASH_COATED_OSMIUM;9995;12;;;;;10011;12;10013;22;;;10003.0;703.0
-2;29600;INTARIAN_PEPPER_ROOT;10024;9;10022;24;;;10035;9;10038;24;;;10029.5;1580.0
-2;29700;ASH_COATED_OSMIUM;9995;13;9992;29;;;;;;;;;9995.0;831.0
-2;29700;INTARIAN_PEPPER_ROOT;10024;8;10022;17;;;10035;8;10038;17;;;10029.5;1580.0
-2;29800;ASH_COATED_OSMIUM;9992;20;;;;;10010;13;10013;20;;;10001.0;735.0
-2;29800;INTARIAN_PEPPER_ROOT;10024;10;10022;22;;;10035;10;10038;22;;;10029.5;1580.0
-2;29900;ASH_COATED_OSMIUM;9995;15;;;;;10013;27;;;;;10004.0;687.0
-2;29900;INTARIAN_PEPPER_ROOT;10024;9;;;;;10035;9;10038;21;;;10029.5;1580.0
-2;30000;ASH_COATED_OSMIUM;9995;11;;;;;10011;11;10014;27;;;10003.0;703.0
-2;30000;INTARIAN_PEPPER_ROOT;10022;24;;;;;10038;24;;;;;10030.0;1620.0
-2;30100;ASH_COATED_OSMIUM;9995;10;;;;;10011;10;10014;21;;;10003.0;703.0
-2;30100;INTARIAN_PEPPER_ROOT;10025;10;;;;;10038;22;;;;;10031.5;1740.0
-2;30200;ASH_COATED_OSMIUM;9996;12;;;;;10012;12;10014;27;;;10004.0;687.0
-2;30200;INTARIAN_PEPPER_ROOT;;;;;;;10036;12;;;;;10036.0;2100.0
-2;30300;ASH_COATED_OSMIUM;9995;11;9993;28;;;10011;11;10014;28;;;10003.0;703.0
-2;30300;INTARIAN_PEPPER_ROOT;10025;10;10022;19;;;10036;10;10038;19;;;10030.5;1660.0
-2;30400;ASH_COATED_OSMIUM;9995;15;;;;;10011;15;10014;29;;;10003.0;703.0
-2;30400;INTARIAN_PEPPER_ROOT;10022;19;;;;;10036;8;10038;19;;;10029.0;1540.0
-2;30500;ASH_COATED_OSMIUM;9995;10;;;;;10011;10;10014;20;;;10003.0;703.0
-2;30500;INTARIAN_PEPPER_ROOT;;;;;;;10032;8;10036;9;10039;18;10032.0;1780.0
-2;30600;ASH_COATED_OSMIUM;9995;12;9993;29;;;10011;12;10014;29;;;10003.0;703.0
-2;30600;INTARIAN_PEPPER_ROOT;10025;9;10023;21;;;10036;9;10039;21;;;10030.5;1660.0
-2;30700;ASH_COATED_OSMIUM;9996;11;;;;;10012;11;10014;24;;;10004.0;729.0
-2;30700;INTARIAN_PEPPER_ROOT;10023;21;;;;;10036;10;10039;21;;;10029.5;1580.0
-2;30800;ASH_COATED_OSMIUM;9995;14;;;;;10011;14;10014;29;;;10003.0;751.0
-2;30800;INTARIAN_PEPPER_ROOT;10025;11;10023;23;;;10039;23;;;;;10032.0;1780.0
-2;30900;ASH_COATED_OSMIUM;9995;14;9993;29;;;10011;14;10014;29;;;10003.0;751.0
-2;30900;INTARIAN_PEPPER_ROOT;;;;;;;10036;10;10039;16;;;10036.0;2100.0
-2;31000;ASH_COATED_OSMIUM;;;;;;;10014;28;;;;;10014.0;509.0
-2;31000;INTARIAN_PEPPER_ROOT;10025;10;10023;22;;;10037;10;;;;;10031.0;1700.0
-2;31100;ASH_COATED_OSMIUM;;;;;;;10011;15;10014;25;;;10011.0;575.0
-2;31100;INTARIAN_PEPPER_ROOT;10026;9;;;;;;;;;;;10026.0;1300.0
-2;31200;ASH_COATED_OSMIUM;9995;11;9992;24;;;10013;24;;;;;10004.0;729.0
-2;31200;INTARIAN_PEPPER_ROOT;10026;9;10023;23;;;;;;;;;10026.0;1300.0
-2;31300;ASH_COATED_OSMIUM;9995;13;9992;22;;;10011;13;10013;22;;;10003.0;751.0
-2;31300;INTARIAN_PEPPER_ROOT;;;;;;;10037;10;;;;;10037.0;2180.0
-2;31400;ASH_COATED_OSMIUM;9995;10;9993;24;;;10011;10;;;;;10003.0;751.0
-2;31400;INTARIAN_PEPPER_ROOT;10026;9;10023;21;;;10037;9;10039;21;;;10031.5;1740.0
-2;31500;ASH_COATED_OSMIUM;9996;13;;;;;10012;13;10014;30;;;10004.0;729.0
-2;31500;INTARIAN_PEPPER_ROOT;10026;8;;;;;10037;8;10040;21;;;10031.5;1740.0
-2;31600;ASH_COATED_OSMIUM;9996;14;9993;22;;;10014;22;;;;;10005.0;707.0
-2;31600;INTARIAN_PEPPER_ROOT;10026;8;10024;23;;;10037;8;;;;;10031.5;1740.0
-2;31700;ASH_COATED_OSMIUM;9995;14;9993;25;;;10011;14;10014;25;;;10003.0;751.0
-2;31700;INTARIAN_PEPPER_ROOT;10026;11;10024;23;;;10037;11;10040;23;;;10031.5;1740.0
-2;31800;ASH_COATED_OSMIUM;9995;12;9993;23;;;10011;12;10014;23;;;10003.0;751.0
-2;31800;INTARIAN_PEPPER_ROOT;10026;11;;;;;10037;11;10040;15;;;10031.5;1740.0
-2;31900;ASH_COATED_OSMIUM;9996;14;9993;29;;;10012;14;10014;29;;;10004.0;729.0
-2;31900;INTARIAN_PEPPER_ROOT;10026;10;10024;20;;;10037;10;;;;;10031.5;1740.0
-2;32000;ASH_COATED_OSMIUM;9995;10;9993;22;;;10011;10;10014;22;;;10003.0;751.0
-2;32000;INTARIAN_PEPPER_ROOT;10026;11;10024;17;;;10038;11;10040;17;;;10032.0;1780.0
-2;32100;ASH_COATED_OSMIUM;10005;10;9993;22;;;10011;11;10014;22;;;10008.0;611.0
-2;32100;INTARIAN_PEPPER_ROOT;10027;11;;;;;10038;11;;;;;10032.5;1820.0
-2;32200;ASH_COATED_OSMIUM;9996;10;9993;30;;;10012;10;10014;30;;;10004.0;739.0
-2;32200;INTARIAN_PEPPER_ROOT;10027;12;10024;20;;;10038;12;10040;20;;;10032.5;1820.0
-2;32300;ASH_COATED_OSMIUM;9996;14;9993;20;;;10012;14;10014;20;;;10004.0;739.0
-2;32300;INTARIAN_PEPPER_ROOT;10027;10;10024;19;;;10040;19;;;;;10033.5;1900.0
-2;32400;ASH_COATED_OSMIUM;10005;10;9996;10;9993;30;10012;10;;;;;10008.5;560.0
-2;32400;INTARIAN_PEPPER_ROOT;;;;;;;10038;9;;;;;10038.0;2260.0
-2;32500;ASH_COATED_OSMIUM;9996;13;9993;20;;;10012;13;10014;20;;;10004.0;749.0
-2;32500;INTARIAN_PEPPER_ROOT;10027;12;10024;20;;;10038;12;;;;;10032.5;1820.0
-2;32600;ASH_COATED_OSMIUM;9996;15;9994;21;;;10015;21;;;;;10005.5;686.0
-2;32600;INTARIAN_PEPPER_ROOT;10027;9;;;;;10038;9;10041;17;;;10032.5;1820.0
-2;32700;ASH_COATED_OSMIUM;9997;10;;;;;;;;;;;9997.0;1043.0
-2;32700;INTARIAN_PEPPER_ROOT;10027;8;10025;24;;;10038;8;10041;24;;;10032.5;1820.0
-2;32800;ASH_COATED_OSMIUM;9997;14;9994;24;;;10013;14;10015;24;;;10005.0;707.0
-2;32800;INTARIAN_PEPPER_ROOT;10027;12;10025;24;;;10038;12;10041;24;;;10032.5;1820.0
-2;32900;ASH_COATED_OSMIUM;9994;30;;;;;10015;30;;;;;10004.5;728.0
-2;32900;INTARIAN_PEPPER_ROOT;10027;8;10025;16;;;10041;16;;;;;10034.0;1940.0
-2;33000;ASH_COATED_OSMIUM;9997;13;;;;;10013;13;10015;26;;;10005.0;770.0
-2;33000;INTARIAN_PEPPER_ROOT;10027;12;10025;25;;;10039;12;;;;;10033.0;1860.0
-2;33100;ASH_COATED_OSMIUM;9995;27;;;;;10016;27;;;;;10005.5;744.5
-2;33100;INTARIAN_PEPPER_ROOT;10028;9;10025;18;;;10039;9;10041;18;;;10033.5;1900.0
-2;33200;ASH_COATED_OSMIUM;9997;13;9995;20;;;10013;13;10016;20;;;10005.0;770.0
-2;33200;INTARIAN_PEPPER_ROOT;10028;9;10025;23;;;10039;9;10041;23;;;10033.5;1900.0
-2;33300;ASH_COATED_OSMIUM;10003;2;9995;24;;;10013;10;10016;24;;;10008.0;617.0
-2;33300;INTARIAN_PEPPER_ROOT;10025;21;;;;;10039;10;10041;21;;;10032.0;1780.0
-2;33400;ASH_COATED_OSMIUM;10003;2;9997;13;9995;28;10013;13;10016;28;;;10008.0;617.0
-2;33400;INTARIAN_PEPPER_ROOT;10028;11;10025;20;;;10039;11;10041;20;;;10033.5;1900.0
-2;33500;ASH_COATED_OSMIUM;9994;26;;;;;10013;15;;;;;10003.5;846.5
-2;33500;INTARIAN_PEPPER_ROOT;10028;9;;;;;10039;9;10042;19;;;10033.5;1900.0
-2;33600;ASH_COATED_OSMIUM;9996;11;;;;;10012;11;10015;26;;;10004.0;821.0
-2;33600;INTARIAN_PEPPER_ROOT;10028;9;10026;22;;;10039;9;10042;22;;;10033.5;1900.0
-2;33700;ASH_COATED_OSMIUM;9996;13;;;;;10012;13;;;;;10004.0;821.0
-2;33700;INTARIAN_PEPPER_ROOT;10028;10;10026;16;;;10035;5;10039;10;10042;16;10031.5;1740.0
-2;33800;ASH_COATED_OSMIUM;;;;;;;;;;;;;0.0;511025.0
-2;33800;INTARIAN_PEPPER_ROOT;10028;11;;;;;10039;11;10042;17;;;10033.5;1900.0
-2;33900;ASH_COATED_OSMIUM;9997;15;9994;21;;;10013;15;10015;21;;;10005.0;770.0
-2;33900;INTARIAN_PEPPER_ROOT;10026;17;;;;;;;;;;;10026.0;1300.0
-2;34000;ASH_COATED_OSMIUM;9996;15;9994;26;;;10012;15;10015;26;;;10004.0;821.0
-2;34000;INTARIAN_PEPPER_ROOT;10028;8;10026;21;;;10040;8;;;;;10034.0;1940.0
-2;34100;ASH_COATED_OSMIUM;9996;10;9994;23;;;10012;10;10015;23;;;10004.0;821.0
-2;34100;INTARIAN_PEPPER_ROOT;10029;12;10026;19;;;;;;;;;10029.0;1540.0
-2;34200;ASH_COATED_OSMIUM;9994;21;;;;;10012;10;10015;21;;;10003.0;872.0
-2;34200;INTARIAN_PEPPER_ROOT;10029;12;10026;16;;;10040;12;10042;16;;;10034.5;1980.0
-2;34300;ASH_COATED_OSMIUM;9996;11;;;;;10012;11;10015;27;;;10004.0;821.0
-2;34300;INTARIAN_PEPPER_ROOT;;;;;;;10040;12;10042;18;;;10040.0;2420.0
-2;34400;ASH_COATED_OSMIUM;9996;15;9994;29;;;10012;15;;;;;10004.0;821.0
-2;34400;INTARIAN_PEPPER_ROOT;10029;10;10026;20;;;10042;20;;;;;10035.5;2060.0
-2;34500;ASH_COATED_OSMIUM;9996;14;9994;23;;;10015;23;;;;;10005.5;744.5
-2;34500;INTARIAN_PEPPER_ROOT;10026;21;;;;;10040;12;10043;21;;;10033.0;1860.0
-2;34600;ASH_COATED_OSMIUM;9997;10;9994;28;;;10013;10;;;;;10005.0;770.0
-2;34600;INTARIAN_PEPPER_ROOT;10029;10;10027;15;;;10043;15;;;;;10036.0;2100.0
-2;34700;ASH_COATED_OSMIUM;9996;15;9994;29;;;10015;29;;;;;10005.5;744.5
-2;34700;INTARIAN_PEPPER_ROOT;10027;16;;;;;10040;10;10043;16;;;10033.5;1900.0
-2;34800;ASH_COATED_OSMIUM;9994;23;;;;;10012;13;10015;23;;;10003.0;872.0
-2;34800;INTARIAN_PEPPER_ROOT;10029;11;10027;15;;;10040;11;10043;15;;;10034.5;1980.0
-2;34900;ASH_COATED_OSMIUM;9994;26;;;;;10015;26;;;;;10004.5;795.5
-2;34900;INTARIAN_PEPPER_ROOT;10027;19;;;;;10040;11;;;;;10033.5;1900.0
-2;35000;ASH_COATED_OSMIUM;9997;12;9995;21;;;10013;12;10016;21;;;10005.0;770.0
-2;35000;INTARIAN_PEPPER_ROOT;10029;11;;;;;10041;11;10043;18;;;10035.0;2020.0
-2;35100;ASH_COATED_OSMIUM;9997;10;9995;22;;;10013;10;10016;22;;;10005.0;770.0
-2;35100;INTARIAN_PEPPER_ROOT;10030;10;10027;17;;;10032;6;10037;5;10041;10;10031.0;1700.0
-2;35200;ASH_COATED_OSMIUM;9997;13;;;;;10013;13;10015;26;;;10005.0;770.0
-2;35200;INTARIAN_PEPPER_ROOT;10030;11;10027;20;;;10032;5;10043;20;;;10031.0;1700.0
-2;35300;ASH_COATED_OSMIUM;9997;15;9995;21;;;10013;15;10016;21;;;10005.0;770.0
-2;35300;INTARIAN_PEPPER_ROOT;10027;25;;;;;10043;25;;;;;10035.0;2020.0
-2;35400;ASH_COATED_OSMIUM;9997;10;9995;22;;;10013;10;10016;22;;;10005.0;770.0
-2;35400;INTARIAN_PEPPER_ROOT;10030;11;10027;16;;;10041;11;;;;;10035.5;2060.0
-2;35500;ASH_COATED_OSMIUM;9994;22;;;;;;;;;;;9994.0;1331.0
-2;35500;INTARIAN_PEPPER_ROOT;10027;23;;;;;10041;8;;;;;10034.0;1940.0
-2;35600;ASH_COATED_OSMIUM;9997;10;;;;;10006;3;10013;10;10015;27;10001.5;948.5
-2;35600;INTARIAN_PEPPER_ROOT;;;;;;;10041;9;;;;;10041.0;2500.0
-2;35700;ASH_COATED_OSMIUM;9997;15;9995;24;;;10013;15;10016;24;;;10005.0;770.0
-2;35700;INTARIAN_PEPPER_ROOT;10030;9;10028;22;;;10044;22;;;;;10037.0;2180.0
-2;35800;ASH_COATED_OSMIUM;9994;26;;;;;10013;10;10015;26;;;10003.5;846.5
-2;35800;INTARIAN_PEPPER_ROOT;10028;17;;;;;10041;8;;;;;10034.5;1980.0
-2;35900;ASH_COATED_OSMIUM;9997;11;;;;;10013;11;10015;22;;;10005.0;770.0
-2;35900;INTARIAN_PEPPER_ROOT;10030;10;10028;22;;;10044;22;;;;;10037.0;2180.0
-2;36000;ASH_COATED_OSMIUM;10006;10;;;;;10013;12;10015;28;;;10009.5;505.5
-2;36000;INTARIAN_PEPPER_ROOT;10030;8;10028;19;;;10042;8;;;;;10036.0;2100.0
-2;36100;ASH_COATED_OSMIUM;9997;15;;;;;10013;15;10015;29;;;10005.0;780.0
-2;36100;INTARIAN_PEPPER_ROOT;10031;8;10028;22;;;10042;8;;;;;10036.5;2140.0
-2;36200;ASH_COATED_OSMIUM;9997;15;9994;28;;;10016;28;;;;;10006.5;688.5
-2;36200;INTARIAN_PEPPER_ROOT;10031;10;10028;18;;;10042;10;10044;18;;;10036.5;2140.0
-2;36300;ASH_COATED_OSMIUM;9997;10;;;;;10013;10;10015;25;;;10005.0;780.0
-2;36300;INTARIAN_PEPPER_ROOT;10031;8;10028;22;;;10042;8;10044;22;;;10036.5;2140.0
-2;36400;ASH_COATED_OSMIUM;9994;30;;;;;10013;12;;;;;10003.5;871.5
-2;36400;INTARIAN_PEPPER_ROOT;10031;9;10028;20;;;10042;9;10044;20;;;10036.5;2140.0
-2;36500;ASH_COATED_OSMIUM;9994;24;;;;;10013;12;;;;;10003.5;871.5
-2;36500;INTARIAN_PEPPER_ROOT;10031;11;10028;20;;;10042;11;10045;20;;;10036.5;2140.0
-2;36600;ASH_COATED_OSMIUM;9997;15;9994;29;;;10015;29;;;;;10006.0;767.0
-2;36600;INTARIAN_PEPPER_ROOT;10031;9;10029;15;;;10042;9;;;;;10036.5;2140.0
-2;36700;ASH_COATED_OSMIUM;9996;14;9994;30;;;10012;14;10015;30;;;10004.0;947.0
-2;36700;INTARIAN_PEPPER_ROOT;10029;25;;;;;10042;11;10045;25;;;10035.5;2060.0
-2;36800;ASH_COATED_OSMIUM;9994;22;;;;;10012;14;10015;22;;;10003.0;1012.0
-2;36800;INTARIAN_PEPPER_ROOT;10031;11;10029;16;;;10042;11;10045;16;;;10036.5;2140.0
-2;36900;ASH_COATED_OSMIUM;9996;15;9994;22;;;10012;15;10015;22;;;10004.0;947.0
-2;36900;INTARIAN_PEPPER_ROOT;10031;12;10029;16;;;10042;12;;;;;10036.5;2140.0
-2;37000;ASH_COATED_OSMIUM;9996;12;9994;26;;;10012;12;10015;26;;;10004.0;947.0
-2;37000;INTARIAN_PEPPER_ROOT;10031;8;10029;20;;;10043;8;;;;;10037.0;2180.0
-2;37100;ASH_COATED_OSMIUM;9994;20;;;;;10012;14;10015;20;;;10003.0;1012.0
-2;37100;INTARIAN_PEPPER_ROOT;10029;23;;;;;10043;10;10045;23;;;10036.0;2100.0
-2;37200;ASH_COATED_OSMIUM;9996;15;9994;27;;;10012;15;;;;;10004.0;947.0
-2;37200;INTARIAN_PEPPER_ROOT;10029;16;;;;;10043;10;;;;;10036.0;2100.0
-2;37300;ASH_COATED_OSMIUM;9996;12;9994;21;;;10012;12;10015;21;;;10004.0;947.0
-2;37300;INTARIAN_PEPPER_ROOT;10032;8;10029;17;;;10043;8;10045;17;;;10037.5;2220.0
-2;37400;ASH_COATED_OSMIUM;10002;5;9997;15;9994;30;10013;15;10015;30;;;10007.5;719.5
-2;37400;INTARIAN_PEPPER_ROOT;10032;8;10029;19;;;10043;8;10045;19;;;10037.5;2220.0
-2;37500;ASH_COATED_OSMIUM;9997;10;;;;;10013;10;10015;22;;;10005.0;882.0
-2;37500;INTARIAN_PEPPER_ROOT;10032;10;10029;23;;;10043;10;10046;23;;;10037.5;2220.0
-2;37600;ASH_COATED_OSMIUM;9997;13;9995;22;;;10013;13;10016;22;;;10005.0;882.0
-2;37600;INTARIAN_PEPPER_ROOT;10032;10;10030;22;;;10043;10;;;;;10037.5;2220.0
-2;37700;ASH_COATED_OSMIUM;9997;10;9995;20;;;10013;10;;;;;10005.0;882.0
-2;37700;INTARIAN_PEPPER_ROOT;;;;;;;10043;12;10046;16;;;10043.0;2660.0
-2;37800;ASH_COATED_OSMIUM;9998;13;9995;20;;;10014;13;10016;20;;;10006.0;817.0
-2;37800;INTARIAN_PEPPER_ROOT;10032;8;;;;;10043;8;10046;18;;;10037.5;2220.0
-2;37900;ASH_COATED_OSMIUM;9998;14;9995;24;;;;;;;;;9998.0;1337.0
-2;37900;INTARIAN_PEPPER_ROOT;10040;4;10032;12;10030;24;10043;12;10046;24;;;10041.5;2540.0
-2;38000;ASH_COATED_OSMIUM;9997;14;9995;25;;;10016;25;;;;;10006.5;784.5
-2;38000;INTARIAN_PEPPER_ROOT;10032;12;10030;21;;;10044;12;10046;21;;;10038.0;2260.0
-2;38100;ASH_COATED_OSMIUM;9997;15;9995;26;;;10013;15;;;;;10005.0;882.0
-2;38100;INTARIAN_PEPPER_ROOT;10030;22;;;;;10044;9;10046;22;;;10037.0;2180.0
-2;38200;ASH_COATED_OSMIUM;;;;;;;10013;12;10016;20;;;10013.0;362.0
-2;38200;INTARIAN_PEPPER_ROOT;10033;10;10030;17;;;10044;10;10046;17;;;10038.5;2300.0
-2;38300;ASH_COATED_OSMIUM;9996;13;9994;20;;;10006;5;10012;13;10015;20;10001.0;1142.0
-2;38300;INTARIAN_PEPPER_ROOT;10030;16;;;;;10044;10;10046;16;;;10037.0;2180.0
-2;38400;ASH_COATED_OSMIUM;9996;13;9993;24;;;10012;13;10014;24;;;10004.0;947.0
-2;38400;INTARIAN_PEPPER_ROOT;10030;22;;;;;10044;9;;;;;10037.0;2180.0
-2;38500;ASH_COATED_OSMIUM;9996;15;9993;21;;;10012;15;10014;21;;;10004.0;947.0
-2;38500;INTARIAN_PEPPER_ROOT;10033;9;;;;;10044;9;10047;25;;;10038.5;2300.0
-2;38600;ASH_COATED_OSMIUM;9996;14;9994;27;;;;;;;;;9996.0;1467.0
-2;38600;INTARIAN_PEPPER_ROOT;10033;9;10031;23;;;10047;23;;;;;10040.0;2420.0
-2;38700;ASH_COATED_OSMIUM;9997;11;;;;;10015;30;;;;;10006.0;817.0
-2;38700;INTARIAN_PEPPER_ROOT;10033;12;;;;;10044;12;10047;21;;;10038.5;2300.0
-2;38800;ASH_COATED_OSMIUM;9997;15;9994;22;;;10015;22;;;;;10006.0;817.0
-2;38800;INTARIAN_PEPPER_ROOT;10033;8;10031;19;;;10044;8;10047;19;;;10038.5;2300.0
-2;38900;ASH_COATED_OSMIUM;9994;21;;;;;10015;21;;;;;10004.5;914.5
-2;38900;INTARIAN_PEPPER_ROOT;10033;10;10031;16;;;10044;10;10047;16;;;10038.5;2300.0
-2;39000;ASH_COATED_OSMIUM;9996;12;9994;28;;;10012;12;10015;28;;;10004.0;947.0
-2;39000;INTARIAN_PEPPER_ROOT;10033;12;10031;24;;;10045;12;10047;24;;;10039.0;2340.0
-2;39100;ASH_COATED_OSMIUM;9996;13;9994;25;;;10012;13;10015;25;;;10004.0;947.0
-2;39100;INTARIAN_PEPPER_ROOT;10034;12;10031;20;;;10045;12;10047;20;;;10039.5;2380.0
-2;39200;ASH_COATED_OSMIUM;;;;;;;10012;10;10014;20;;;10012.0;427.0
-2;39200;INTARIAN_PEPPER_ROOT;10034;10;10031;25;;;;;;;;;10034.0;1940.0
-2;39300;ASH_COATED_OSMIUM;;;;;;;10012;15;;;;;10012.0;427.0
-2;39300;INTARIAN_PEPPER_ROOT;10037;10;10034;12;10031;17;10045;12;10047;17;;;10041.0;2500.0
-2;39400;ASH_COATED_OSMIUM;9996;11;9994;24;;;10012;11;10015;24;;;10004.0;947.0
-2;39400;INTARIAN_PEPPER_ROOT;10034;11;;;;;10045;11;10047;25;;;10039.5;2380.0
-2;39500;ASH_COATED_OSMIUM;9997;13;9994;29;;;10013;13;10015;29;;;10005.0;882.0
-2;39500;INTARIAN_PEPPER_ROOT;10034;10;;;;;10045;10;10048;18;;;10039.5;2380.0
-2;39600;ASH_COATED_OSMIUM;10002;5;9997;15;;;10013;15;;;;;10007.5;719.5
-2;39600;INTARIAN_PEPPER_ROOT;10034;11;10032;22;;;10045;11;;;;;10039.5;2380.0
-2;39700;ASH_COATED_OSMIUM;9997;11;9995;21;;;10013;11;10016;21;;;10005.0;882.0
-2;39700;INTARIAN_PEPPER_ROOT;10034;11;10032;18;;;10045;11;10048;18;;;10039.5;2380.0
-2;39800;ASH_COATED_OSMIUM;9995;24;;;;;10013;14;;;;;10004.0;947.0
-2;39800;INTARIAN_PEPPER_ROOT;10034;9;10032;21;;;10048;21;;;;;10041.0;2500.0
-2;39900;ASH_COATED_OSMIUM;9997;12;9995;23;;;10013;12;;;;;10005.0;882.0
-2;39900;INTARIAN_PEPPER_ROOT;10042;6;10032;22;;;10045;9;10048;22;;;10043.5;2700.0
-2;40000;ASH_COATED_OSMIUM;9997;12;9995;27;;;10013;12;10016;27;;;10005.0;882.0
-2;40000;INTARIAN_PEPPER_ROOT;10034;12;10032;19;;;10048;19;;;;;10041.0;2500.0
-2;40100;ASH_COATED_OSMIUM;9997;11;9995;26;;;10013;11;10016;26;;;10005.0;882.0
-2;40100;INTARIAN_PEPPER_ROOT;10035;8;10032;24;;;;;;;;;10035.0;2020.0
-2;40200;ASH_COATED_OSMIUM;9998;12;9995;27;;;10014;12;10016;27;;;10006.0;817.0
-2;40200;INTARIAN_PEPPER_ROOT;10035;9;10032;25;;;10046;9;10048;25;;;10040.5;2460.0
-2;40300;ASH_COATED_OSMIUM;10003;3;9997;11;9995;28;10013;11;10016;28;;;10008.0;687.0
-2;40300;INTARIAN_PEPPER_ROOT;10035;9;;;;;10048;20;;;;;10041.5;2540.0
-2;40400;ASH_COATED_OSMIUM;9997;10;9994;30;;;10013;10;10015;30;;;10005.0;882.0
-2;40400;INTARIAN_PEPPER_ROOT;;;;;;;10046;8;10048;25;;;10046.0;2900.0
-2;40500;ASH_COATED_OSMIUM;9997;14;9994;29;;;10013;14;;;;;10005.0;896.0
-2;40500;INTARIAN_PEPPER_ROOT;10035;10;10032;18;;;10046;10;;;;;10040.5;2460.0
-2;40600;ASH_COATED_OSMIUM;9997;15;;;;;10015;29;;;;;10006.0;833.0
-2;40600;INTARIAN_PEPPER_ROOT;10035;11;10033;21;;;10046;11;10049;21;;;10040.5;2460.0
-2;40700;ASH_COATED_OSMIUM;9996;13;9994;24;;;10012;13;10015;24;;;10004.0;959.0
-2;40700;INTARIAN_PEPPER_ROOT;10035;12;10033;22;;;10046;12;10049;22;;;10040.5;2460.0
-2;40800;ASH_COATED_OSMIUM;9996;10;9993;24;;;10012;10;10014;24;;;10004.0;959.0
-2;40800;INTARIAN_PEPPER_ROOT;10035;9;10033;24;;;10046;9;10049;24;;;10040.5;2460.0
-2;40900;ASH_COATED_OSMIUM;9996;14;;;;;10013;14;10015;23;;;10004.5;927.5
-2;40900;INTARIAN_PEPPER_ROOT;10035;9;10033;20;;;10046;9;10049;20;;;10040.5;2460.0
-2;41000;ASH_COATED_OSMIUM;9997;13;9994;24;;;10002;6;10013;13;10015;24;9999.5;1227.5
-2;41000;INTARIAN_PEPPER_ROOT;10035;11;10033;20;;;10047;11;10049;20;;;10041.0;2500.0
-2;41100;ASH_COATED_OSMIUM;10002;4;9996;14;9994;26;10012;14;10015;26;;;10007.0;800.0
-2;41100;INTARIAN_PEPPER_ROOT;;;;;;;10049;23;;;;;10049.0;3140.0
-2;41200;ASH_COATED_OSMIUM;9996;12;;;;;10002;10;10012;12;10015;25;9999.0;1226.0
-2;41200;INTARIAN_PEPPER_ROOT;10033;24;;;;;10047;8;10049;24;;;10040.0;2420.0
-2;41300;ASH_COATED_OSMIUM;9996;10;9994;28;;;10012;10;;;;;10004.0;991.0
-2;41300;INTARIAN_PEPPER_ROOT;10036;12;;;;;10047;12;;;;;10041.5;2540.0
-2;41400;ASH_COATED_OSMIUM;9996;13;;;;;10012;13;10015;30;;;10004.0;991.0
-2;41400;INTARIAN_PEPPER_ROOT;;;;;;;10047;11;;;;;10047.0;2980.0
-2;41500;ASH_COATED_OSMIUM;9996;13;9994;21;;;10012;13;10015;21;;;10004.0;991.0
-2;41500;INTARIAN_PEPPER_ROOT;10036;10;;;;;10047;10;10050;16;;;10041.5;2540.0
-2;41600;ASH_COATED_OSMIUM;9996;12;;;;;10012;12;10015;23;;;10004.0;991.0
-2;41600;INTARIAN_PEPPER_ROOT;10036;9;10034;21;;;10047;9;10050;21;;;10041.5;2540.0
-2;41700;ASH_COATED_OSMIUM;9996;12;;;;;10012;12;10015;28;;;10004.0;991.0
-2;41700;INTARIAN_PEPPER_ROOT;10034;17;;;;;10047;11;;;;;10040.5;2460.0
-2;41800;ASH_COATED_OSMIUM;10002;3;9996;11;9994;29;;;;;;;10002.0;1085.0
-2;41800;INTARIAN_PEPPER_ROOT;10036;11;10034;16;;;10047;11;10050;16;;;10041.5;2540.0
-2;41900;ASH_COATED_OSMIUM;9996;14;;;;;10012;14;10014;30;;;10004.0;991.0
-2;41900;INTARIAN_PEPPER_ROOT;10036;10;10034;25;;;10047;10;10050;25;;;10041.5;2540.0
-2;42000;ASH_COATED_OSMIUM;9996;11;9994;20;;;10006;4;10012;11;;;10001.0;1132.0
-2;42000;INTARIAN_PEPPER_ROOT;10036;8;10034;25;;;10048;8;10050;25;;;10042.0;2580.0
-2;42100;ASH_COATED_OSMIUM;10002;5;9997;10;9994;20;10015;20;;;;;10008.5;779.5
-2;42100;INTARIAN_PEPPER_ROOT;;;;;;;10048;11;;;;;10048.0;3060.0
-2;42200;ASH_COATED_OSMIUM;;;;;;;10013;15;10015;20;;;10013.0;568.0
-2;42200;INTARIAN_PEPPER_ROOT;10034;22;;;;;10048;12;10050;22;;;10041.0;2500.0
-2;42300;ASH_COATED_OSMIUM;9997;13;9994;24;;;10013;13;10015;24;;;10005.0;944.0
-2;42300;INTARIAN_PEPPER_ROOT;10037;11;10034;17;;;10050;17;;;;;10043.5;2700.0
-2;42400;ASH_COATED_OSMIUM;9996;14;9994;25;;;10012;14;10015;25;;;10004.0;991.0
-2;42400;INTARIAN_PEPPER_ROOT;10037;11;10034;22;;;10050;22;;;;;10043.5;2700.0
-2;42500;ASH_COATED_OSMIUM;9994;22;;;;;10006;5;10012;14;10015;22;10000.0;1179.0
-2;42500;INTARIAN_PEPPER_ROOT;10037;11;10034;19;;;10051;19;;;;;10044.0;2740.0
-2;42600;ASH_COATED_OSMIUM;9996;13;;;;;10012;13;;;;;10004.0;991.0
-2;42600;INTARIAN_PEPPER_ROOT;10037;11;10035;19;;;10051;19;;;;;10044.0;2740.0
-2;42700;ASH_COATED_OSMIUM;9995;10;;;;;10011;10;10014;23;;;10003.0;1038.0
-2;42700;INTARIAN_PEPPER_ROOT;10037;8;10035;19;;;10048;8;10051;19;;;10042.5;2620.0
-2;42800;ASH_COATED_OSMIUM;9995;11;9993;25;;;10011;11;;;;;10003.0;1038.0
-2;42800;INTARIAN_PEPPER_ROOT;10037;10;10035;22;;;10048;10;10051;22;;;10042.5;2620.0
-2;42900;ASH_COATED_OSMIUM;9995;15;;;;;10011;15;10014;26;;;10003.0;1038.0
-2;42900;INTARIAN_PEPPER_ROOT;10037;11;10035;25;;;10048;11;10051;25;;;10042.5;2620.0
-2;43000;ASH_COATED_OSMIUM;9995;10;9992;21;;;10011;10;10013;21;;;10003.0;1038.0
-2;43000;INTARIAN_PEPPER_ROOT;10037;9;;;;;10049;9;10051;16;;;10043.0;2660.0
-2;43100;ASH_COATED_OSMIUM;9995;10;;;;;10011;10;;;;;10003.0;1038.0
-2;43100;INTARIAN_PEPPER_ROOT;10038;11;10035;20;;;10049;11;;;;;10043.5;2700.0
-2;43200;ASH_COATED_OSMIUM;;;;;;;10011;11;10013;28;;;10011.0;662.0
-2;43200;INTARIAN_PEPPER_ROOT;10038;12;10035;20;;;10049;12;10051;20;;;10043.5;2700.0
-2;43300;ASH_COATED_OSMIUM;9995;13;9992;23;;;10011;13;10013;23;;;10003.0;1038.0
-2;43300;INTARIAN_PEPPER_ROOT;10038;8;10035;23;;;10049;8;10051;23;;;10043.5;2700.0
-2;43400;ASH_COATED_OSMIUM;9995;14;;;;;10011;14;10014;28;;;10003.0;1038.0
-2;43400;INTARIAN_PEPPER_ROOT;10038;10;10035;22;;;10049;10;10051;22;;;10043.5;2700.0
-2;43500;ASH_COATED_OSMIUM;9995;11;9993;22;;;10011;11;10014;22;;;10003.0;1038.0
-2;43500;INTARIAN_PEPPER_ROOT;10038;11;10035;17;;;10052;17;;;;;10045.0;2820.0
-2;43600;ASH_COATED_OSMIUM;9993;20;;;;;10001;8;10011;11;;;9997.0;1288.0
-2;43600;INTARIAN_PEPPER_ROOT;10038;8;;;;;10049;8;;;;;10043.5;2700.0
-2;43700;ASH_COATED_OSMIUM;9995;11;9993;29;;;10011;11;10014;29;;;10003.0;1054.0
-2;43700;INTARIAN_PEPPER_ROOT;10038;9;;;;;10049;9;;;;;10043.5;2700.0
-2;43800;ASH_COATED_OSMIUM;;;;;;;;;;;;;0.0;391171.0
-2;43800;INTARIAN_PEPPER_ROOT;10038;10;10036;18;;;10049;10;10052;18;;;10043.5;2700.0
-2;43900;ASH_COATED_OSMIUM;;;;;;;10014;22;;;;;10014.0;625.0
-2;43900;INTARIAN_PEPPER_ROOT;10038;12;10036;15;;;10049;12;10052;15;;;10043.5;2700.0
-2;44000;ASH_COATED_OSMIUM;9993;29;;;;;;;;;;;9993.0;1444.0
-2;44000;INTARIAN_PEPPER_ROOT;10038;10;10036;21;;;10050;10;10052;21;;;10044.0;2740.0
-2;44100;ASH_COATED_OSMIUM;9996;13;9993;30;;;10012;13;10014;30;;;10004.0;1015.0
-2;44100;INTARIAN_PEPPER_ROOT;10039;10;10036;18;;;10052;18;;;;;10045.5;2860.0
-2;44200;ASH_COATED_OSMIUM;9995;12;;;;;10014;26;;;;;10004.5;1012.5
-2;44200;INTARIAN_PEPPER_ROOT;10039;12;10036;22;;;10050;12;10052;22;;;10044.5;2780.0
-2;44300;ASH_COATED_OSMIUM;9993;27;;;;;10012;14;10014;27;;;10002.5;1094.5
-2;44300;INTARIAN_PEPPER_ROOT;10036;16;;;;;10050;9;10052;16;;;10043.0;2660.0
-2;44400;ASH_COATED_OSMIUM;9995;13;9993;21;;;10014;21;;;;;10004.5;1012.5
-2;44400;INTARIAN_PEPPER_ROOT;10039;8;;;;;10052;25;;;;;10045.5;2860.0
-2;44500;ASH_COATED_OSMIUM;9995;11;;;;;10011;11;10013;27;;;10003.0;1074.0
-2;44500;INTARIAN_PEPPER_ROOT;10036;21;;;;;10053;21;;;;;10044.5;2780.0
-2;44600;ASH_COATED_OSMIUM;9995;14;9992;26;;;10011;14;10013;26;;;10003.0;1074.0
-2;44600;INTARIAN_PEPPER_ROOT;10037;20;;;;;10050;12;10053;20;;;10043.5;2700.0
-2;44700;ASH_COATED_OSMIUM;9995;12;9992;27;;;10011;12;10013;27;;;10003.0;1074.0
-2;44700;INTARIAN_PEPPER_ROOT;10039;10;10037;21;;;;;;;;;10039.0;2340.0
-2;44800;ASH_COATED_OSMIUM;9992;23;;;;;10013;23;;;;;10002.5;1094.5
-2;44800;INTARIAN_PEPPER_ROOT;10039;12;10037;15;;;10050;12;10053;15;;;10044.5;2780.0
-2;44900;ASH_COATED_OSMIUM;;;;;;;10011;15;10014;30;;;10011.0;746.0
-2;44900;INTARIAN_PEPPER_ROOT;10037;18;;;;;10050;12;10053;18;;;10043.5;2700.0
-2;45000;ASH_COATED_OSMIUM;9995;10;;;;;10004;5;10011;10;10013;23;9999.5;1217.5
-2;45000;INTARIAN_PEPPER_ROOT;10039;11;10037;24;;;10051;11;10053;24;;;10045.0;2820.0
-2;45100;ASH_COATED_OSMIUM;9995;13;9992;25;;;10011;13;10013;25;;;10003.0;1074.0
-2;45100;INTARIAN_PEPPER_ROOT;10048;4;10040;12;10037;17;10051;12;;;;;10049.5;3180.0
-2;45200;ASH_COATED_OSMIUM;9995;12;9992;24;;;10011;12;10013;24;;;10003.0;1074.0
-2;45200;INTARIAN_PEPPER_ROOT;10040;10;10037;22;;;10051;10;10053;22;;;10045.5;2860.0
-2;45300;ASH_COATED_OSMIUM;9995;10;9992;29;;;10011;10;10013;29;;;10003.0;1074.0
-2;45300;INTARIAN_PEPPER_ROOT;10037;21;;;;;10051;10;;;;;10044.0;2740.0
-2;45400;ASH_COATED_OSMIUM;9995;11;9992;24;;;10011;11;;;;;10003.0;1074.0
-2;45400;INTARIAN_PEPPER_ROOT;10040;8;10037;24;;;10051;8;10053;24;;;10045.5;2860.0
-2;45500;ASH_COATED_OSMIUM;9995;10;;;;;10014;28;;;;;10004.5;1012.5
-2;45500;INTARIAN_PEPPER_ROOT;10040;9;10037;21;;;10051;9;;;;;10045.5;2860.0
-2;45600;ASH_COATED_OSMIUM;9995;12;9992;27;;;10011;12;10013;27;;;10003.0;1102.0
-2;45600;INTARIAN_PEPPER_ROOT;10038;24;;;;;10051;9;10054;24;;;10044.5;2780.0
-2;45700;ASH_COATED_OSMIUM;9995;12;9992;21;;;10011;12;10013;21;;;10003.0;1102.0
-2;45700;INTARIAN_PEPPER_ROOT;10040;9;;;;;10051;9;10054;21;;;10045.5;2860.0
-2;45800;ASH_COATED_OSMIUM;9992;20;;;;;10011;13;10013;20;;;10001.5;1169.5
-2;45800;INTARIAN_PEPPER_ROOT;10040;12;10038;15;;;10051;12;10054;15;;;10045.5;2860.0
-2;45900;ASH_COATED_OSMIUM;9996;11;9993;26;;;10014;26;;;;;10005.0;1012.0
-2;45900;INTARIAN_PEPPER_ROOT;10038;16;;;;;10051;8;10054;16;;;10044.5;2780.0
-2;46000;ASH_COATED_OSMIUM;9996;15;9994;26;;;10015;26;;;;;10005.5;989.5
-2;46000;INTARIAN_PEPPER_ROOT;10038;15;;;;;10052;9;10054;15;;;10045.0;2820.0
-2;46100;ASH_COATED_OSMIUM;10005;10;9996;10;9993;23;10014;23;;;;;10009.5;764.5
-2;46100;INTARIAN_PEPPER_ROOT;10041;11;10038;23;;;10052;11;10054;23;;;10046.5;2940.0
-2;46200;ASH_COATED_OSMIUM;9997;11;9994;20;;;10013;11;;;;;10005.0;1012.0
-2;46200;INTARIAN_PEPPER_ROOT;10041;9;10038;22;;;;;;;;;10041.0;2500.0
-2;46300;ASH_COATED_OSMIUM;9996;10;9994;23;;;10012;10;10015;23;;;10004.0;1067.0
-2;46300;INTARIAN_PEPPER_ROOT;10041;10;;;;;10052;10;10054;21;;;10046.5;2940.0
-2;46400;ASH_COATED_OSMIUM;9997;11;9994;26;;;10013;11;10015;26;;;10005.0;1012.0
-2;46400;INTARIAN_PEPPER_ROOT;10049;4;10041;8;10038;19;10052;8;10054;19;;;10050.5;3260.0
-2;46500;ASH_COATED_OSMIUM;9997;12;9994;24;;;10013;12;10015;24;;;10005.0;1012.0
-2;46500;INTARIAN_PEPPER_ROOT;10041;8;10038;21;;;10052;8;;;;;10046.5;2940.0
-2;46600;ASH_COATED_OSMIUM;9997;10;9994;21;;;10013;10;10015;21;;;10005.0;1012.0
-2;46600;INTARIAN_PEPPER_ROOT;10041;8;;;;;10052;8;10055;21;;;10046.5;2940.0
-2;46700;ASH_COATED_OSMIUM;9994;27;;;;;10006;2;10012;13;10015;27;10000.0;1287.0
-2;46700;INTARIAN_PEPPER_ROOT;;;;;;;10052;11;10055;19;;;10052.0;3380.0
-2;46800;ASH_COATED_OSMIUM;9996;10;9994;30;;;10012;10;10015;30;;;10004.0;1067.0
-2;46800;INTARIAN_PEPPER_ROOT;10041;10;10039;25;;;10052;10;10055;25;;;10046.5;2940.0
-2;46900;ASH_COATED_OSMIUM;9996;10;9994;30;;;10012;10;10015;30;;;10004.0;1067.0
-2;46900;INTARIAN_PEPPER_ROOT;10041;12;;;;;10052;12;10055;25;;;10046.5;2940.0
-2;47000;ASH_COATED_OSMIUM;9996;11;;;;;10012;11;;;;;10004.0;1067.0
-2;47000;INTARIAN_PEPPER_ROOT;10041;12;10039;22;;;10053;12;10055;22;;;10047.0;2980.0
-2;47100;ASH_COATED_OSMIUM;9996;15;9994;26;;;10012;15;;;;;10004.0;1067.0
-2;47100;INTARIAN_PEPPER_ROOT;10042;9;10039;20;;;10053;9;10055;20;;;10047.5;3020.0
-2;47200;ASH_COATED_OSMIUM;9996;15;9994;25;;;;;;;;;9996.0;1507.0
-2;47200;INTARIAN_PEPPER_ROOT;10042;12;10039;18;;;10053;12;;;;;10047.5;3020.0
-2;47300;ASH_COATED_OSMIUM;9996;14;9993;29;;;10012;14;10014;29;;;10004.0;1067.0
-2;47300;INTARIAN_PEPPER_ROOT;10039;25;;;;;10053;10;10055;25;;;10046.0;2900.0
-2;47400;ASH_COATED_OSMIUM;9996;11;;;;;10012;11;;;;;10004.0;1067.0
-2;47400;INTARIAN_PEPPER_ROOT;10039;21;;;;;10053;12;;;;;10046.0;2900.0
-2;47500;ASH_COATED_OSMIUM;9996;10;9994;26;;;10012;10;;;;;10004.0;1067.0
-2;47500;INTARIAN_PEPPER_ROOT;10042;11;10039;25;;;10056;25;;;;;10049.0;3140.0
-2;47600;ASH_COATED_OSMIUM;9997;10;9994;26;;;10013;10;10015;26;;;10005.0;1012.0
-2;47600;INTARIAN_PEPPER_ROOT;10040;23;;;;;10053;10;10056;23;;;10046.5;2940.0
-2;47700;ASH_COATED_OSMIUM;9995;22;;;;;10014;14;10016;22;;;10004.5;1039.5
-2;47700;INTARIAN_PEPPER_ROOT;10042;8;10040;23;;;10056;23;;;;;10049.0;3140.0
-2;47800;ASH_COATED_OSMIUM;9998;15;;;;;10014;15;;;;;10006.0;957.0
-2;47800;INTARIAN_PEPPER_ROOT;10042;11;10040;15;;;10053;11;10056;15;;;10047.5;3020.0
-2;47900;ASH_COATED_OSMIUM;9998;14;9995;24;;;10014;14;10016;24;;;10006.0;957.0
-2;47900;INTARIAN_PEPPER_ROOT;10042;11;10040;19;;;10053;11;10056;19;;;10047.5;3020.0
-2;48000;ASH_COATED_OSMIUM;9998;13;9995;28;;;10014;13;10016;28;;;10006.0;1027.0
-2;48000;INTARIAN_PEPPER_ROOT;10042;10;10040;18;;;10054;10;;;;;10048.0;3060.0
-2;48100;ASH_COATED_OSMIUM;9996;22;;;;;10014;15;10017;22;;;10005.0;1092.0
-2;48100;INTARIAN_PEPPER_ROOT;10043;11;10040;24;;;10054;11;10056;24;;;10048.5;3100.0
-2;48200;ASH_COATED_OSMIUM;;;;;;;10014;15;10017;24;;;10014.0;507.0
-2;48200;INTARIAN_PEPPER_ROOT;10043;11;10040;20;;;10054;11;10056;20;;;10048.5;3100.0
-2;48300;ASH_COATED_OSMIUM;9996;26;;;;;10014;14;;;;;10005.0;1092.0
-2;48300;INTARIAN_PEPPER_ROOT;10043;11;10040;16;;;10054;11;10056;16;;;10048.5;3100.0
-2;48400;ASH_COATED_OSMIUM;9996;28;;;;;10014;10;10017;28;;;10005.0;1092.0
-2;48400;INTARIAN_PEPPER_ROOT;10043;8;10040;24;;;10054;8;;;;;10048.5;3100.0
-2;48500;ASH_COATED_OSMIUM;9998;12;9996;25;;;10014;12;10017;25;;;10006.0;1027.0
-2;48500;INTARIAN_PEPPER_ROOT;10043;9;10040;23;;;10054;9;10057;23;;;10048.5;3100.0
-2;48600;ASH_COATED_OSMIUM;9998;10;9996;22;;;10014;10;10017;22;;;10006.0;1027.0
-2;48600;INTARIAN_PEPPER_ROOT;10043;11;10041;25;;;10054;11;10057;25;;;10048.5;3100.0
-2;48700;ASH_COATED_OSMIUM;9998;11;9996;21;;;10014;11;10017;21;;;10006.0;1027.0
-2;48700;INTARIAN_PEPPER_ROOT;10043;12;;;;;10054;12;10057;20;;;10048.5;3100.0
-2;48800;ASH_COATED_OSMIUM;9998;12;9996;24;;;10017;24;;;;;10007.5;929.5
-2;48800;INTARIAN_PEPPER_ROOT;10043;9;10041;22;;;;;;;;;10043.0;2660.0
-2;48900;ASH_COATED_OSMIUM;9999;14;9996;27;;;10015;14;;;;;10007.0;962.0
-2;48900;INTARIAN_PEPPER_ROOT;10041;17;;;;;10054;8;;;;;10047.5;3020.0
-2;49000;ASH_COATED_OSMIUM;9998;13;9996;20;;;10014;13;10017;20;;;10006.0;1027.0
-2;49000;INTARIAN_PEPPER_ROOT;10043;12;;;;;10055;12;10057;25;;;10049.0;3140.0
-2;49100;ASH_COATED_OSMIUM;9996;27;;;;;10017;27;;;;;10006.5;994.5
-2;49100;INTARIAN_PEPPER_ROOT;10044;11;10041;18;;;10055;11;10057;18;;;10049.5;3180.0
-2;49200;ASH_COATED_OSMIUM;9998;10;9995;29;;;10014;10;10016;29;;;10006.0;1027.0
-2;49200;INTARIAN_PEPPER_ROOT;10041;17;;;;;10055;10;10057;17;;;10048.0;3060.0
-2;49300;ASH_COATED_OSMIUM;9997;15;9995;22;;;10013;15;10016;22;;;10005.0;1092.0
-2;49300;INTARIAN_PEPPER_ROOT;10041;21;;;;;10055;8;10057;21;;;10048.0;3060.0
-2;49400;ASH_COATED_OSMIUM;9997;13;9994;21;;;10013;13;10016;21;;;10005.0;1092.0
-2;49400;INTARIAN_PEPPER_ROOT;10044;9;;;;;10055;9;10057;22;;;10049.5;3180.0
-2;49500;ASH_COATED_OSMIUM;9998;12;9995;29;;;10007;3;10014;12;10016;29;10002.5;1254.5
-2;49500;INTARIAN_PEPPER_ROOT;10044;10;10041;15;;;10055;10;10058;15;;;10049.5;3180.0
-2;49600;ASH_COATED_OSMIUM;9998;14;9996;29;;;10014;14;10017;29;;;10006.0;1027.0
-2;49600;INTARIAN_PEPPER_ROOT;10042;15;;;;;10055;11;10058;15;;;10048.5;3100.0
-2;49700;ASH_COATED_OSMIUM;9998;11;9996;27;;;10017;27;;;;;10007.5;929.5
-2;49700;INTARIAN_PEPPER_ROOT;10044;9;10042;25;;;10055;9;10058;25;;;10049.5;3180.0
-2;49800;ASH_COATED_OSMIUM;9998;15;9996;24;;;10017;24;;;;;10007.5;929.5
-2;49800;INTARIAN_PEPPER_ROOT;10042;24;;;;;10055;11;10058;24;;;10048.5;3100.0
-2;49900;ASH_COATED_OSMIUM;;;;;;;10015;13;10017;22;;;10015.0;442.0
-2;49900;INTARIAN_PEPPER_ROOT;10044;9;;;;;10055;9;10058;18;;;10049.5;3180.0
-2;50000;ASH_COATED_OSMIUM;10008;3;9998;10;;;10014;10;10017;27;;;10011.0;693.0
-2;50000;INTARIAN_PEPPER_ROOT;10044;9;10042;18;;;;;;;;;10044.0;2740.0
-2;50100;ASH_COATED_OSMIUM;9999;11;9996;30;;;10017;30;;;;;10008.0;897.0
-2;50100;INTARIAN_PEPPER_ROOT;10045;9;10042;24;;;;;;;;;10045.0;2820.0
-2;50200;ASH_COATED_OSMIUM;9996;29;;;;;10015;14;10017;29;;;10005.5;1067.0
-2;50200;INTARIAN_PEPPER_ROOT;10045;12;10042;16;;;10056;12;;;;;10050.5;3260.0
-2;50300;ASH_COATED_OSMIUM;9999;13;9997;20;;;10015;13;;;;;10007.0;965.0
-2;50300;INTARIAN_PEPPER_ROOT;10045;11;10042;24;;;10056;11;10058;24;;;10050.5;3260.0
-2;50400;ASH_COATED_OSMIUM;9999;13;9997;21;;;10015;13;;;;;10007.0;965.0
-2;50400;INTARIAN_PEPPER_ROOT;10045;9;10042;19;;;10056;9;10058;19;;;10050.5;3260.0
-2;50500;ASH_COATED_OSMIUM;10005;2;10000;12;9997;26;10018;26;;;;;10011.5;659.0
-2;50500;INTARIAN_PEPPER_ROOT;10042;19;;;;;10059;19;;;;;10050.5;3260.0
-2;50600;ASH_COATED_OSMIUM;9999;15;9997;22;;;10015;15;10018;22;;;10007.0;965.0
-2;50600;INTARIAN_PEPPER_ROOT;10045;8;10043;25;;;10056;8;10059;25;;;10050.5;3260.0
-2;50700;ASH_COATED_OSMIUM;9999;10;;;;;10015;10;10018;26;;;10007.0;965.0
-2;50700;INTARIAN_PEPPER_ROOT;10045;8;10043;21;;;10059;21;;;;;10052.0;3380.0
-2;50800;ASH_COATED_OSMIUM;9999;13;9997;30;;;10015;13;;;;;10007.0;1000.0
-2;50800;INTARIAN_PEPPER_ROOT;10045;11;10043;25;;;10056;11;10059;25;;;10050.5;3260.0
-2;50900;ASH_COATED_OSMIUM;9997;24;;;;;10018;24;;;;;10007.5;963.5
-2;50900;INTARIAN_PEPPER_ROOT;10045;8;;;;;10056;8;10059;20;;;10050.5;3260.0
-2;51000;ASH_COATED_OSMIUM;9999;10;;;;;10015;10;10018;25;;;10007.0;1000.0
-2;51000;INTARIAN_PEPPER_ROOT;10045;10;10043;16;;;10057;10;10059;16;;;10051.0;3300.0
-2;51100;ASH_COATED_OSMIUM;10005;5;10000;11;9997;30;10018;30;;;;;10011.5;671.5
-2;51100;INTARIAN_PEPPER_ROOT;10046;9;10043;22;;;;;;;;;10046.0;2900.0
-2;51200;ASH_COATED_OSMIUM;10000;12;9998;27;;;10016;12;;;;;10008.0;927.0
-2;51200;INTARIAN_PEPPER_ROOT;10046;12;10043;19;;;10057;12;;;;;10051.5;3340.0
-2;51300;ASH_COATED_OSMIUM;9998;26;;;;;10016;11;;;;;10007.0;1000.0
-2;51300;INTARIAN_PEPPER_ROOT;10046;12;;;;;10057;12;10059;25;;;10051.5;3340.0
-2;51400;ASH_COATED_OSMIUM;10000;15;9997;20;;;10018;20;;;;;10009.0;910.0
-2;51400;INTARIAN_PEPPER_ROOT;10043;16;;;;;10057;11;10059;16;;;10050.0;3220.0
-2;51500;ASH_COATED_OSMIUM;10000;13;;;;;10016;13;;;;;10008.0;990.0
-2;51500;INTARIAN_PEPPER_ROOT;10046;11;;;;;10057;11;10060;18;;;10051.5;3340.0
-2;51600;ASH_COATED_OSMIUM;9997;30;;;;;10018;30;;;;;10007.5;1030.0
-2;51600;INTARIAN_PEPPER_ROOT;10046;12;;;;;10057;12;10060;17;;;10051.5;3340.0
-2;51700;ASH_COATED_OSMIUM;;;;;;;10016;14;10018;20;;;10016.0;350.0
-2;51700;INTARIAN_PEPPER_ROOT;10044;24;;;;;10060;24;;;;;10052.0;3380.0
-2;51800;ASH_COATED_OSMIUM;9997;21;;;;;10016;11;10018;21;;;10006.5;1110.0
-2;51800;INTARIAN_PEPPER_ROOT;10044;21;;;;;10057;10;10060;21;;;10050.5;3260.0
-2;51900;ASH_COATED_OSMIUM;9997;23;;;;;10018;23;;;;;10007.5;1030.0
-2;51900;INTARIAN_PEPPER_ROOT;10046;12;10044;22;;;10057;12;10060;22;;;10051.5;3340.0
-2;52000;ASH_COATED_OSMIUM;10000;10;9997;22;;;10016;10;10018;22;;;10008.0;990.0
-2;52000;INTARIAN_PEPPER_ROOT;10046;8;10044;18;;;10058;8;10060;18;;;10052.0;3380.0
-2;52100;ASH_COATED_OSMIUM;9999;15;9997;23;;;10015;15;10018;23;;;10007.0;1070.0
-2;52100;INTARIAN_PEPPER_ROOT;10047;11;10044;17;;;10058;11;10060;17;;;10052.5;3420.0
-2;52200;ASH_COATED_OSMIUM;10000;11;9997;24;;;10016;11;10018;24;;;10008.0;990.0
-2;52200;INTARIAN_PEPPER_ROOT;10047;10;10044;24;;;10058;10;10060;24;;;10052.5;3420.0
-2;52300;ASH_COATED_OSMIUM;9999;15;9997;28;;;10018;28;;;;;10008.5;950.0
-2;52300;INTARIAN_PEPPER_ROOT;;;;;;;10058;12;10060;20;;;10058.0;3860.0
-2;52400;ASH_COATED_OSMIUM;9999;13;9996;20;;;10015;13;;;;;10007.0;1070.0
-2;52400;INTARIAN_PEPPER_ROOT;10047;12;10044;15;;;10058;12;10060;15;;;10052.5;3420.0
-2;52500;ASH_COATED_OSMIUM;9996;30;;;;;10017;30;;;;;10006.5;1110.0
-2;52500;INTARIAN_PEPPER_ROOT;10047;8;;;;;10061;18;;;;;10054.0;3540.0
-2;52600;ASH_COATED_OSMIUM;9999;13;9996;24;;;10015;13;10017;24;;;10007.0;1070.0
-2;52600;INTARIAN_PEPPER_ROOT;10045;20;;;;;10058;10;10061;20;;;10051.5;3340.0
-2;52700;ASH_COATED_OSMIUM;9999;13;9996;20;;;10017;20;;;;;10008.0;990.0
-2;52700;INTARIAN_PEPPER_ROOT;10045;23;;;;;10058;9;10061;23;;;10051.5;3340.0
-2;52800;ASH_COATED_OSMIUM;9996;22;;;;;10015;10;10017;22;;;10005.5;1190.0
-2;52800;INTARIAN_PEPPER_ROOT;10047;11;10045;16;;;10058;11;10061;16;;;10052.5;3420.0
-2;52900;ASH_COATED_OSMIUM;10009;9;9999;13;9996;25;10015;13;10018;25;;;10012.0;670.0
-2;52900;INTARIAN_PEPPER_ROOT;10047;8;10045;15;;;10049;6;10061;15;;;10048.0;3060.0
-2;53000;ASH_COATED_OSMIUM;9999;10;9997;21;;;10015;10;;;;;10007.0;1070.0
-2;53000;INTARIAN_PEPPER_ROOT;;;;;;;10049;6;10059;12;10061;24;10049.0;3140.0
-2;53100;ASH_COATED_OSMIUM;9999;13;9997;22;;;10018;22;;;;;10008.5;950.0
-2;53100;INTARIAN_PEPPER_ROOT;10045;23;;;;;10061;23;;;;;10053.0;3460.0
-2;53200;ASH_COATED_OSMIUM;;;;;;;10015;15;10017;26;;;10015.0;430.0
-2;53200;INTARIAN_PEPPER_ROOT;10048;8;;;;;10059;8;10061;16;;;10053.5;3500.0
-2;53300;ASH_COATED_OSMIUM;9996;23;;;;;10015;12;;;;;10005.5;1190.0
-2;53300;INTARIAN_PEPPER_ROOT;10045;21;;;;;10061;21;;;;;10053.0;3460.0
-2;53400;ASH_COATED_OSMIUM;9999;15;9996;27;;;10015;15;10017;27;;;10007.0;1070.0
-2;53400;INTARIAN_PEPPER_ROOT;10045;25;;;;;10059;11;10061;25;;;10052.0;3380.0
-2;53500;ASH_COATED_OSMIUM;9996;21;;;;;10015;12;10017;21;;;10005.5;1190.0
-2;53500;INTARIAN_PEPPER_ROOT;10048;12;;;;;10059;12;10062;16;;;10053.5;3500.0
-2;53600;ASH_COATED_OSMIUM;9999;12;;;;;10018;25;;;;;10008.5;950.0
-2;53600;INTARIAN_PEPPER_ROOT;10048;8;;;;;10059;8;10062;20;;;10053.5;3500.0
-2;53700;ASH_COATED_OSMIUM;;;;;;;10015;11;10017;21;;;10015.0;430.0
-2;53700;INTARIAN_PEPPER_ROOT;10048;9;10046;24;;;10059;9;10062;24;;;10053.5;3500.0
-2;53800;ASH_COATED_OSMIUM;9999;10;;;;;10017;24;;;;;10008.0;1070.0
-2;53800;INTARIAN_PEPPER_ROOT;10048;10;10046;16;;;10059;10;10062;16;;;10053.5;3500.0
-2;53900;ASH_COATED_OSMIUM;9999;11;9996;30;;;10015;11;10017;30;;;10007.0;1140.0
-2;53900;INTARIAN_PEPPER_ROOT;10048;12;10046;21;;;10059;12;10062;21;;;10053.5;3500.0
-2;54000;ASH_COATED_OSMIUM;9999;13;9996;30;;;10015;13;10017;30;;;10007.0;1140.0
-2;54000;INTARIAN_PEPPER_ROOT;10048;8;;;;;10060;8;10062;18;;;10054.0;3540.0
-2;54100;ASH_COATED_OSMIUM;9999;15;9996;26;;;10017;26;;;;;10008.0;1070.0
-2;54100;INTARIAN_PEPPER_ROOT;10046;21;;;;;10062;21;;;;;10054.0;3540.0
-2;54200;ASH_COATED_OSMIUM;9999;12;9996;28;;;10015;12;10017;28;;;10007.0;1140.0
-2;54200;INTARIAN_PEPPER_ROOT;10049;12;10046;21;;;;;;;;;10049.0;3140.0
-2;54300;ASH_COATED_OSMIUM;9999;14;9996;22;;;10015;14;10017;22;;;10007.0;1140.0
-2;54300;INTARIAN_PEPPER_ROOT;10049;11;10046;15;;;10060;11;;;;;10054.5;3580.0
-2;54400;ASH_COATED_OSMIUM;9996;29;;;;;10014;11;10017;29;;;10005.0;1280.0
-2;54400;INTARIAN_PEPPER_ROOT;10049;9;10046;23;;;10060;9;10062;23;;;10054.5;3580.0
-2;54500;ASH_COATED_OSMIUM;9999;15;9996;22;;;10015;15;;;;;10007.0;1140.0
-2;54500;INTARIAN_PEPPER_ROOT;10049;10;10046;18;;;10060;10;10063;18;;;10054.5;3580.0
-2;54600;ASH_COATED_OSMIUM;9998;15;;;;;10014;15;10017;24;;;10006.0;1210.0
-2;54600;INTARIAN_PEPPER_ROOT;10047;24;;;;;;;;;;;10047.0;2980.0
-2;54700;ASH_COATED_OSMIUM;9999;11;9996;24;;;10015;11;10017;24;;;10007.0;1140.0
-2;54700;INTARIAN_PEPPER_ROOT;10049;11;10047;22;;;10063;22;;;;;10056.0;3700.0
-2;54800;ASH_COATED_OSMIUM;9999;14;9996;29;;;10017;29;;;;;10008.0;1070.0
-2;54800;INTARIAN_PEPPER_ROOT;10049;12;10047;16;;;10060;12;;;;;10054.5;3580.0
-2;54900;ASH_COATED_OSMIUM;9996;24;;;;;10014;13;;;;;10005.0;1280.0
-2;54900;INTARIAN_PEPPER_ROOT;10049;12;10047;23;;;10060;12;10063;23;;;10054.5;3580.0
-2;55000;ASH_COATED_OSMIUM;9998;11;9996;23;;;10014;11;10017;23;;;10006.0;1210.0
-2;55000;INTARIAN_PEPPER_ROOT;10049;11;10047;25;;;10061;11;;;;;10055.0;3620.0
-2;55100;ASH_COATED_OSMIUM;9999;15;9996;21;;;10015;15;10017;21;;;10007.0;1140.0
-2;55100;INTARIAN_PEPPER_ROOT;10050;11;;;;;10063;23;;;;;10056.5;3740.0
-2;55200;ASH_COATED_OSMIUM;10005;3;9999;12;9997;20;10018;20;;;;;10011.5;825.0
-2;55200;INTARIAN_PEPPER_ROOT;10050;8;10047;22;;;10061;8;;;;;10055.5;3660.0
-2;55300;ASH_COATED_OSMIUM;9999;10;9997;29;;;10015;10;10018;29;;;10007.0;1140.0
-2;55300;INTARIAN_PEPPER_ROOT;10050;9;10047;17;;;10052;7;10061;9;;;10051.0;3300.0
-2;55400;ASH_COATED_OSMIUM;9999;15;9997;27;;;10015;15;10018;27;;;10007.0;1140.0
-2;55400;INTARIAN_PEPPER_ROOT;10050;11;10047;20;;;10061;11;10063;20;;;10055.5;3660.0
-2;55500;ASH_COATED_OSMIUM;9998;12;9996;29;;;10014;12;10017;29;;;10006.0;1210.0
-2;55500;INTARIAN_PEPPER_ROOT;10050;12;10047;17;;;;;;;;;10050.0;3220.0
-2;55600;ASH_COATED_OSMIUM;9998;13;9996;29;;;10014;13;10017;29;;;10006.0;1210.0
-2;55600;INTARIAN_PEPPER_ROOT;10050;10;;;;;10061;10;10064;22;;;10055.5;3660.0
-2;55700;ASH_COATED_OSMIUM;;;;;;;;;;;;;0.0;701630.0
-2;55700;INTARIAN_PEPPER_ROOT;10050;11;;;;;10061;11;10064;16;;;10055.5;3660.0
-2;55800;ASH_COATED_OSMIUM;9995;20;;;;;;;;;;;9995.0;1980.0
-2;55800;INTARIAN_PEPPER_ROOT;10050;9;10048;19;;;10061;9;10064;19;;;10055.5;3660.0
-2;55900;ASH_COATED_OSMIUM;9995;26;;;;;10013;14;10016;26;;;10004.0;1398.0
-2;55900;INTARIAN_PEPPER_ROOT;10050;12;10048;20;;;10061;12;10064;20;;;10055.5;3660.0
-2;56000;ASH_COATED_OSMIUM;9997;15;9994;29;;;10013;15;10015;29;;;10005.0;1322.0
-2;56000;INTARIAN_PEPPER_ROOT;10050;8;10048;19;;;10062;8;10064;19;;;10056.0;3700.0
-2;56100;ASH_COATED_OSMIUM;9997;15;9995;22;;;10013;15;10016;22;;;10005.0;1322.0
-2;56100;INTARIAN_PEPPER_ROOT;10051;9;;;;;10062;9;10064;15;;;10056.5;3740.0
-2;56200;ASH_COATED_OSMIUM;9997;12;9995;23;;;;;;;;;9997.0;1930.0
-2;56200;INTARIAN_PEPPER_ROOT;10048;25;;;;;;;;;;;10048.0;3060.0
-2;56300;ASH_COATED_OSMIUM;9995;29;;;;;10014;11;10016;29;;;10004.5;1360.0
-2;56300;INTARIAN_PEPPER_ROOT;10051;11;10048;22;;;10062;11;10064;22;;;10056.5;3740.0
-2;56400;ASH_COATED_OSMIUM;9997;12;;;;;10013;12;10016;24;;;10005.0;1322.0
-2;56400;INTARIAN_PEPPER_ROOT;10051;8;;;;;10062;8;10064;20;;;10056.5;3740.0
-2;56500;ASH_COATED_OSMIUM;10002;4;9994;20;;;10013;10;10015;20;;;10007.5;1132.0
-2;56500;INTARIAN_PEPPER_ROOT;10051;11;10048;19;;;10062;11;10065;19;;;10056.5;3740.0
-2;56600;ASH_COATED_OSMIUM;9997;11;9994;26;;;10013;11;10015;26;;;10005.0;1322.0
-2;56600;INTARIAN_PEPPER_ROOT;10049;20;;;;;10062;11;10065;20;;;10055.5;3660.0
-2;56700;ASH_COATED_OSMIUM;9997;13;;;;;10015;20;;;;;10006.0;1246.0
-2;56700;INTARIAN_PEPPER_ROOT;10051;9;10049;19;;;;;;;;;10051.0;3300.0
-2;56800;ASH_COATED_OSMIUM;9997;13;;;;;10013;13;10016;23;;;10005.0;1322.0
-2;56800;INTARIAN_PEPPER_ROOT;10051;12;10049;24;;;10062;12;10065;24;;;10056.5;3740.0
-2;56900;ASH_COATED_OSMIUM;9997;12;9995;20;;;10016;20;;;;;10006.5;1208.0
-2;56900;INTARIAN_PEPPER_ROOT;10051;11;10049;19;;;10062;11;10065;19;;;10056.5;3740.0
-2;57000;ASH_COATED_OSMIUM;9998;15;9995;30;;;10014;15;10016;30;;;10006.0;1246.0
-2;57000;INTARIAN_PEPPER_ROOT;10051;9;;;;;10063;9;10065;16;;;10057.0;3780.0
-2;57100;ASH_COATED_OSMIUM;9997;14;9995;24;;;10013;14;10016;24;;;10005.0;1322.0
-2;57100;INTARIAN_PEPPER_ROOT;10052;9;10049;25;;;10063;9;10065;25;;;10057.5;3820.0
-2;57200;ASH_COATED_OSMIUM;9995;24;;;;;10014;10;10016;24;;;10004.5;1360.0
-2;57200;INTARIAN_PEPPER_ROOT;10060;8;10052;8;10049;23;10063;8;10065;23;;;10061.5;4140.0
-2;57300;ASH_COATED_OSMIUM;9998;12;9995;21;;;10014;12;10016;21;;;10006.0;1246.0
-2;57300;INTARIAN_PEPPER_ROOT;10052;12;10049;17;;;10063;12;10065;17;;;10057.5;3820.0
-2;57400;ASH_COATED_OSMIUM;9998;15;9995;23;;;10014;15;10016;23;;;10006.0;1246.0
-2;57400;INTARIAN_PEPPER_ROOT;10049;24;;;;;10063;8;10065;24;;;10056.0;3700.0
-2;57500;ASH_COATED_OSMIUM;9998;13;9995;23;;;10016;23;;;;;10007.0;1170.0
-2;57500;INTARIAN_PEPPER_ROOT;10052;9;10049;15;;;10063;9;;;;;10057.5;3820.0
-2;57600;ASH_COATED_OSMIUM;9998;13;9996;30;;;10014;13;;;;;10006.0;1288.0
-2;57600;INTARIAN_PEPPER_ROOT;10050;18;;;;;10063;9;;;;;10056.5;3740.0
-2;57700;ASH_COATED_OSMIUM;9998;14;9995;25;;;10014;14;;;;;10006.0;1288.0
-2;57700;INTARIAN_PEPPER_ROOT;10052;9;10050;17;;;10066;17;;;;;10059.0;3940.0
-2;57800;ASH_COATED_OSMIUM;9997;15;9995;29;;;10013;15;10016;29;;;10005.0;1358.0
-2;57800;INTARIAN_PEPPER_ROOT;10050;22;;;;;10063;11;10066;22;;;10056.5;3740.0
-2;57900;ASH_COATED_OSMIUM;9997;15;9995;28;;;10013;15;;;;;10005.0;1358.0
-2;57900;INTARIAN_PEPPER_ROOT;10050;21;;;;;10066;21;;;;;10058.0;3860.0
-2;58000;ASH_COATED_OSMIUM;9997;10;9995;22;;;10013;10;;;;;10005.0;1358.0
-2;58000;INTARIAN_PEPPER_ROOT;10052;12;;;;;10064;12;10066;15;;;10058.0;3860.0
-2;58100;ASH_COATED_OSMIUM;9995;27;;;;;10013;11;10016;27;;;10004.0;1428.0
-2;58100;INTARIAN_PEPPER_ROOT;10053;12;10050;22;;;10064;12;10066;22;;;10058.5;3900.0
-2;58200;ASH_COATED_OSMIUM;9997;12;9995;25;;;;;;;;;9997.0;1918.0
-2;58200;INTARIAN_PEPPER_ROOT;10053;9;10050;22;;;10064;9;10066;22;;;10058.5;3900.0
-2;58300;ASH_COATED_OSMIUM;9997;10;;;;;10006;4;10013;10;10015;22;10001.5;1603.0
-2;58300;INTARIAN_PEPPER_ROOT;;;;;;;10064;11;10066;19;;;10064.0;4340.0
-2;58400;ASH_COATED_OSMIUM;9997;14;9994;28;;;10013;14;10015;28;;;10005.0;1358.0
-2;58400;INTARIAN_PEPPER_ROOT;10053;9;;;;;;;;;;;10053.0;3460.0
-2;58500;ASH_COATED_OSMIUM;9994;21;;;;;10006;3;10012;12;;;10000.0;1708.0
-2;58500;INTARIAN_PEPPER_ROOT;10050;24;;;;;10067;24;;;;;10058.5;3900.0
-2;58600;ASH_COATED_OSMIUM;9996;11;9994;29;;;10015;29;;;;;10005.5;1323.0
-2;58600;INTARIAN_PEPPER_ROOT;10053;9;10051;16;;;10064;9;10067;16;;;10058.5;3900.0
-2;58700;ASH_COATED_OSMIUM;;;;;;;10013;15;10015;28;;;10013.0;798.0
-2;58700;INTARIAN_PEPPER_ROOT;10053;12;10051;15;;;10064;12;10067;15;;;10058.5;3900.0
-2;58800;ASH_COATED_OSMIUM;9997;14;;;;;10013;14;10016;21;;;10005.0;1358.0
-2;58800;INTARIAN_PEPPER_ROOT;10053;9;;;;;10064;9;10067;19;;;10058.5;3900.0
-2;58900;ASH_COATED_OSMIUM;;;;;;;10016;25;;;;;10016.0;588.0
-2;58900;INTARIAN_PEPPER_ROOT;10053;10;10051;15;;;10064;10;10067;15;;;10058.5;3900.0
-2;59000;ASH_COATED_OSMIUM;9998;15;9995;22;;;10014;15;10016;22;;;10006.0;1288.0
-2;59000;INTARIAN_PEPPER_ROOT;10053;11;10051;17;;;10065;11;;;;;10059.0;3940.0
-2;59100;ASH_COATED_OSMIUM;9998;12;9995;26;;;10014;12;;;;;10006.0;1288.0
-2;59100;INTARIAN_PEPPER_ROOT;10051;22;;;;;;;;;;;10051.0;3300.0
-2;59200;ASH_COATED_OSMIUM;9997;10;9995;24;;;10013;10;10016;24;;;10005.0;1358.0
-2;59200;INTARIAN_PEPPER_ROOT;10057;5;10051;18;;;10067;18;;;;;10062.0;4180.0
-2;59300;ASH_COATED_OSMIUM;9997;14;9994;23;;;10013;14;10015;23;;;10005.0;1358.0
-2;59300;INTARIAN_PEPPER_ROOT;10054;8;;;;;10065;8;10067;19;;;10059.5;3980.0
-2;59400;ASH_COATED_OSMIUM;9994;27;;;;;10013;11;10015;27;;;10003.5;1463.0
-2;59400;INTARIAN_PEPPER_ROOT;10054;11;10051;25;;;10065;11;10067;25;;;10059.5;3980.0
-2;59500;ASH_COATED_OSMIUM;9997;14;;;;;10013;14;10015;26;;;10005.0;1358.0
-2;59500;INTARIAN_PEPPER_ROOT;10051;24;;;;;10065;9;10068;24;;;10058.0;3860.0
-2;59600;ASH_COATED_OSMIUM;9996;15;9993;27;;;10012;15;10015;27;;;10004.0;1428.0
-2;59600;INTARIAN_PEPPER_ROOT;10054;9;10052;21;;;10065;9;10068;21;;;10059.5;3980.0
-2;59700;ASH_COATED_OSMIUM;9996;15;;;;;10012;15;10014;20;;;10004.0;1428.0
-2;59700;INTARIAN_PEPPER_ROOT;10054;12;10052;16;;;10068;16;;;;;10061.0;4100.0
-2;59800;ASH_COATED_OSMIUM;9993;22;;;;;10012;12;10014;22;;;10002.5;1533.0
-2;59800;INTARIAN_PEPPER_ROOT;10054;12;10052;21;;;10065;12;10068;21;;;10059.5;3980.0
-2;59900;ASH_COATED_OSMIUM;9996;12;9993;22;;;10012;12;10014;22;;;10004.0;1428.0
-2;59900;INTARIAN_PEPPER_ROOT;10054;10;10052;22;;;10065;10;10068;22;;;10059.5;3980.0
-2;60000;ASH_COATED_OSMIUM;9993;26;;;;;10011;13;10014;26;;;10002.0;1568.0
-2;60000;INTARIAN_PEPPER_ROOT;10052;21;;;;;10066;9;10068;21;;;10059.0;3940.0
-2;60100;ASH_COATED_OSMIUM;9995;14;;;;;10011;14;10014;23;;;10003.0;1498.0
-2;60100;INTARIAN_PEPPER_ROOT;10052;20;;;;;10068;20;;;;;10060.0;4020.0
-2;60200;ASH_COATED_OSMIUM;9995;15;9993;23;;;10011;15;10014;23;;;10003.0;1498.0
-2;60200;INTARIAN_PEPPER_ROOT;10055;8;10052;19;;;;;;;;;10055.0;3620.0
-2;60300;ASH_COATED_OSMIUM;9996;12;9993;26;;;10014;26;;;;;10005.0;1358.0
-2;60300;INTARIAN_PEPPER_ROOT;10052;25;;;;;10068;25;;;;;10060.0;4020.0
-2;60400;ASH_COATED_OSMIUM;9996;13;9993;20;;;10012;13;;;;;10004.0;1428.0
-2;60400;INTARIAN_PEPPER_ROOT;10055;10;10052;23;;;10066;10;10068;23;;;10060.5;4060.0
-2;60500;ASH_COATED_OSMIUM;9995;10;;;;;10011;10;10014;29;;;10003.0;1498.0
-2;60500;INTARIAN_PEPPER_ROOT;10055;9;;;;;10066;9;;;;;10060.5;4060.0
-2;60600;ASH_COATED_OSMIUM;9995;11;9993;26;;;10011;11;10014;26;;;10003.0;1498.0
-2;60600;INTARIAN_PEPPER_ROOT;10055;10;10053;25;;;10066;10;10069;25;;;10060.5;4060.0
-2;60700;ASH_COATED_OSMIUM;9995;13;;;;;10011;13;10014;26;;;10003.0;1498.0
-2;60700;INTARIAN_PEPPER_ROOT;10055;10;10053;17;;;10066;10;10069;17;;;10060.5;4060.0
-2;60800;ASH_COATED_OSMIUM;9995;14;9993;20;;;10011;14;;;;;10003.0;1498.0
-2;60800;INTARIAN_PEPPER_ROOT;10055;10;;;;;10066;10;10069;25;;;10060.5;4060.0
-2;60900;ASH_COATED_OSMIUM;9993;21;;;;;10011;11;;;;;10002.0;1568.0
-2;60900;INTARIAN_PEPPER_ROOT;10055;9;10053;15;;;10066;9;10069;15;;;10060.5;4060.0
-2;61000;ASH_COATED_OSMIUM;9995;15;;;;;;;;;;;9995.0;2058.0
-2;61000;INTARIAN_PEPPER_ROOT;10055;9;10053;19;;;10067;9;10069;19;;;10061.0;4100.0
-2;61100;ASH_COATED_OSMIUM;9995;10;9993;29;;;10014;29;;;;;10004.5;1393.0
-2;61100;INTARIAN_PEPPER_ROOT;10053;16;;;;;10069;16;;;;;10061.0;4100.0
-2;61200;ASH_COATED_OSMIUM;9995;10;9992;29;;;10011;10;10013;29;;;10003.0;1498.0
-2;61200;INTARIAN_PEPPER_ROOT;;;;;;;10067;9;10069;23;;;10067.0;4580.0
-2;61300;ASH_COATED_OSMIUM;9994;11;9992;25;;;10010;11;10013;25;;;10002.0;1568.0
-2;61300;INTARIAN_PEPPER_ROOT;10056;8;10053;20;;;10067;8;10069;20;;;10061.5;4140.0
-2;61400;ASH_COATED_OSMIUM;9995;13;9992;29;;;10011;13;10013;29;;;10003.0;1498.0
-2;61400;INTARIAN_PEPPER_ROOT;10056;8;10053;15;;;10069;15;;;;;10062.5;4220.0
-2;61500;ASH_COATED_OSMIUM;9995;15;9992;21;;;;;;;;;9995.0;2058.0
-2;61500;INTARIAN_PEPPER_ROOT;;;;;;;10067;9;10070;16;;;10067.0;4580.0
-2;61600;ASH_COATED_OSMIUM;9995;14;9992;27;;;10011;14;10013;27;;;10003.0;1498.0
-2;61600;INTARIAN_PEPPER_ROOT;10056;10;10054;20;;;10067;10;;;;;10061.5;4140.0
-2;61700;ASH_COATED_OSMIUM;;;;;;;10010;15;10013;30;;;10010.0;1008.0
-2;61700;INTARIAN_PEPPER_ROOT;10064;5;10056;9;10054;23;10067;9;10070;23;;;10065.5;4460.0
-2;61800;ASH_COATED_OSMIUM;9994;10;9991;25;;;10010;10;;;;;10002.0;1568.0
-2;61800;INTARIAN_PEPPER_ROOT;10056;12;10054;15;;;10067;12;10070;15;;;10061.5;4140.0
-2;61900;ASH_COATED_OSMIUM;9994;14;9992;20;;;10010;14;10013;20;;;10002.0;1568.0
-2;61900;INTARIAN_PEPPER_ROOT;10054;15;;;;;10067;10;10070;15;;;10060.5;4060.0
-2;62000;ASH_COATED_OSMIUM;9991;20;;;;;10010;11;10012;20;;;10000.5;1673.0
-2;62000;INTARIAN_PEPPER_ROOT;10056;10;10054;25;;;10068;10;10070;25;;;10062.0;4180.0
-2;62100;ASH_COATED_OSMIUM;;;;;;;10012;22;;;;;10012.0;868.0
-2;62100;INTARIAN_PEPPER_ROOT;10057;9;;;;;10068;9;10070;21;;;10062.5;4220.0
-2;62200;ASH_COATED_OSMIUM;9993;15;9990;27;;;10009;15;;;;;10001.0;1638.0
-2;62200;INTARIAN_PEPPER_ROOT;10057;10;10054;25;;;10068;10;10070;25;;;10062.5;4220.0
-2;62300;ASH_COATED_OSMIUM;9993;11;;;;;10009;11;10012;24;;;10001.0;1638.0
-2;62300;INTARIAN_PEPPER_ROOT;10057;12;10054;19;;;10068;12;10070;19;;;10062.5;4220.0
-2;62400;ASH_COATED_OSMIUM;9999;4;9993;13;9991;24;10009;13;10012;24;;;10004.0;1428.0
-2;62400;INTARIAN_PEPPER_ROOT;10057;10;10054;20;;;10070;20;;;;;10063.5;4300.0
-2;62500;ASH_COATED_OSMIUM;9994;12;9991;26;;;10010;12;;;;;10002.0;1568.0
-2;62500;INTARIAN_PEPPER_ROOT;10057;11;10054;18;;;10068;11;10071;18;;;10062.5;4220.0
-2;62600;ASH_COATED_OSMIUM;;;;;;;10012;27;;;;;10012.0;868.0
-2;62600;INTARIAN_PEPPER_ROOT;10057;8;10055;16;;;10071;16;;;;;10064.0;4340.0
-2;62700;ASH_COATED_OSMIUM;9994;12;9991;23;;;9999;7;10010;12;10012;23;9996.5;1935.5
-2;62700;INTARIAN_PEPPER_ROOT;10057;12;10055;17;;;10071;17;;;;;10064.0;4340.0
-2;62800;ASH_COATED_OSMIUM;9994;11;;;;;10010;11;10012;22;;;10002.0;1589.0
-2;62800;INTARIAN_PEPPER_ROOT;10055;23;;;;;10068;11;10071;23;;;10061.5;4140.0
-2;62900;ASH_COATED_OSMIUM;9994;11;9991;28;;;10012;28;;;;;10003.0;1526.0
-2;62900;INTARIAN_PEPPER_ROOT;10057;8;;;;;10068;8;;;;;10062.5;4220.0
-2;63000;ASH_COATED_OSMIUM;9991;22;;;;;10009;15;10012;22;;;10000.0;1715.0
-2;63000;INTARIAN_PEPPER_ROOT;10057;8;10055;23;;;10069;8;10071;23;;;10063.0;4260.0
-2;63100;ASH_COATED_OSMIUM;9994;13;9991;24;;;;;;;;;9994.0;2093.0
-2;63100;INTARIAN_PEPPER_ROOT;10055;17;;;;;10069;11;10071;17;;;10062.0;4180.0
-2;63200;ASH_COATED_OSMIUM;9993;14;9991;26;;;10003;3;10009;14;;;9998.0;1841.0
-2;63200;INTARIAN_PEPPER_ROOT;10058;10;;;;;10069;10;10071;25;;;10063.5;4300.0
-2;63300;ASH_COATED_OSMIUM;9994;15;9991;23;;;;;;;;;9994.0;2093.0
-2;63300;INTARIAN_PEPPER_ROOT;10058;12;;;;;10071;17;;;;;10064.5;4380.0
-2;63400;ASH_COATED_OSMIUM;9994;12;9991;21;;;10012;21;;;;;10003.0;1526.0
-2;63400;INTARIAN_PEPPER_ROOT;10058;9;10055;25;;;10069;9;;;;;10063.5;4300.0
-2;63500;ASH_COATED_OSMIUM;9991;22;;;;;10003;4;10012;22;;;9997.0;1904.0
-2;63500;INTARIAN_PEPPER_ROOT;10058;10;10055;24;;;10072;24;;;;;10065.0;4420.0
-2;63600;ASH_COATED_OSMIUM;9994;13;9992;20;;;10013;20;;;;;10003.5;1494.5
-2;63600;INTARIAN_PEPPER_ROOT;10058;11;10056;19;;;10069;11;10072;19;;;10063.5;4300.0
-2;63700;ASH_COATED_OSMIUM;;;;;;;10010;11;10013;30;;;10010.0;1085.0
-2;63700;INTARIAN_PEPPER_ROOT;10058;11;10056;18;;;10069;11;;;;;10063.5;4300.0
-2;63800;ASH_COATED_OSMIUM;9994;13;9992;20;;;10013;20;;;;;10003.5;1494.5
-2;63800;INTARIAN_PEPPER_ROOT;10056;19;;;;;10069;9;10072;19;;;10062.5;4220.0
-2;63900;ASH_COATED_OSMIUM;9994;14;9991;25;;;10010;14;;;;;10002.0;1589.0
-2;63900;INTARIAN_PEPPER_ROOT;10058;9;;;;;10069;9;10072;19;;;10063.5;4300.0
-2;64000;ASH_COATED_OSMIUM;9993;14;9991;28;;;10009;14;10012;28;;;10001.0;1652.0
-2;64000;INTARIAN_PEPPER_ROOT;10056;19;;;;;10070;9;10072;19;;;10063.0;4260.0
-2;64100;ASH_COATED_OSMIUM;9993;10;;;;;10009;10;10012;30;;;10001.0;1652.0
-2;64100;INTARIAN_PEPPER_ROOT;10059;12;10056;19;;;10070;12;10072;19;;;10064.5;4380.0
-2;64200;ASH_COATED_OSMIUM;9993;14;9991;22;;;10003;5;10009;14;10012;22;9998.0;1841.0
-2;64200;INTARIAN_PEPPER_ROOT;10056;17;;;;;10072;17;;;;;10064.0;4340.0
-2;64300;ASH_COATED_OSMIUM;9993;10;9991;28;;;10009;10;10012;28;;;10001.0;1652.0
-2;64300;INTARIAN_PEPPER_ROOT;10059;11;10056;15;;;10061;5;10072;15;;;10060.0;4020.0
-2;64400;ASH_COATED_OSMIUM;9993;14;9991;24;;;10009;14;10012;24;;;10001.0;1652.0
-2;64400;INTARIAN_PEPPER_ROOT;10059;8;10056;16;;;10070;8;10072;16;;;10064.5;4380.0
-2;64500;ASH_COATED_OSMIUM;9993;11;9990;26;;;10011;26;;;;;10002.0;1589.0
-2;64500;INTARIAN_PEPPER_ROOT;10059;9;10056;16;;;10070;9;10073;16;;;10064.5;4380.0
-2;64600;ASH_COATED_OSMIUM;9993;14;;;;;10009;14;10011;23;;;10001.0;1652.0
-2;64600;INTARIAN_PEPPER_ROOT;10059;8;;;;;10070;8;10073;25;;;10064.5;4380.0
-2;64700;ASH_COATED_OSMIUM;9993;14;9990;28;;;10009;14;;;;;10001.0;1652.0
-2;64700;INTARIAN_PEPPER_ROOT;10059;12;10057;24;;;10070;12;10073;24;;;10064.5;4380.0
-2;64800;ASH_COATED_OSMIUM;9993;10;9990;25;;;10009;10;;;;;10001.0;1652.0
-2;64800;INTARIAN_PEPPER_ROOT;10059;12;10057;23;;;10073;23;;;;;10066.0;4500.0
-2;64900;ASH_COATED_OSMIUM;9992;10;9990;29;;;10008;10;;;;;10000.0;1715.0
-2;64900;INTARIAN_PEPPER_ROOT;10059;10;10057;22;;;10070;10;;;;;10064.5;4380.0
-2;65000;ASH_COATED_OSMIUM;9992;14;;;;;10008;14;10010;21;;;10000.0;1715.0
-2;65000;INTARIAN_PEPPER_ROOT;10057;23;;;;;10073;23;;;;;10065.0;4420.0
-2;65100;ASH_COATED_OSMIUM;9997;4;9992;15;9989;26;10008;15;10010;26;;;10002.5;1557.5
-2;65100;INTARIAN_PEPPER_ROOT;10060;9;10057;19;;;10071;9;10073;19;;;10065.5;4460.0
-2;65200;ASH_COATED_OSMIUM;9991;12;9989;29;;;10007;12;10010;29;;;9999.0;1778.0
-2;65200;INTARIAN_PEPPER_ROOT;10060;10;;;;;10073;21;;;;;10066.5;4540.0
-2;65300;ASH_COATED_OSMIUM;9988;22;;;;;10007;13;10009;22;;;9997.5;1872.5
-2;65300;INTARIAN_PEPPER_ROOT;10060;11;10057;23;;;10073;23;;;;;10066.5;4540.0
-2;65400;ASH_COATED_OSMIUM;9990;10;9988;20;;;10006;10;10009;20;;;9998.0;1841.0
-2;65400;INTARIAN_PEPPER_ROOT;10060;12;10057;20;;;10073;20;;;;;10066.5;4540.0
-2;65500;ASH_COATED_OSMIUM;9990;12;9988;21;;;10006;12;;;;;9998.0;1841.0
-2;65500;INTARIAN_PEPPER_ROOT;10060;9;;;;;10071;9;10074;23;;;10065.5;4460.0
-2;65600;ASH_COATED_OSMIUM;9990;15;9988;30;;;10006;15;10009;30;;;9998.0;1841.0
-2;65600;INTARIAN_PEPPER_ROOT;10058;16;;;;;10071;10;10074;16;;;10064.5;4380.0
-2;65700;ASH_COATED_OSMIUM;9991;12;9988;26;;;10009;26;;;;;10000.0;1715.0
-2;65700;INTARIAN_PEPPER_ROOT;10060;9;10058;24;;;10071;9;10074;24;;;10065.5;4460.0
-2;65800;ASH_COATED_OSMIUM;9990;14;9988;28;;;10006;14;10009;28;;;9998.0;1841.0
-2;65800;INTARIAN_PEPPER_ROOT;10060;9;10058;21;;;10074;21;;;;;10067.0;4580.0
-2;65900;ASH_COATED_OSMIUM;9990;11;;;;;10006;11;10009;25;;;9998.0;1841.0
-2;65900;INTARIAN_PEPPER_ROOT;10060;11;10058;18;;;10071;11;;;;;10065.5;4460.0
-2;66000;ASH_COATED_OSMIUM;9990;15;9988;27;;;10006;15;;;;;9998.0;1841.0
-2;66000;INTARIAN_PEPPER_ROOT;10058;24;;;;;10072;11;;;;;10065.0;4420.0
-2;66100;ASH_COATED_OSMIUM;9990;14;9988;24;;;10009;24;;;;;9999.5;1746.5
-2;66100;INTARIAN_PEPPER_ROOT;10061;10;;;;;10072;10;10074;19;;;10066.5;4540.0
-2;66200;ASH_COATED_OSMIUM;9987;24;;;;;10008;24;;;;;9997.5;1872.5
-2;66200;INTARIAN_PEPPER_ROOT;10061;12;;;;;10074;20;;;;;10067.5;4620.0
-2;66300;ASH_COATED_OSMIUM;9990;12;9987;26;;;10006;12;10008;26;;;9998.0;1841.0
-2;66300;INTARIAN_PEPPER_ROOT;10061;9;10058;20;;;10072;9;10074;20;;;10066.5;4540.0
-2;66400;ASH_COATED_OSMIUM;9990;11;9987;25;;;10006;11;10008;25;;;9998.0;1841.0
-2;66400;INTARIAN_PEPPER_ROOT;10061;12;10058;15;;;10072;12;10074;15;;;10066.5;4540.0
-2;66500;ASH_COATED_OSMIUM;9990;12;9987;24;;;10006;12;10008;24;;;9998.0;1841.0
-2;66500;INTARIAN_PEPPER_ROOT;10061;8;10058;23;;;10075;23;;;;;10068.0;4660.0
-2;66600;ASH_COATED_OSMIUM;9990;12;9987;30;;;10006;12;10008;30;;;9998.0;1841.0
-2;66600;INTARIAN_PEPPER_ROOT;10061;9;;;;;10072;9;10075;15;;;10066.5;4540.0
-2;66700;ASH_COATED_OSMIUM;9990;14;9987;21;;;10006;14;10008;21;;;9998.0;1841.0
-2;66700;INTARIAN_PEPPER_ROOT;10059;23;;;;;;;;;;;10059.0;3940.0
-2;66800;ASH_COATED_OSMIUM;9990;15;9987;28;;;9999;4;10008;28;;;9994.5;2061.5
-2;66800;INTARIAN_PEPPER_ROOT;10061;12;10059;19;;;10072;12;10075;19;;;10066.5;4540.0
-2;66900;ASH_COATED_OSMIUM;9990;13;;;;;10006;13;10008;29;;;9998.0;1841.0
-2;66900;INTARIAN_PEPPER_ROOT;10061;9;10059;19;;;10075;19;;;;;10068.0;4660.0
-2;67000;ASH_COATED_OSMIUM;9986;21;;;;;10005;12;;;;;9995.5;1998.5
-2;67000;INTARIAN_PEPPER_ROOT;10059;20;;;;;10073;8;10075;20;;;10066.0;4500.0
-2;67100;ASH_COATED_OSMIUM;9989;12;9987;29;;;10005;12;10008;29;;;9997.0;1904.0
-2;67100;INTARIAN_PEPPER_ROOT;10062;11;10059;24;;;10073;11;10075;24;;;10067.5;4620.0
-2;67200;ASH_COATED_OSMIUM;9989;12;9986;23;;;10005;12;;;;;9997.0;1904.0
-2;67200;INTARIAN_PEPPER_ROOT;10062;8;10059;21;;;10073;8;10075;21;;;10067.5;4620.0
-2;67300;ASH_COATED_OSMIUM;9989;10;9986;26;;;10005;10;10007;26;;;9997.0;1960.0
-2;67300;INTARIAN_PEPPER_ROOT;10059;25;;;;;10075;25;;;;;10067.0;4580.0
-2;67400;ASH_COATED_OSMIUM;9989;12;9987;26;;;10005;12;10008;26;;;9997.0;1960.0
-2;67400;INTARIAN_PEPPER_ROOT;10062;9;10059;20;;;10064;4;10073;9;;;10063.0;4260.0
-2;67500;ASH_COATED_OSMIUM;9987;27;;;;;10005;12;;;;;9996.0;2015.0
-2;67500;INTARIAN_PEPPER_ROOT;10062;8;10059;17;;;10073;8;10076;17;;;10067.5;4620.0
-2;67600;ASH_COATED_OSMIUM;9987;30;;;;;10006;12;10008;30;;;9996.5;1987.5
-2;67600;INTARIAN_PEPPER_ROOT;10062;11;10060;15;;;10073;11;10076;15;;;10067.5;4620.0
-2;67700;ASH_COATED_OSMIUM;9987;29;;;;;9999;2;10005;15;10008;29;9993.0;2180.0
-2;67700;INTARIAN_PEPPER_ROOT;10060;22;;;;;10073;11;10076;22;;;10066.5;4540.0
-2;67800;ASH_COATED_OSMIUM;9989;11;;;;;10005;11;10007;21;;;9997.0;1960.0
-2;67800;INTARIAN_PEPPER_ROOT;10062;9;;;;;10073;9;;;;;10067.5;4620.0
-2;67900;ASH_COATED_OSMIUM;9989;11;9986;30;;;10005;11;10007;30;;;9997.0;1960.0
-2;67900;INTARIAN_PEPPER_ROOT;10062;8;10060;20;;;10073;8;10076;20;;;10067.5;4620.0
-2;68000;ASH_COATED_OSMIUM;9989;15;9987;25;;;10005;15;10008;25;;;9997.0;1960.0
-2;68000;INTARIAN_PEPPER_ROOT;10062;8;10060;23;;;10074;8;10076;23;;;10068.0;4660.0
-2;68100;ASH_COATED_OSMIUM;9989;10;9987;28;;;10005;10;10008;28;;;9997.0;1960.0
-2;68100;INTARIAN_PEPPER_ROOT;10063;10;;;;;10074;10;10076;17;;;10068.5;4700.0
-2;68200;ASH_COATED_OSMIUM;9989;10;9986;20;;;10005;10;10007;20;;;9997.0;1960.0
-2;68200;INTARIAN_PEPPER_ROOT;10063;9;10060;22;;;10076;22;;;;;10069.5;4780.0
-2;68300;ASH_COATED_OSMIUM;9987;20;;;;;10005;11;10008;20;;;9996.0;2015.0
-2;68300;INTARIAN_PEPPER_ROOT;10063;12;10060;16;;;10074;12;10076;16;;;10068.5;4700.0
-2;68400;ASH_COATED_OSMIUM;9987;25;;;;;10005;12;10008;25;;;9996.0;2015.0
-2;68400;INTARIAN_PEPPER_ROOT;10063;11;10060;23;;;10074;11;10076;23;;;10068.5;4700.0
-2;68500;ASH_COATED_OSMIUM;9989;15;9986;23;;;10005;15;10007;23;;;9997.0;1960.0
-2;68500;INTARIAN_PEPPER_ROOT;10063;11;10060;25;;;10074;11;10077;25;;;10068.5;4700.0
-2;68600;ASH_COATED_OSMIUM;9987;25;;;;;10008;25;;;;;9997.5;1932.5
-2;68600;INTARIAN_PEPPER_ROOT;10063;11;10061;25;;;10074;11;;;;;10068.5;4700.0
-2;68700;ASH_COATED_OSMIUM;9989;10;9986;25;;;10005;10;10007;25;;;9997.0;1960.0
-2;68700;INTARIAN_PEPPER_ROOT;10063;9;;;;;;;;;;;10063.0;4260.0
-2;68800;ASH_COATED_OSMIUM;9987;26;;;;;10005;15;10008;26;;;9996.0;2015.0
-2;68800;INTARIAN_PEPPER_ROOT;10063;8;10061;17;;;10074;8;10077;17;;;10068.5;4700.0
-2;68900;ASH_COATED_OSMIUM;9986;25;;;;;10005;15;10007;25;;;9995.5;2042.5
-2;68900;INTARIAN_PEPPER_ROOT;10063;11;10061;15;;;10077;15;;;;;10070.0;4820.0
-2;69000;ASH_COATED_OSMIUM;9988;12;9986;21;;;10004;12;10007;21;;;9996.0;2015.0
-2;69000;INTARIAN_PEPPER_ROOT;10063;10;10061;17;;;10075;10;10077;17;;;10069.0;4740.0
-2;69100;ASH_COATED_OSMIUM;9988;12;9985;25;;;10004;12;10006;25;;;9996.0;2015.0
-2;69100;INTARIAN_PEPPER_ROOT;10064;8;10061;21;;;10075;8;;;;;10069.5;4780.0
-2;69200;ASH_COATED_OSMIUM;9987;12;9985;24;;;10006;24;;;;;9996.5;1987.5
-2;69200;INTARIAN_PEPPER_ROOT;10064;9;10061;20;;;10075;9;10077;20;;;10069.5;4780.0
-2;69300;ASH_COATED_OSMIUM;9985;28;;;;;10004;10;;;;;9994.5;2097.5
-2;69300;INTARIAN_PEPPER_ROOT;10064;12;10061;23;;;10075;12;10077;23;;;10069.5;4780.0
-2;69400;ASH_COATED_OSMIUM;9987;15;9985;20;;;10003;15;10006;20;;;9995.0;2105.0
-2;69400;INTARIAN_PEPPER_ROOT;10064;11;;;;;10075;11;10077;22;;;10069.5;4780.0
-2;69500;ASH_COATED_OSMIUM;9987;11;9985;20;;;10003;11;10006;20;;;9995.0;2105.0
-2;69500;INTARIAN_PEPPER_ROOT;10064;11;10061;21;;;10078;21;;;;;10071.0;4900.0
-2;69600;ASH_COATED_OSMIUM;9985;21;;;;;10003;15;10006;21;;;9994.0;2155.0
-2;69600;INTARIAN_PEPPER_ROOT;10064;11;10062;15;;;10075;11;10078;15;;;10069.5;4780.0
-2;69700;ASH_COATED_OSMIUM;9987;15;9985;21;;;10003;15;10006;21;;;9995.0;2105.0
-2;69700;INTARIAN_PEPPER_ROOT;10064;12;10062;17;;;10075;12;10078;17;;;10069.5;4780.0
-2;69800;ASH_COATED_OSMIUM;9988;14;9985;26;;;10004;14;;;;;9996.0;2055.0
-2;69800;INTARIAN_PEPPER_ROOT;10064;10;10062;25;;;10078;25;;;;;10071.0;4900.0
-2;69900;ASH_COATED_OSMIUM;9988;12;9986;29;;;10004;12;10007;29;;;9996.0;2055.0
-2;69900;INTARIAN_PEPPER_ROOT;10062;19;;;;;10075;12;10078;19;;;10068.5;4700.0
-2;70000;ASH_COATED_OSMIUM;9988;12;;;;;10007;26;;;;;9997.5;1980.0
-2;70000;INTARIAN_PEPPER_ROOT;10064;11;10062;15;;;10076;11;10078;15;;;10070.0;4820.0
-2;70100;ASH_COATED_OSMIUM;9989;15;9986;22;;;10005;15;10007;22;;;9997.0;2005.0
-2;70100;INTARIAN_PEPPER_ROOT;10065;12;;;;;;;;;;;10065.0;4420.0
-2;70200;ASH_COATED_OSMIUM;9989;12;9986;29;;;10007;29;;;;;9998.0;1955.0
-2;70200;INTARIAN_PEPPER_ROOT;10065;12;;;;;10078;17;;;;;10071.5;4940.0
-2;70300;ASH_COATED_OSMIUM;9989;10;9987;28;;;10005;10;10008;28;;;9997.0;2005.0
-2;70300;INTARIAN_PEPPER_ROOT;10065;8;10062;21;;;10076;8;10078;21;;;10070.5;4860.0
-2;70400;ASH_COATED_OSMIUM;9987;24;;;;;10005;14;10008;24;;;9996.0;2055.0
-2;70400;INTARIAN_PEPPER_ROOT;10065;8;10062;24;;;10076;8;10078;24;;;10070.5;4860.0
-2;70500;ASH_COATED_OSMIUM;9989;11;9986;23;;;10005;11;10007;23;;;9997.0;2005.0
-2;70500;INTARIAN_PEPPER_ROOT;10065;8;;;;;10076;8;;;;;10070.5;4860.0
-2;70600;ASH_COATED_OSMIUM;9989;14;;;;;10005;14;10008;30;;;9997.0;2005.0
-2;70600;INTARIAN_PEPPER_ROOT;10065;12;10063;17;;;10076;12;10079;17;;;10070.5;4860.0
-2;70700;ASH_COATED_OSMIUM;9989;15;9987;22;;;10005;15;10008;22;;;9997.0;2005.0
-2;70700;INTARIAN_PEPPER_ROOT;10065;10;10063;16;;;10076;10;10079;16;;;10070.5;4860.0
-2;70800;ASH_COATED_OSMIUM;;;;;;;10005;15;10007;28;;;10005.0;1605.0
-2;70800;INTARIAN_PEPPER_ROOT;10065;9;10063;23;;;10079;23;;;;;10072.0;4980.0
-2;70900;ASH_COATED_OSMIUM;9989;11;9986;26;;;10005;11;10007;26;;;9997.0;2005.0
-2;70900;INTARIAN_PEPPER_ROOT;10065;11;10063;21;;;10076;11;10079;21;;;10070.5;4860.0
-2;71000;ASH_COATED_OSMIUM;9989;13;;;;;10005;13;10007;29;;;9997.0;2005.0
-2;71000;INTARIAN_PEPPER_ROOT;10065;11;10063;18;;;10079;18;;;;;10072.0;4980.0
-2;71100;ASH_COATED_OSMIUM;9989;13;9986;25;;;10005;13;10007;25;;;9997.0;2005.0
-2;71100;INTARIAN_PEPPER_ROOT;10066;10;10063;17;;;10079;17;;;;;10072.5;5020.0
-2;71200;ASH_COATED_OSMIUM;9989;11;9987;26;;;10008;26;;;;;9998.5;1930.0
-2;71200;INTARIAN_PEPPER_ROOT;10066;11;10063;25;;;10077;11;10079;25;;;10071.5;4940.0
-2;71300;ASH_COATED_OSMIUM;9990;10;9987;29;;;10008;29;;;;;9999.0;1905.0
-2;71300;INTARIAN_PEPPER_ROOT;10066;11;;;;;10077;11;10079;22;;;10071.5;4940.0
-2;71400;ASH_COATED_OSMIUM;9987;29;;;;;10006;15;10008;29;;;9996.5;2030.0
-2;71400;INTARIAN_PEPPER_ROOT;10066;12;10063;18;;;10079;18;;;;;10072.5;5020.0
-2;71500;ASH_COATED_OSMIUM;9990;13;9987;30;;;10006;13;10008;30;;;9998.0;1955.0
-2;71500;INTARIAN_PEPPER_ROOT;;;;;;;10077;11;10080;18;;;10077.0;5380.0
-2;71600;ASH_COATED_OSMIUM;9996;3;9990;15;;;10006;15;10009;20;;;10001.0;1805.0
-2;71600;INTARIAN_PEPPER_ROOT;10074;7;10066;9;;;10080;15;;;;;10077.0;5380.0
-2;71700;ASH_COATED_OSMIUM;9990;14;9987;20;;;10006;14;10008;20;;;9998.0;2011.0
-2;71700;INTARIAN_PEPPER_ROOT;10066;8;10064;16;;;10077;8;;;;;10071.5;4940.0
-2;71800;ASH_COATED_OSMIUM;9988;23;;;;;10006;10;10009;23;;;9997.0;2053.0
-2;71800;INTARIAN_PEPPER_ROOT;10064;16;;;;;10077;9;10080;16;;;10070.5;4860.0
-2;71900;ASH_COATED_OSMIUM;9990;15;9987;28;;;10006;15;10008;28;;;9998.0;2011.0
-2;71900;INTARIAN_PEPPER_ROOT;10066;12;;;;;10077;12;10080;20;;;10071.5;4940.0
-2;72000;ASH_COATED_OSMIUM;9990;15;;;;;10006;15;;;;;9998.0;2011.0
-2;72000;INTARIAN_PEPPER_ROOT;10066;12;10064;18;;;10078;12;10080;18;;;10072.0;4980.0
-2;72100;ASH_COATED_OSMIUM;9990;13;9987;23;;;10008;23;;;;;9999.0;1969.0
-2;72100;INTARIAN_PEPPER_ROOT;10067;11;10064;16;;;10078;11;10080;16;;;10072.5;5020.0
-2;72200;ASH_COATED_OSMIUM;9990;11;9987;24;;;10006;11;10008;24;;;9998.0;2011.0
-2;72200;INTARIAN_PEPPER_ROOT;10067;11;;;;;10078;11;10080;19;;;10072.5;5020.0
-2;72300;ASH_COATED_OSMIUM;9988;29;;;;;10006;10;;;;;9997.0;2053.0
-2;72300;INTARIAN_PEPPER_ROOT;10067;8;10064;16;;;10078;8;;;;;10072.5;5020.0
-2;72400;ASH_COATED_OSMIUM;9990;11;;;;;10009;21;;;;;9999.5;1948.0
-2;72400;INTARIAN_PEPPER_ROOT;10067;10;10064;19;;;10078;10;10080;19;;;10072.5;5020.0
-2;72500;ASH_COATED_OSMIUM;9991;15;9988;22;;;10007;15;10009;22;;;9999.0;1969.0
-2;72500;INTARIAN_PEPPER_ROOT;10067;10;10064;16;;;10078;10;10081;16;;;10072.5;5020.0
-2;72600;ASH_COATED_OSMIUM;9991;15;9988;21;;;10007;15;10009;21;;;9999.0;1969.0
-2;72600;INTARIAN_PEPPER_ROOT;10067;11;10065;17;;;10078;11;;;;;10072.5;5020.0
-2;72700;ASH_COATED_OSMIUM;10000;9;9991;13;;;10007;13;10009;23;;;10003.5;1748.5
-2;72700;INTARIAN_PEPPER_ROOT;10067;9;10065;23;;;10078;9;10081;23;;;10072.5;5020.0
-2;72800;ASH_COATED_OSMIUM;9990;10;9988;25;;;10000;5;10006;10;10009;25;9995.0;2182.0
-2;72800;INTARIAN_PEPPER_ROOT;10065;22;;;;;10078;8;10081;22;;;10071.5;4940.0
-2;72900;ASH_COATED_OSMIUM;9990;15;9988;23;;;10006;15;10009;23;;;9998.0;2092.0
-2;72900;INTARIAN_PEPPER_ROOT;;;;;;;10078;10;;;;;10078.0;5460.0
-2;73000;ASH_COATED_OSMIUM;9988;24;;;;;10006;13;10009;24;;;9997.0;2134.0
-2;73000;INTARIAN_PEPPER_ROOT;10065;21;;;;;10079;12;;;;;10072.0;4980.0
-2;73100;ASH_COATED_OSMIUM;;;;;;;10006;11;;;;;10006.0;1756.0
-2;73100;INTARIAN_PEPPER_ROOT;10068;8;10065;23;;;10079;8;;;;;10073.5;5100.0
-2;73200;ASH_COATED_OSMIUM;9991;13;9989;28;;;10010;28;;;;;10000.5;1987.0
-2;73200;INTARIAN_PEPPER_ROOT;10068;8;10065;17;;;10079;8;;;;;10073.5;5100.0
-2;73300;ASH_COATED_OSMIUM;9991;11;;;;;10007;11;10009;30;;;9999.0;2050.0
-2;73300;INTARIAN_PEPPER_ROOT;;;;;;;10079;10;10081;24;;;10079.0;5540.0
-2;73400;ASH_COATED_OSMIUM;10000;7;9991;11;9988;30;;;;;;;10000.0;2008.0
-2;73400;INTARIAN_PEPPER_ROOT;10068;9;;;;;10079;9;;;;;10073.5;5100.0
-2;73500;ASH_COATED_OSMIUM;9990;14;9988;20;;;10009;20;;;;;9999.5;2032.5
-2;73500;INTARIAN_PEPPER_ROOT;10065;18;;;;;10079;8;10082;18;;;10072.0;4980.0
-2;73600;ASH_COATED_OSMIUM;9990;10;9988;26;;;10006;10;10009;26;;;9998.0;2106.0
-2;73600;INTARIAN_PEPPER_ROOT;10066;24;;;;;10079;11;10082;24;;;10072.5;5020.0
-2;73700;ASH_COATED_OSMIUM;9990;12;9988;30;;;10006;12;;;;;9998.0;2106.0
-2;73700;INTARIAN_PEPPER_ROOT;10066;22;;;;;10079;12;;;;;10072.5;5020.0
-2;73800;ASH_COATED_OSMIUM;9990;11;9988;30;;;10006;11;10009;30;;;9998.0;2106.0
-2;73800;INTARIAN_PEPPER_ROOT;10068;10;;;;;10079;10;10082;24;;;10073.5;5100.0
-2;73900;ASH_COATED_OSMIUM;9991;13;9988;26;;;10007;13;10009;26;;;9999.0;2106.0
-2;73900;INTARIAN_PEPPER_ROOT;10066;20;;;;;10079;8;;;;;10072.5;5020.0
-2;74000;ASH_COATED_OSMIUM;9991;13;9988;29;;;10009;29;;;;;10000.0;2064.0
-2;74000;INTARIAN_PEPPER_ROOT;10068;12;10066;15;;;10080;12;10082;15;;;10074.0;5140.0
-2;74100;ASH_COATED_OSMIUM;9990;10;;;;;10006;10;10009;29;;;9998.0;2148.0
-2;74100;INTARIAN_PEPPER_ROOT;;;;;;;10080;10;10082;19;;;10080.0;5620.0
-2;74200;ASH_COATED_OSMIUM;9991;12;9988;27;;;10009;27;;;;;10000.0;2064.0
-2;74200;INTARIAN_PEPPER_ROOT;10069;11;10066;23;;;10080;11;10082;23;;;10074.5;5180.0
-2;74300;ASH_COATED_OSMIUM;9988;25;;;;;10007;12;10009;25;;;9997.5;2169.0
-2;74300;INTARIAN_PEPPER_ROOT;10069;10;10066;19;;;;;;;;;10069.0;4740.0
-2;74400;ASH_COATED_OSMIUM;9991;15;;;;;10007;15;10010;20;;;9999.0;2106.0
-2;74400;INTARIAN_PEPPER_ROOT;10069;11;10066;24;;;10080;11;10082;24;;;10074.5;5180.0
-2;74500;ASH_COATED_OSMIUM;9991;15;;;;;10007;15;10009;22;;;9999.0;2169.0
-2;74500;INTARIAN_PEPPER_ROOT;10069;8;10066;20;;;10080;8;;;;;10074.5;5180.0
-2;74600;ASH_COATED_OSMIUM;9989;30;;;;;10001;2;10007;11;10010;30;9995.0;2373.0
-2;74600;INTARIAN_PEPPER_ROOT;10069;12;10067;19;;;10080;12;10083;19;;;10074.5;5180.0
-2;74700;ASH_COATED_OSMIUM;9991;10;9988;24;;;10007;10;10009;24;;;9999.0;2169.0
-2;74700;INTARIAN_PEPPER_ROOT;10069;9;;;;;10080;9;10083;18;;;10074.5;5180.0
-2;74800;ASH_COATED_OSMIUM;9991;14;;;;;10007;14;10009;25;;;9999.0;2169.0
-2;74800;INTARIAN_PEPPER_ROOT;10069;9;;;;;10080;9;10083;19;;;10074.5;5180.0
-2;74900;ASH_COATED_OSMIUM;9989;24;;;;;10007;13;10010;24;;;9998.0;2220.0
-2;74900;INTARIAN_PEPPER_ROOT;10069;8;10067;21;;;10080;8;10083;21;;;10074.5;5180.0
-2;75000;ASH_COATED_OSMIUM;9991;12;9989;30;;;10010;30;;;;;10000.5;2092.5
-2;75000;INTARIAN_PEPPER_ROOT;10069;8;10067;18;;;10083;18;;;;;10076.0;5300.0
-2;75100;ASH_COATED_OSMIUM;9991;12;9989;25;;;10010;25;;;;;10000.5;2092.5
-2;75100;INTARIAN_PEPPER_ROOT;10070;11;10067;21;;;10077;7;10081;11;10083;21;10073.5;5100.0
-2;75200;ASH_COATED_OSMIUM;9989;20;;;;;10010;20;;;;;9999.5;2143.5
-2;75200;INTARIAN_PEPPER_ROOT;10070;10;10067;16;;;10081;10;10083;16;;;10075.5;5260.0
-2;75300;ASH_COATED_OSMIUM;9991;10;9989;27;;;10001;3;10007;10;10010;27;9996.0;2322.0
-2;75300;INTARIAN_PEPPER_ROOT;10067;20;;;;;10081;11;10083;20;;;10074.0;5140.0
-2;75400;ASH_COATED_OSMIUM;9989;30;;;;;;;;;;;9989.0;2679.0
-2;75400;INTARIAN_PEPPER_ROOT;10070;10;10067;15;;;10081;10;10083;15;;;10075.5;5260.0
-2;75500;ASH_COATED_OSMIUM;9992;12;9989;29;;;10008;12;10010;29;;;10000.0;2118.0
-2;75500;INTARIAN_PEPPER_ROOT;10070;11;10067;15;;;10081;11;10084;15;;;10075.5;5260.0
-2;75600;ASH_COATED_OSMIUM;9992;11;9989;20;;;10001;2;10010;20;;;9996.5;2296.5
-2;75600;INTARIAN_PEPPER_ROOT;10070;9;10068;22;;;10081;9;;;;;10075.5;5260.0
-2;75700;ASH_COATED_OSMIUM;9991;15;;;;;10007;15;10010;21;;;9999.0;2169.0
-2;75700;INTARIAN_PEPPER_ROOT;10070;12;10068;15;;;10084;15;;;;;10077.0;5380.0
-2;75800;ASH_COATED_OSMIUM;9991;15;9989;21;;;10007;15;10010;21;;;9999.0;2169.0
-2;75800;INTARIAN_PEPPER_ROOT;10070;9;10068;23;;;10081;9;10084;23;;;10075.5;5260.0
-2;75900;ASH_COATED_OSMIUM;9991;14;9989;30;;;10007;14;10010;30;;;9999.0;2169.0
-2;75900;INTARIAN_PEPPER_ROOT;10070;8;10068;20;;;10081;8;10084;20;;;10075.5;5260.0
-2;76000;ASH_COATED_OSMIUM;;;;;;;10008;15;10010;21;;;10008.0;1703.0
-2;76000;INTARIAN_PEPPER_ROOT;10068;20;;;;;10082;11;10084;20;;;10075.0;5220.0
-2;76100;ASH_COATED_OSMIUM;9992;10;9989;26;;;10008;10;10010;26;;;10000.0;2167.0
-2;76100;INTARIAN_PEPPER_ROOT;10071;9;10068;18;;;10082;9;10084;18;;;10076.5;5340.0
-2;76200;ASH_COATED_OSMIUM;9992;14;9990;26;;;10008;14;10011;26;;;10000.0;2167.0
-2;76200;INTARIAN_PEPPER_ROOT;10071;11;10068;21;;;10082;11;10084;21;;;10076.5;5340.0
-2;76300;ASH_COATED_OSMIUM;9990;27;;;;;10009;13;10011;27;;;9999.5;2196.0
-2;76300;INTARIAN_PEPPER_ROOT;10071;8;10068;20;;;10082;8;10084;20;;;10076.5;5340.0
-2;76400;ASH_COATED_OSMIUM;9992;11;9990;26;;;10008;11;10011;26;;;10000.0;2167.0
-2;76400;INTARIAN_PEPPER_ROOT;10071;8;;;;;10082;8;10084;16;;;10076.5;5340.0
-2;76500;ASH_COATED_OSMIUM;9990;30;;;;;10009;13;10011;30;;;9999.5;2196.0
-2;76500;INTARIAN_PEPPER_ROOT;10071;11;10068;23;;;10082;11;;;;;10076.5;5340.0
-2;76600;ASH_COATED_OSMIUM;10003;8;9993;12;9991;29;10009;12;10012;29;;;10006.0;1795.0
-2;76600;INTARIAN_PEPPER_ROOT;10071;9;;;;;10085;20;;;;;10078.0;5460.0
-2;76700;ASH_COATED_OSMIUM;9993;14;9990;20;;;10009;14;10011;20;;;10001.0;2125.0
-2;76700;INTARIAN_PEPPER_ROOT;10071;10;;;;;10082;10;;;;;10076.5;5340.0
-2;76800;ASH_COATED_OSMIUM;;;;;;;10009;14;10012;25;;;10009.0;1597.0
-2;76800;INTARIAN_PEPPER_ROOT;10071;11;10069;23;;;10082;11;10085;23;;;10076.5;5340.0
-2;76900;ASH_COATED_OSMIUM;9991;30;;;;;10009;13;10012;30;;;10000.0;2191.0
-2;76900;INTARIAN_PEPPER_ROOT;10071;12;10069;23;;;10082;12;10085;23;;;10076.5;5340.0
-2;77000;ASH_COATED_OSMIUM;9994;11;9991;25;;;10010;11;10012;25;;;10002.0;2059.0
-2;77000;INTARIAN_PEPPER_ROOT;10071;11;10069;21;;;10083;11;10085;21;;;10077.0;5380.0
-2;77100;ASH_COATED_OSMIUM;9994;11;;;;;;;;;;;9994.0;2587.0
-2;77100;INTARIAN_PEPPER_ROOT;10072;10;;;;;10083;10;10085;23;;;10077.5;5420.0
-2;77200;ASH_COATED_OSMIUM;9993;15;9991;26;;;10009;15;10012;26;;;10001.0;2125.0
-2;77200;INTARIAN_PEPPER_ROOT;10072;12;;;;;10083;12;;;;;10077.5;5420.0
-2;77300;ASH_COATED_OSMIUM;;;;;;;10009;12;10012;30;;;10009.0;1597.0
-2;77300;INTARIAN_PEPPER_ROOT;10072;9;;;;;10083;9;10085;25;;;10077.5;5420.0
-2;77400;ASH_COATED_OSMIUM;9991;27;;;;;10009;11;10012;27;;;10000.0;2191.0
-2;77400;INTARIAN_PEPPER_ROOT;10072;12;10069;18;;;10083;12;10085;18;;;10077.5;5420.0
-2;77500;ASH_COATED_OSMIUM;10003;9;9994;10;9991;20;10010;10;;;;;10006.5;1730.5
-2;77500;INTARIAN_PEPPER_ROOT;10072;8;;;;;10083;8;10086;24;;;10077.5;5420.0
-2;77600;ASH_COATED_OSMIUM;9991;25;;;;;10009;13;10012;25;;;10000.0;2218.0
-2;77600;INTARIAN_PEPPER_ROOT;10072;10;10070;22;;;;;;;;;10072.0;4980.0
-2;77700;ASH_COATED_OSMIUM;10003;6;9994;11;9991;24;10012;24;;;;;10007.5;1633.0
-2;77700;INTARIAN_PEPPER_ROOT;10072;11;10070;17;;;10086;17;;;;;10079.0;5540.0
-2;77800;ASH_COATED_OSMIUM;10003;9;9994;10;9991;24;10010;10;10012;24;;;10006.5;1713.0
-2;77800;INTARIAN_PEPPER_ROOT;10072;8;10070;19;;;10083;8;10086;19;;;10077.5;5420.0
-2;77900;ASH_COATED_OSMIUM;9994;15;9991;30;;;10010;15;10012;30;;;10002.0;2073.0
-2;77900;INTARIAN_PEPPER_ROOT;10072;10;10070;17;;;;;;;;;10072.0;4980.0
-2;78000;ASH_COATED_OSMIUM;9994;13;9992;27;;;10013;27;;;;;10003.5;1953.0
-2;78000;INTARIAN_PEPPER_ROOT;10072;12;10070;15;;;;;;;;;10072.0;4980.0
-2;78100;ASH_COATED_OSMIUM;9995;13;9993;30;;;10011;13;10014;30;;;10003.0;1993.0
-2;78100;INTARIAN_PEPPER_ROOT;10073;9;10070;17;;;10086;17;;;;;10079.5;5580.0
-2;78200;ASH_COATED_OSMIUM;9994;15;9992;20;;;10010;15;10013;20;;;10002.0;2073.0
-2;78200;INTARIAN_PEPPER_ROOT;10073;11;10070;21;;;10084;11;10086;21;;;10078.5;5500.0
-2;78300;ASH_COATED_OSMIUM;9994;10;;;;;10010;10;10012;22;;;10002.0;2073.0
-2;78300;INTARIAN_PEPPER_ROOT;10073;12;;;;;10084;12;10086;16;;;10078.5;5500.0
-2;78400;ASH_COATED_OSMIUM;9994;15;9992;26;;;10010;15;10013;26;;;10002.0;2073.0
-2;78400;INTARIAN_PEPPER_ROOT;10073;8;10070;25;;;10086;25;;;;;10079.5;5580.0
-2;78500;ASH_COATED_OSMIUM;9994;15;9992;30;;;10000;6;;;;;9997.0;2455.0
-2;78500;INTARIAN_PEPPER_ROOT;10073;8;10070;22;;;10084;8;10087;22;;;10078.5;5500.0
-2;78600;ASH_COATED_OSMIUM;9992;30;;;;;10010;10;;;;;10001.0;2159.0
-2;78600;INTARIAN_PEPPER_ROOT;10073;12;;;;;10084;12;10087;21;;;10078.5;5500.0
-2;78700;ASH_COATED_OSMIUM;9994;11;;;;;10010;11;10013;27;;;10002.0;2085.0
-2;78700;INTARIAN_PEPPER_ROOT;10073;12;10071;21;;;10084;12;;;;;10078.5;5500.0
-2;78800;ASH_COATED_OSMIUM;9994;13;;;;;;;;;;;9994.0;2677.0
-2;78800;INTARIAN_PEPPER_ROOT;10073;8;;;;;10087;19;;;;;10080.0;5620.0
-2;78900;ASH_COATED_OSMIUM;9994;11;9992;30;;;10010;11;10013;30;;;10002.0;2085.0
-2;78900;INTARIAN_PEPPER_ROOT;10073;9;10071;18;;;10087;18;;;;;10080.0;5620.0
-2;79000;ASH_COATED_OSMIUM;9994;15;9991;21;;;10010;15;;;;;10002.0;2085.0
-2;79000;INTARIAN_PEPPER_ROOT;10073;11;10071;18;;;10085;11;10087;18;;;10079.0;5540.0
-2;79100;ASH_COATED_OSMIUM;9994;15;9991;27;;;10010;15;10012;27;;;10002.0;2085.0
-2;79100;INTARIAN_PEPPER_ROOT;10071;19;;;;;10087;19;;;;;10079.0;5540.0
-2;79200;ASH_COATED_OSMIUM;9994;10;9991;29;;;10010;10;;;;;10002.0;2085.0
-2;79200;INTARIAN_PEPPER_ROOT;10074;11;10071;22;;;10085;11;10087;22;;;10079.5;5580.0
-2;79300;ASH_COATED_OSMIUM;;;;;;;10009;14;;;;;10009.0;1567.0
-2;79300;INTARIAN_PEPPER_ROOT;10077;11;10074;8;10071;15;10085;8;10087;15;;;10081.0;5700.0
-2;79400;ASH_COATED_OSMIUM;9992;15;9990;20;;;10008;15;10011;20;;;10000.0;2233.0
-2;79400;INTARIAN_PEPPER_ROOT;10071;15;;;;;10087;15;;;;;10079.0;5540.0
-2;79500;ASH_COATED_OSMIUM;9992;10;;;;;10008;10;;;;;10000.0;2233.0
-2;79500;INTARIAN_PEPPER_ROOT;10074;9;;;;;10088;20;;;;;10081.0;5700.0
-2;79600;ASH_COATED_OSMIUM;9992;11;;;;;10008;11;;;;;10000.0;2275.0
-2;79600;INTARIAN_PEPPER_ROOT;10074;11;10072;22;;;10085;11;10088;22;;;10079.5;5580.0
-2;79700;ASH_COATED_OSMIUM;9992;13;9990;30;;;10008;13;;;;;10000.0;2275.0
-2;79700;INTARIAN_PEPPER_ROOT;10074;10;10072;22;;;10085;10;10088;22;;;10079.5;5580.0
-2;79800;ASH_COATED_OSMIUM;9990;20;;;;;10011;20;;;;;10000.5;2235.0
-2;79800;INTARIAN_PEPPER_ROOT;10072;17;;;;;10085;10;;;;;10078.5;5500.0
-2;79900;ASH_COATED_OSMIUM;10001;8;9992;10;;;10008;10;;;;;10004.5;1915.0
-2;79900;INTARIAN_PEPPER_ROOT;10074;9;;;;;10085;9;;;;;10079.5;5580.0
-2;80000;ASH_COATED_OSMIUM;9992;11;9989;30;;;10008;11;10010;30;;;10000.0;2275.0
-2;80000;INTARIAN_PEPPER_ROOT;10074;9;10072;17;;;10086;9;10088;17;;;10080.0;5620.0
-2;80100;ASH_COATED_OSMIUM;9992;12;9989;30;;;10008;12;;;;;10000.0;2275.0
-2;80100;INTARIAN_PEPPER_ROOT;10075;11;;;;;10086;11;10088;19;;;10080.5;5660.0
-2;80200;ASH_COATED_OSMIUM;9992;11;9989;25;;;10008;11;10010;25;;;10000.0;2275.0
-2;80200;INTARIAN_PEPPER_ROOT;10075;12;10072;25;;;10086;12;10088;25;;;10080.5;5660.0
-2;80300;ASH_COATED_OSMIUM;9991;10;9989;29;;;10007;10;10010;29;;;9999.0;2355.0
-2;80300;INTARIAN_PEPPER_ROOT;10075;9;10072;25;;;10086;9;10088;25;;;10080.5;5660.0
-2;80400;ASH_COATED_OSMIUM;9991;14;9989;23;;;10007;14;;;;;9999.0;2355.0
-2;80400;INTARIAN_PEPPER_ROOT;10075;8;;;;;10086;8;10088;19;;;10080.5;5660.0
-2;80500;ASH_COATED_OSMIUM;9992;12;;;;;10008;12;;;;;10000.0;2275.0
-2;80500;INTARIAN_PEPPER_ROOT;10075;12;10072;15;;;10086;12;10089;15;;;10080.5;5660.0
-2;80600;ASH_COATED_OSMIUM;9992;14;9989;26;;;10008;14;10010;26;;;10000.0;2275.0
-2;80600;INTARIAN_PEPPER_ROOT;10075;8;10073;18;;;10089;18;;;;;10082.0;5780.0
-2;80700;ASH_COATED_OSMIUM;9992;10;9989;27;;;10008;10;10010;27;;;10000.0;2275.0
-2;80700;INTARIAN_PEPPER_ROOT;10075;8;10073;21;;;10086;8;10089;21;;;10080.5;5660.0
-2;80800;ASH_COATED_OSMIUM;9991;10;;;;;10010;25;;;;;10000.5;2235.0
-2;80800;INTARIAN_PEPPER_ROOT;10075;11;10073;23;;;10086;11;;;;;10080.5;5660.0
-2;80900;ASH_COATED_OSMIUM;9991;11;9989;28;;;10007;11;10010;28;;;9999.0;2355.0
-2;80900;INTARIAN_PEPPER_ROOT;10075;9;10073;19;;;10089;19;;;;;10082.0;5780.0
-2;81000;ASH_COATED_OSMIUM;9991;15;9989;30;;;10010;30;;;;;10000.5;2235.0
-2;81000;INTARIAN_PEPPER_ROOT;10075;9;10073;23;;;10087;9;10089;23;;;10081.0;5700.0
-2;81100;ASH_COATED_OSMIUM;9989;28;;;;;10008;12;;;;;9998.5;2395.0
-2;81100;INTARIAN_PEPPER_ROOT;10076;10;10073;15;;;10087;10;10089;15;;;10081.5;5740.0
-2;81200;ASH_COATED_OSMIUM;9991;11;;;;;10007;11;10010;26;;;9999.0;2397.0
-2;81200;INTARIAN_PEPPER_ROOT;10076;11;;;;;10087;11;10089;23;;;10081.5;5740.0
-2;81300;ASH_COATED_OSMIUM;9991;14;9989;20;;;10007;14;10010;20;;;9999.0;2397.0
-2;81300;INTARIAN_PEPPER_ROOT;10076;9;10073;20;;;10089;20;;;;;10082.5;5820.0
-2;81400;ASH_COATED_OSMIUM;9992;11;9989;21;;;10008;11;10010;21;;;10000.0;2323.0
-2;81400;INTARIAN_PEPPER_ROOT;10076;11;10073;16;;;10087;11;10089;16;;;10081.5;5740.0
-2;81500;ASH_COATED_OSMIUM;9991;10;9989;28;;;10010;28;;;;;10000.5;2286.0
-2;81500;INTARIAN_PEPPER_ROOT;10076;8;;;;;10087;8;;;;;10081.5;5740.0
-2;81600;ASH_COATED_OSMIUM;9991;12;9989;20;;;10007;12;10010;20;;;9999.0;2397.0
-2;81600;INTARIAN_PEPPER_ROOT;10076;12;10074;25;;;10087;12;10090;25;;;10081.5;5740.0
-2;81700;ASH_COATED_OSMIUM;9992;12;;;;;10008;12;10010;25;;;10000.0;2323.0
-2;81700;INTARIAN_PEPPER_ROOT;10076;11;10074;20;;;10090;20;;;;;10083.0;5860.0
-2;81800;ASH_COATED_OSMIUM;;;;;;;10007;15;10010;28;;;10007.0;1805.0
-2;81800;INTARIAN_PEPPER_ROOT;10076;9;10074;16;;;10090;16;;;;;10083.0;5860.0
-2;81900;ASH_COATED_OSMIUM;9991;13;9989;25;;;10010;25;;;;;10000.5;2286.0
-2;81900;INTARIAN_PEPPER_ROOT;10076;10;10074;25;;;10087;10;10090;25;;;10081.5;5740.0
-2;82000;ASH_COATED_OSMIUM;9991;13;9988;30;;;10007;13;10009;30;;;9999.0;2397.0
-2;82000;INTARIAN_PEPPER_ROOT;;;;;;;10088;12;10090;19;;;10088.0;6260.0
-2;82100;ASH_COATED_OSMIUM;9988;21;;;;;10007;15;10009;21;;;9997.5;2508.0
-2;82100;INTARIAN_PEPPER_ROOT;10077;12;10074;15;;;10088;12;10090;15;;;10082.5;5820.0
-2;82200;ASH_COATED_OSMIUM;9991;11;9988;28;;;10007;11;10009;28;;;9999.0;2397.0
-2;82200;INTARIAN_PEPPER_ROOT;10077;8;;;;;10090;16;;;;;10083.5;5900.0
-2;82300;ASH_COATED_OSMIUM;9990;10;9988;26;;;10009;26;;;;;9999.5;2360.0
-2;82300;INTARIAN_PEPPER_ROOT;10074;17;;;;;10088;8;;;;;10081.0;5700.0
-2;82400;ASH_COATED_OSMIUM;9991;12;9988;24;;;;;;;;;9991.0;2989.0
-2;82400;INTARIAN_PEPPER_ROOT;10077;9;10074;19;;;10090;19;;;;;10083.5;5900.0
-2;82500;ASH_COATED_OSMIUM;9990;10;9988;24;;;10006;10;10009;24;;;9998.0;2471.0
-2;82500;INTARIAN_PEPPER_ROOT;;;;;;;10088;12;10091;17;;;10088.0;6260.0
-2;82600;ASH_COATED_OSMIUM;9988;21;;;;;10007;14;10009;21;;;9997.5;2508.0
-2;82600;INTARIAN_PEPPER_ROOT;10077;8;10075;16;;;10088;8;10091;16;;;10082.5;5820.0
-2;82700;ASH_COATED_OSMIUM;9988;30;;;;;10007;12;;;;;9997.5;2508.0
-2;82700;INTARIAN_PEPPER_ROOT;10077;10;10075;23;;;10079;8;10088;10;10091;23;10078.0;5460.0
-2;82800;ASH_COATED_OSMIUM;9991;10;;;;;10009;21;;;;;10000.0;2323.0
-2;82800;INTARIAN_PEPPER_ROOT;10077;11;10075;23;;;10088;11;10091;23;;;10082.5;5820.0
-2;82900;ASH_COATED_OSMIUM;9990;11;9988;22;;;;;;;;;9990.0;3063.0
-2;82900;INTARIAN_PEPPER_ROOT;10077;12;10075;16;;;10088;12;10091;16;;;10082.5;5820.0
-2;83000;ASH_COATED_OSMIUM;9991;15;;;;;10007;15;10009;30;;;9999.0;2397.0
-2;83000;INTARIAN_PEPPER_ROOT;10075;21;;;;;10089;10;10091;21;;;10082.0;5780.0
-2;83100;ASH_COATED_OSMIUM;9991;15;9988;20;;;10009;20;;;;;10000.0;2323.0
-2;83100;INTARIAN_PEPPER_ROOT;10078;11;10075;22;;;10089;11;10091;22;;;10083.5;5900.0
-2;83200;ASH_COATED_OSMIUM;;;;;;;10007;14;;;;;10007.0;1805.0
-2;83200;INTARIAN_PEPPER_ROOT;10075;22;;;;;10091;22;;;;;10083.0;5860.0
-2;83300;ASH_COATED_OSMIUM;9991;10;9988;22;;;10007;10;;;;;9999.0;2397.0
-2;83300;INTARIAN_PEPPER_ROOT;10078;12;10075;17;;;10089;12;10091;17;;;10083.5;5900.0
-2;83400;ASH_COATED_OSMIUM;9991;13;9988;28;;;10009;28;;;;;10000.0;2323.0
-2;83400;INTARIAN_PEPPER_ROOT;10078;12;10075;23;;;10089;12;10091;23;;;10083.5;5900.0
-2;83500;ASH_COATED_OSMIUM;9991;13;9988;27;;;10009;27;;;;;10000.0;2323.0
-2;83500;INTARIAN_PEPPER_ROOT;10075;20;;;;;10089;12;10092;20;;;10082.0;5780.0
-2;83600;ASH_COATED_OSMIUM;9991;10;9989;23;;;10007;10;10010;23;;;9999.0;2397.0
-2;83600;INTARIAN_PEPPER_ROOT;10078;10;10076;23;;;10089;10;10092;23;;;10083.5;5900.0
-2;83700;ASH_COATED_OSMIUM;9991;12;;;;;10007;12;10010;26;;;9999.0;2397.0
-2;83700;INTARIAN_PEPPER_ROOT;10078;12;10076;23;;;10089;12;10092;23;;;10083.5;5900.0
-2;83800;ASH_COATED_OSMIUM;9991;15;;;;;10007;15;;;;;9999.0;2397.0
-2;83800;INTARIAN_PEPPER_ROOT;10078;8;10076;19;;;10092;19;;;;;10085.0;6020.0
-2;83900;ASH_COATED_OSMIUM;9991;15;9988;26;;;10007;15;10009;26;;;9999.0;2397.0
-2;83900;INTARIAN_PEPPER_ROOT;10078;8;10076;22;;;10089;8;10092;22;;;10083.5;5900.0
-2;84000;ASH_COATED_OSMIUM;9991;12;9989;25;;;;;;;;;9991.0;2989.0
-2;84000;INTARIAN_PEPPER_ROOT;10078;12;10076;24;;;10090;12;10092;24;;;10084.0;5940.0
-2;84100;ASH_COATED_OSMIUM;9991;10;9988;26;;;10007;10;10009;26;;;9999.0;2397.0
-2;84100;INTARIAN_PEPPER_ROOT;10079;11;10076;21;;;10090;11;10092;21;;;10084.5;5980.0
-2;84200;ASH_COATED_OSMIUM;9991;13;9988;25;;;10007;13;10009;25;;;9999.0;2397.0
-2;84200;INTARIAN_PEPPER_ROOT;10079;8;10076;21;;;10090;8;10092;21;;;10084.5;5980.0
-2;84300;ASH_COATED_OSMIUM;9991;14;9988;25;;;10007;14;;;;;9999.0;2397.0
-2;84300;INTARIAN_PEPPER_ROOT;10079;9;10076;19;;;10090;9;10092;19;;;10084.5;5980.0
-2;84400;ASH_COATED_OSMIUM;;;;;;;10006;10;10008;28;;;10006.0;1879.0
-2;84400;INTARIAN_PEPPER_ROOT;10079;8;10076;23;;;10092;23;;;;;10085.5;6060.0
-2;84500;ASH_COATED_OSMIUM;9990;14;;;;;10006;14;10008;28;;;9998.0;2471.0
-2;84500;INTARIAN_PEPPER_ROOT;10079;9;10076;17;;;10093;17;;;;;10086.0;6100.0
-2;84600;ASH_COATED_OSMIUM;9990;11;9988;26;;;10006;11;;;;;9998.0;2485.0
-2;84600;INTARIAN_PEPPER_ROOT;10079;11;10077;22;;;;;;;;;10079.0;5540.0
-2;84700;ASH_COATED_OSMIUM;9987;26;;;;;10006;10;10008;26;;;9996.5;2593.0
-2;84700;INTARIAN_PEPPER_ROOT;10079;11;10077;22;;;10093;22;;;;;10086.0;6100.0
-2;84800;ASH_COATED_OSMIUM;9990;13;9988;23;;;10006;13;10009;23;;;9998.0;2485.0
-2;84800;INTARIAN_PEPPER_ROOT;10079;10;10077;23;;;10090;10;;;;;10084.5;5980.0
-2;84900;ASH_COATED_OSMIUM;9990;12;9988;26;;;10006;12;;;;;9998.0;2485.0
-2;84900;INTARIAN_PEPPER_ROOT;10077;21;;;;;10090;10;10093;21;;;10083.5;5900.0
-2;85000;ASH_COATED_OSMIUM;9990;15;9988;30;;;10006;15;10009;30;;;9998.0;2485.0
-2;85000;INTARIAN_PEPPER_ROOT;10079;12;10077;18;;;10091;12;10093;18;;;10085.0;6020.0
-2;85100;ASH_COATED_OSMIUM;9990;11;9987;25;;;10008;25;;;;;9999.0;2413.0
-2;85100;INTARIAN_PEPPER_ROOT;10080;12;10077;24;;;10091;12;10093;24;;;10085.5;6060.0
-2;85200;ASH_COATED_OSMIUM;9987;26;;;;;10006;14;10008;26;;;9996.5;2593.0
-2;85200;INTARIAN_PEPPER_ROOT;10080;9;10077;18;;;10091;9;10093;18;;;10085.5;6060.0
-2;85300;ASH_COATED_OSMIUM;9990;11;;;;;10006;11;10008;26;;;9998.0;2485.0
-2;85300;INTARIAN_PEPPER_ROOT;10077;21;;;;;10093;21;;;;;10085.0;6020.0
-2;85400;ASH_COATED_OSMIUM;9990;10;9987;28;;;10006;10;10008;28;;;9998.0;2485.0
-2;85400;INTARIAN_PEPPER_ROOT;10080;10;;;;;10091;10;;;;;10085.5;6060.0
-2;85500;ASH_COATED_OSMIUM;9996;5;9990;15;9988;28;10006;15;10009;28;;;10001.0;2269.0
-2;85500;INTARIAN_PEPPER_ROOT;10080;8;10077;17;;;10091;8;10094;17;;;10085.5;6060.0
-2;85600;ASH_COATED_OSMIUM;9991;13;9988;28;;;10007;13;10009;28;;;9999.0;2413.0
-2;85600;INTARIAN_PEPPER_ROOT;10080;8;10078;24;;;10091;8;10094;24;;;10085.5;6060.0
-2;85700;ASH_COATED_OSMIUM;9991;12;9988;28;;;10007;12;10009;28;;;9999.0;2413.0
-2;85700;INTARIAN_PEPPER_ROOT;10080;8;;;;;10091;8;;;;;10085.5;6060.0
-2;85800;ASH_COATED_OSMIUM;9991;14;9988;28;;;10007;14;10009;28;;;9999.0;2413.0
-2;85800;INTARIAN_PEPPER_ROOT;10080;8;;;;;10091;8;10094;17;;;10085.5;6060.0
-2;85900;ASH_COATED_OSMIUM;9991;10;9988;29;;;;;;;;;9991.0;2989.0
-2;85900;INTARIAN_PEPPER_ROOT;10080;12;;;;;10091;12;10094;25;;;10085.5;6060.0
-2;86000;ASH_COATED_OSMIUM;9991;10;;;;;10009;22;;;;;10000.0;2341.0
-2;86000;INTARIAN_PEPPER_ROOT;10080;12;10078;19;;;10092;12;10094;19;;;10086.0;6100.0
-2;86100;ASH_COATED_OSMIUM;9991;15;;;;;10007;15;10009;20;;;9999.0;2455.0
-2;86100;INTARIAN_PEPPER_ROOT;10081;12;10078;19;;;10092;12;10094;19;;;10086.5;6140.0
-2;86200;ASH_COATED_OSMIUM;9991;14;9989;28;;;10010;28;;;;;10000.5;2372.0
-2;86200;INTARIAN_PEPPER_ROOT;10081;9;;;;;10092;9;10094;23;;;10086.5;6140.0
-2;86300;ASH_COATED_OSMIUM;9991;13;;;;;10007;13;10010;28;;;9999.0;2483.0
-2;86300;INTARIAN_PEPPER_ROOT;10081;9;10078;25;;;10092;9;10094;25;;;10086.5;6140.0
-2;86400;ASH_COATED_OSMIUM;9992;11;9989;30;;;10008;11;10010;30;;;10000.0;2409.0
-2;86400;INTARIAN_PEPPER_ROOT;10081;12;10078;16;;;10094;16;;;;;10087.5;6220.0
-2;86500;ASH_COATED_OSMIUM;9991;11;9989;21;;;9997;6;;;;;9994.0;2835.0
-2;86500;INTARIAN_PEPPER_ROOT;10081;8;10078;18;;;10095;18;;;;;10088.0;6260.0
-2;86600;ASH_COATED_OSMIUM;9991;10;;;;;10007;10;;;;;9999.0;2495.0
-2;86600;INTARIAN_PEPPER_ROOT;10081;12;10079;20;;;10083;3;10092;12;10095;20;10082.0;5780.0
-2;86700;ASH_COATED_OSMIUM;9991;14;9988;21;;;10007;14;10009;21;;;9999.0;2495.0
-2;86700;INTARIAN_PEPPER_ROOT;10081;10;10079;18;;;10092;10;10095;18;;;10086.5;6140.0
-2;86800;ASH_COATED_OSMIUM;9991;15;9988;23;;;10007;15;10009;23;;;9999.0;2495.0
-2;86800;INTARIAN_PEPPER_ROOT;10079;24;;;;;10092;10;10095;24;;;10085.5;6060.0
-2;86900;ASH_COATED_OSMIUM;10001;5;;;;;10010;22;;;;;10005.5;2030.5
-2;86900;INTARIAN_PEPPER_ROOT;10081;9;10079;15;;;10095;15;;;;;10088.0;6260.0
-2;87000;ASH_COATED_OSMIUM;9991;15;9989;22;;;10007;15;10010;22;;;9999.0;2505.0
-2;87000;INTARIAN_PEPPER_ROOT;10081;10;10079;24;;;10093;10;10095;24;;;10087.0;6180.0
-2;87100;ASH_COATED_OSMIUM;9991;12;9989;23;;;10007;12;10010;23;;;9999.0;2505.0
-2;87100;INTARIAN_PEPPER_ROOT;10082;12;10079;20;;;10093;12;10095;20;;;10087.5;6220.0
-2;87200;ASH_COATED_OSMIUM;9991;15;;;;;10007;15;10010;20;;;9999.0;2505.0
-2;87200;INTARIAN_PEPPER_ROOT;10082;9;;;;;10093;9;10095;17;;;10087.5;6220.0
-2;87300;ASH_COATED_OSMIUM;9992;11;9989;30;;;10008;11;10010;30;;;10000.0;2432.0
-2;87300;INTARIAN_PEPPER_ROOT;;;;;;;10093;11;10095;18;;;10093.0;6660.0
-2;87400;ASH_COATED_OSMIUM;9991;12;9988;28;;;10007;12;10009;28;;;9999.0;2505.0
-2;87400;INTARIAN_PEPPER_ROOT;10082;8;10079;22;;;10093;8;10095;22;;;10087.5;6220.0
-2;87500;ASH_COATED_OSMIUM;9988;22;;;;;10007;14;10009;22;;;9997.5;2614.5
-2;87500;INTARIAN_PEPPER_ROOT;10079;24;;;;;10093;12;10096;24;;;10086.0;6100.0
-2;87600;ASH_COATED_OSMIUM;9990;13;;;;;10009;28;;;;;9999.5;2468.5
-2;87600;INTARIAN_PEPPER_ROOT;;;;;;;10096;21;;;;;10096.0;6900.0
-2;87700;ASH_COATED_OSMIUM;9988;20;;;;;10006;12;10009;20;;;9997.0;2651.0
-2;87700;INTARIAN_PEPPER_ROOT;10082;10;10080;22;;;;;;;;;10082.0;5780.0
-2;87800;ASH_COATED_OSMIUM;9996;5;9988;20;;;10006;14;10009;20;;;10001.0;2359.0
-2;87800;INTARIAN_PEPPER_ROOT;10080;22;;;;;10096;22;;;;;10088.0;6260.0
-2;87900;ASH_COATED_OSMIUM;9991;14;9988;25;;;10007;14;10009;25;;;9999.0;2505.0
-2;87900;INTARIAN_PEPPER_ROOT;;;;;;;10096;22;;;;;10096.0;6900.0
-2;88000;ASH_COATED_OSMIUM;9991;12;9988;25;;;;;;;;;9991.0;3089.0
-2;88000;INTARIAN_PEPPER_ROOT;10080;24;;;;;10094;8;10096;24;;;10087.0;6180.0
-2;88100;ASH_COATED_OSMIUM;9991;10;9988;28;;;10007;10;10009;28;;;9999.0;2505.0
-2;88100;INTARIAN_PEPPER_ROOT;10083;11;10080;18;;;10094;11;10096;18;;;10088.5;6300.0
-2;88200;ASH_COATED_OSMIUM;9990;11;9988;26;;;10006;11;10009;26;;;9998.0;2578.0
-2;88200;INTARIAN_PEPPER_ROOT;10083;12;;;;;10094;12;10096;19;;;10088.5;6300.0
-2;88300;ASH_COATED_OSMIUM;9990;11;;;;;10006;11;10009;24;;;9998.0;2578.0
-2;88300;INTARIAN_PEPPER_ROOT;;;;;;;10096;23;;;;;10096.0;6900.0
-2;88400;ASH_COATED_OSMIUM;9990;10;9988;28;;;10009;28;;;;;9999.5;2468.5
-2;88400;INTARIAN_PEPPER_ROOT;10083;9;;;;;10094;9;10096;17;;;10088.5;6300.0
-2;88500;ASH_COATED_OSMIUM;9990;12;9987;20;;;10006;12;10008;20;;;9998.0;2578.0
-2;88500;INTARIAN_PEPPER_ROOT;10083;8;10080;17;;;10094;8;10097;17;;;10088.5;6300.0
-2;88600;ASH_COATED_OSMIUM;9990;12;9987;25;;;10006;12;10008;25;;;9998.0;2578.0
-2;88600;INTARIAN_PEPPER_ROOT;10081;21;;;;;10094;8;10097;21;;;10087.5;6220.0
-2;88700;ASH_COATED_OSMIUM;9989;11;;;;;10005;11;10008;28;;;9997.0;2651.0
-2;88700;INTARIAN_PEPPER_ROOT;;;;;;;10094;9;;;;;10094.0;6740.0
-2;88800;ASH_COATED_OSMIUM;9988;10;9986;29;;;10004;10;10007;29;;;9996.0;2724.0
-2;88800;INTARIAN_PEPPER_ROOT;10083;8;10081;23;;;10094;8;10097;23;;;10088.5;6300.0
-2;88900;ASH_COATED_OSMIUM;9988;15;9986;27;;;10004;15;10007;27;;;9996.0;2724.0
-2;88900;INTARIAN_PEPPER_ROOT;10083;8;10081;25;;;10094;8;10097;25;;;10088.5;6300.0
-2;89000;ASH_COATED_OSMIUM;9988;10;9986;23;;;10004;10;10007;23;;;9996.0;2724.0
-2;89000;INTARIAN_PEPPER_ROOT;10092;3;10081;21;;;10095;8;10097;21;;;10093.5;6700.0
-2;89100;ASH_COATED_OSMIUM;9986;27;;;;;10004;11;10007;27;;;9995.0;2797.0
-2;89100;INTARIAN_PEPPER_ROOT;10084;10;10081;23;;;10095;10;;;;;10089.5;6380.0
-2;89200;ASH_COATED_OSMIUM;9988;15;9986;28;;;10004;15;10007;28;;;9996.0;2724.0
-2;89200;INTARIAN_PEPPER_ROOT;;;;;;;10097;18;;;;;10097.0;6980.0
-2;89300;ASH_COATED_OSMIUM;9988;12;9985;25;;;10004;12;;;;;9996.0;2724.0
-2;89300;INTARIAN_PEPPER_ROOT;10084;8;;;;;10095;8;10097;23;;;10089.5;6380.0
-2;89400;ASH_COATED_OSMIUM;9985;22;;;;;10003;10;10006;22;;;9994.0;2870.0
-2;89400;INTARIAN_PEPPER_ROOT;10084;9;10081;22;;;10095;9;10097;22;;;10089.5;6380.0
-2;89500;ASH_COATED_OSMIUM;9988;12;9985;26;;;10004;12;10006;26;;;9996.0;2724.0
-2;89500;INTARIAN_PEPPER_ROOT;10087;9;10084;9;10081;23;10098;23;;;;;10092.5;6620.0
-2;89600;ASH_COATED_OSMIUM;9988;14;9985;26;;;10004;14;10006;26;;;9996.0;2724.0
-2;89600;INTARIAN_PEPPER_ROOT;10084;12;10082;16;;;10095;12;10098;16;;;10089.5;6380.0
-2;89700;ASH_COATED_OSMIUM;9988;15;;;;;10004;15;10006;28;;;9996.0;2724.0
-2;89700;INTARIAN_PEPPER_ROOT;10084;9;;;;;10095;9;10098;18;;;10089.5;6380.0
-2;89800;ASH_COATED_OSMIUM;9985;27;;;;;10004;11;10006;27;;;9994.5;2833.5
-2;89800;INTARIAN_PEPPER_ROOT;10084;12;;;;;10095;12;10098;24;;;10089.5;6380.0
-2;89900;ASH_COATED_OSMIUM;9988;13;9985;26;;;10004;13;10006;26;;;9996.0;2724.0
-2;89900;INTARIAN_PEPPER_ROOT;10084;9;10082;18;;;10095;9;10098;18;;;10089.5;6380.0
-2;90000;ASH_COATED_OSMIUM;9985;24;;;;;10004;14;10006;24;;;9994.5;2833.5
-2;90000;INTARIAN_PEPPER_ROOT;10084;8;10082;21;;;10096;8;10098;21;;;10090.0;6420.0
-2;90100;ASH_COATED_OSMIUM;9988;13;9985;27;;;10004;13;;;;;9996.0;2724.0
-2;90100;INTARIAN_PEPPER_ROOT;10085;8;10082;24;;;10096;8;10098;24;;;10090.5;6460.0
-2;90200;ASH_COATED_OSMIUM;9987;13;;;;;10003;13;10006;21;;;9995.0;2797.0
-2;90200;INTARIAN_PEPPER_ROOT;10085;10;10082;19;;;10096;10;10098;19;;;10090.5;6460.0
-2;90300;ASH_COATED_OSMIUM;9987;13;9985;23;;;10003;13;10006;23;;;9995.0;2797.0
-2;90300;INTARIAN_PEPPER_ROOT;10085;12;10082;20;;;10096;12;10098;20;;;10090.5;6460.0
-2;90400;ASH_COATED_OSMIUM;9987;15;9985;25;;;10003;15;;;;;9995.0;2797.0
-2;90400;INTARIAN_PEPPER_ROOT;10085;12;10082;18;;;10096;12;10098;18;;;10090.5;6460.0
-2;90500;ASH_COATED_OSMIUM;9988;15;;;;;10006;24;;;;;9997.0;2651.0
-2;90500;INTARIAN_PEPPER_ROOT;10082;25;;;;;10096;12;10099;25;;;10089.0;6340.0
-2;90600;ASH_COATED_OSMIUM;9987;13;9985;25;;;10003;13;;;;;9995.0;2797.0
-2;90600;INTARIAN_PEPPER_ROOT;10085;10;10083;16;;;10096;10;10099;16;;;10090.5;6460.0
-2;90700;ASH_COATED_OSMIUM;9988;14;9985;27;;;10004;14;;;;;9996.0;2724.0
-2;90700;INTARIAN_PEPPER_ROOT;10085;10;10083;19;;;10096;10;10099;19;;;10090.5;6460.0
-2;90800;ASH_COATED_OSMIUM;9988;13;9985;25;;;10004;13;10006;25;;;9996.0;2724.0
-2;90800;INTARIAN_PEPPER_ROOT;10085;11;10083;22;;;10087;6;10096;11;10099;22;10086.0;6100.0
-2;90900;ASH_COATED_OSMIUM;;;;;;;10004;14;;;;;10004.0;2140.0
-2;90900;INTARIAN_PEPPER_ROOT;10083;24;;;;;10096;12;10099;24;;;10089.5;6380.0
-2;91000;ASH_COATED_OSMIUM;9985;30;;;;;10004;12;10006;30;;;9994.5;2833.5
-2;91000;INTARIAN_PEPPER_ROOT;;;;;;;10099;22;;;;;10099.0;7140.0
-2;91100;ASH_COATED_OSMIUM;9988;11;9985;21;;;10004;11;10006;21;;;9996.0;2724.0
-2;91100;INTARIAN_PEPPER_ROOT;10086;8;10083;17;;;10097;8;;;;;10091.5;6540.0
-2;91200;ASH_COATED_OSMIUM;9988;11;9985;26;;;10004;11;;;;;9996.0;2724.0
-2;91200;INTARIAN_PEPPER_ROOT;10086;10;10083;19;;;10097;10;10099;19;;;10091.5;6540.0
-2;91300;ASH_COATED_OSMIUM;9985;27;;;;;10006;27;;;;;9995.5;2760.5
-2;91300;INTARIAN_PEPPER_ROOT;10083;25;;;;;10097;9;10099;25;;;10090.0;6420.0
-2;91400;ASH_COATED_OSMIUM;9986;12;9984;22;;;10005;22;;;;;9995.5;2760.5
-2;91400;INTARIAN_PEPPER_ROOT;10086;9;10083;20;;;10097;9;;;;;10091.5;6540.0
-2;91500;ASH_COATED_OSMIUM;9986;10;;;;;10002;10;10004;26;;;9994.0;2870.0
-2;91500;INTARIAN_PEPPER_ROOT;10086;9;10083;17;;;10097;9;10100;17;;;10091.5;6540.0
-2;91600;ASH_COATED_OSMIUM;9986;12;;;;;10002;12;10005;29;;;9994.0;2870.0
-2;91600;INTARIAN_PEPPER_ROOT;10084;15;;;;;10097;9;10100;15;;;10090.5;6460.0
-2;91700;ASH_COATED_OSMIUM;9986;15;9984;21;;;9992;9;10002;15;10005;21;9989.0;3208.0
-2;91700;INTARIAN_PEPPER_ROOT;10086;9;;;;;;;;;;;10086.0;6100.0
-2;91800;ASH_COATED_OSMIUM;9986;10;9983;24;;;10002;10;10004;24;;;9994.0;2888.0
-2;91800;INTARIAN_PEPPER_ROOT;10086;10;10084;19;;;10097;10;10100;19;;;10091.5;6540.0
-2;91900;ASH_COATED_OSMIUM;9985;12;9983;22;;;;;;;;;9985.0;3464.0
-2;91900;INTARIAN_PEPPER_ROOT;10084;16;;;;;10100;16;;;;;10092.0;6580.0
-2;92000;ASH_COATED_OSMIUM;9986;13;9983;28;;;10002;13;10004;28;;;9994.0;2888.0
-2;92000;INTARIAN_PEPPER_ROOT;10086;8;;;;;10094;5;10098;8;10100;20;10090.0;6420.0
-2;92100;ASH_COATED_OSMIUM;9986;13;;;;;10002;13;;;;;9994.0;2888.0
-2;92100;INTARIAN_PEPPER_ROOT;10087;11;10084;16;;;10098;11;10100;16;;;10092.5;6620.0
-2;92200;ASH_COATED_OSMIUM;9986;12;9984;28;;;10005;28;;;;;9995.5;2792.0
-2;92200;INTARIAN_PEPPER_ROOT;10087;8;10084;18;;;10089;4;10098;8;10100;18;10088.0;6260.0
-2;92300;ASH_COATED_OSMIUM;9986;14;9984;27;;;10002;14;10005;27;;;9994.0;2888.0
-2;92300;INTARIAN_PEPPER_ROOT;10084;21;;;;;10100;21;;;;;10092.0;6580.0
-2;92400;ASH_COATED_OSMIUM;9986;12;9984;25;;;10005;25;;;;;9995.5;2792.0
-2;92400;INTARIAN_PEPPER_ROOT;10087;12;;;;;10098;12;;;;;10092.5;6620.0
-2;92500;ASH_COATED_OSMIUM;9987;12;;;;;10003;12;10005;26;;;9995.0;2824.0
-2;92500;INTARIAN_PEPPER_ROOT;10087;10;;;;;10098;10;10101;20;;;10092.5;6620.0
-2;92600;ASH_COATED_OSMIUM;9985;22;;;;;10003;12;10006;22;;;9994.0;2888.0
-2;92600;INTARIAN_PEPPER_ROOT;10087;11;10085;17;;;10098;11;10101;17;;;10092.5;6620.0
-2;92700;ASH_COATED_OSMIUM;9987;13;9985;20;;;10003;13;10006;20;;;9995.0;2824.0
-2;92700;INTARIAN_PEPPER_ROOT;10087;11;10085;23;;;10098;11;10101;23;;;10092.5;6620.0
-2;92800;ASH_COATED_OSMIUM;9987;12;9985;22;;;10003;12;;;;;9995.0;2824.0
-2;92800;INTARIAN_PEPPER_ROOT;10087;9;10085;25;;;10098;9;10101;25;;;10092.5;6620.0
-2;92900;ASH_COATED_OSMIUM;9987;13;9985;21;;;10006;21;;;;;9996.5;2728.0
-2;92900;INTARIAN_PEPPER_ROOT;10087;11;;;;;10098;11;10101;18;;;10092.5;6620.0
-2;93000;ASH_COATED_OSMIUM;9985;20;;;;;10004;10;10006;20;;;9994.5;2856.0
-2;93000;INTARIAN_PEPPER_ROOT;10087;9;10085;18;;;10099;9;10101;18;;;10093.0;6660.0
-2;93100;ASH_COATED_OSMIUM;9986;20;;;;;10004;10;;;;;9995.0;2824.0
-2;93100;INTARIAN_PEPPER_ROOT;10088;9;10085;24;;;10099;9;;;;;10093.5;6700.0
-2;93200;ASH_COATED_OSMIUM;9994;4;9988;14;9986;28;10007;28;;;;;10000.5;2472.0
-2;93200;INTARIAN_PEPPER_ROOT;10088;8;10085;25;;;10099;8;10101;25;;;10093.5;6700.0
-2;93300;ASH_COATED_OSMIUM;9989;13;9986;24;;;;;;;;;9989.0;3208.0
-2;93300;INTARIAN_PEPPER_ROOT;10088;11;10085;19;;;10099;11;;;;;10093.5;6700.0
-2;93400;ASH_COATED_OSMIUM;;;;;;;10005;13;10007;24;;;10005.0;2184.0
-2;93400;INTARIAN_PEPPER_ROOT;10088;8;10085;17;;;10099;8;10101;17;;;10093.5;6700.0
-2;93500;ASH_COATED_OSMIUM;9989;15;9986;28;;;10005;15;10007;28;;;9997.0;2696.0
-2;93500;INTARIAN_PEPPER_ROOT;10085;18;;;;;10099;11;10102;18;;;10092.0;6580.0
-2;93600;ASH_COATED_OSMIUM;9988;11;9986;30;;;10004;11;10007;30;;;9996.0;2760.0
-2;93600;INTARIAN_PEPPER_ROOT;10088;8;10086;22;;;10099;8;10102;22;;;10093.5;6700.0
-2;93700;ASH_COATED_OSMIUM;9989;10;;;;;10005;10;10007;29;;;9997.0;2696.0
-2;93700;INTARIAN_PEPPER_ROOT;10088;9;10086;24;;;10099;9;;;;;10093.5;6700.0
-2;93800;ASH_COATED_OSMIUM;9989;13;9986;26;;;10005;13;10007;26;;;9997.0;2696.0
-2;93800;INTARIAN_PEPPER_ROOT;10088;10;10086;23;;;10099;10;10102;23;;;10093.5;6700.0
-2;93900;ASH_COATED_OSMIUM;9988;15;9986;28;;;10004;15;10007;28;;;9996.0;2760.0
-2;93900;INTARIAN_PEPPER_ROOT;10088;9;10086;24;;;10099;9;10102;24;;;10093.5;6700.0
-2;94000;ASH_COATED_OSMIUM;9988;13;9986;28;;;10004;13;10007;28;;;9996.0;2816.0
-2;94000;INTARIAN_PEPPER_ROOT;10088;12;10086;20;;;;;;;;;10088.0;6260.0
-2;94100;ASH_COATED_OSMIUM;9988;14;;;;;10004;14;10006;28;;;9996.0;2816.0
-2;94100;INTARIAN_PEPPER_ROOT;10086;17;;;;;10100;8;10102;17;;;10093.0;6660.0
-2;94200;ASH_COATED_OSMIUM;9988;13;9986;24;;;10007;24;;;;;9997.5;2708.0
-2;94200;INTARIAN_PEPPER_ROOT;10089;10;10086;23;;;10100;10;;;;;10094.5;6780.0
-2;94300;ASH_COATED_OSMIUM;9988;15;9986;22;;;10004;15;;;;;9996.0;2816.0
-2;94300;INTARIAN_PEPPER_ROOT;10089;11;10086;17;;;10100;11;;;;;10094.5;6780.0
-2;94400;ASH_COATED_OSMIUM;9988;14;;;;;10004;14;;;;;9996.0;2837.0
-2;94400;INTARIAN_PEPPER_ROOT;10089;11;10086;16;;;10100;11;10102;16;;;10094.5;6780.0
-2;94500;ASH_COATED_OSMIUM;9986;23;;;;;10004;13;10007;23;;;9995.0;2912.0
-2;94500;INTARIAN_PEPPER_ROOT;10089;11;10086;17;;;10100;11;10103;17;;;10094.5;6780.0
-2;94600;ASH_COATED_OSMIUM;9985;30;;;;;;;;;;;9985.0;3662.0
-2;94600;INTARIAN_PEPPER_ROOT;10087;17;;;;;10100;9;10103;17;;;10093.5;6700.0
-2;94700;ASH_COATED_OSMIUM;9988;15;;;;;;;;;;;9988.0;3437.0
-2;94700;INTARIAN_PEPPER_ROOT;10089;12;10087;21;;;10100;12;10103;21;;;10094.5;6780.0
-2;94800;ASH_COATED_OSMIUM;9988;11;9986;25;;;10004;11;;;;;9996.0;2837.0
-2;94800;INTARIAN_PEPPER_ROOT;10089;8;10087;22;;;10103;22;;;;;10096.0;6900.0
-2;94900;ASH_COATED_OSMIUM;9988;10;9986;30;;;10004;10;10007;30;;;9996.0;2837.0
-2;94900;INTARIAN_PEPPER_ROOT;10089;8;10087;16;;;10100;8;10103;16;;;10094.5;6780.0
-2;95000;ASH_COATED_OSMIUM;9988;10;9986;21;;;10004;10;10006;21;;;9996.0;2837.0
-2;95000;INTARIAN_PEPPER_ROOT;10089;8;10087;24;;;10103;24;;;;;10096.0;6900.0
-2;95100;ASH_COATED_OSMIUM;9986;23;;;;;10004;12;10007;23;;;9995.0;2912.0
-2;95100;INTARIAN_PEPPER_ROOT;10090;9;10087;16;;;10101;9;10103;16;;;10095.5;6860.0
-2;95200;ASH_COATED_OSMIUM;9989;10;9986;23;;;;;;;;;9989.0;3362.0
-2;95200;INTARIAN_PEPPER_ROOT;10087;25;;;;;10101;11;;;;;10094.0;6740.0
-2;95300;ASH_COATED_OSMIUM;9987;30;;;;;;;;;;;9987.0;3512.0
-2;95300;INTARIAN_PEPPER_ROOT;10090;12;10087;17;;;10101;12;10103;17;;;10095.5;6860.0
-2;95400;ASH_COATED_OSMIUM;9989;14;9987;23;;;10005;14;;;;;9997.0;2762.0
-2;95400;INTARIAN_PEPPER_ROOT;10087;16;;;;;;;;;;;10087.0;6180.0
-2;95500;ASH_COATED_OSMIUM;;;;;;;10006;13;10008;21;;;10006.0;2087.0
-2;95500;INTARIAN_PEPPER_ROOT;10090;8;10087;16;;;10104;16;;;;;10097.0;6980.0
-2;95600;ASH_COATED_OSMIUM;9989;15;;;;;9999;2;10005;15;10008;21;9994.0;2987.0
-2;95600;INTARIAN_PEPPER_ROOT;10090;8;10088;16;;;10101;8;10104;16;;;10095.5;6860.0
-2;95700;ASH_COATED_OSMIUM;9987;30;;;;;10005;11;10008;30;;;9996.0;2837.0
-2;95700;INTARIAN_PEPPER_ROOT;10090;10;10088;20;;;10101;10;;;;;10095.5;6860.0
-2;95800;ASH_COATED_OSMIUM;9989;13;9987;25;;;10005;13;;;;;9997.0;2762.0
-2;95800;INTARIAN_PEPPER_ROOT;10090;12;10088;24;;;10101;12;;;;;10095.5;6860.0
-2;95900;ASH_COATED_OSMIUM;9989;10;;;;;9999;5;10005;10;10008;24;9994.0;2987.0
-2;95900;INTARIAN_PEPPER_ROOT;10088;19;;;;;10101;12;10104;19;;;10094.5;6780.0
-2;96000;ASH_COATED_OSMIUM;9995;2;9990;10;9987;21;10006;10;10008;21;;;10000.5;2499.5
-2;96000;INTARIAN_PEPPER_ROOT;10090;9;10088;22;;;;;;;;;10090.0;6420.0
-2;96100;ASH_COATED_OSMIUM;9990;10;;;;;10006;10;10008;30;;;9998.0;2687.0
-2;96100;INTARIAN_PEPPER_ROOT;;;;;;;10102;12;10104;20;;;10102.0;7380.0
-2;96200;ASH_COATED_OSMIUM;9990;11;9987;27;;;10006;11;;;;;9998.0;2687.0
-2;96200;INTARIAN_PEPPER_ROOT;10091;12;;;;;10102;12;10104;15;;;10096.5;6940.0
-2;96300;ASH_COATED_OSMIUM;9990;10;9987;24;;;10006;10;;;;;9998.0;2722.0
-2;96300;INTARIAN_PEPPER_ROOT;10088;19;;;;;10102;8;10104;19;;;10095.0;6820.0
-2;96400;ASH_COATED_OSMIUM;9989;12;9987;26;;;10005;12;10008;26;;;9997.0;2802.0
-2;96400;INTARIAN_PEPPER_ROOT;10091;12;;;;;10102;12;10104;24;;;10096.5;6940.0
-2;96500;ASH_COATED_OSMIUM;9989;10;9986;21;;;10005;10;10007;21;;;9997.0;2802.0
-2;96500;INTARIAN_PEPPER_ROOT;10091;9;10088;22;;;10102;9;10105;22;;;10096.5;6940.0
-2;96600;ASH_COATED_OSMIUM;9988;13;9986;29;;;10004;13;10007;29;;;9996.0;2882.0
-2;96600;INTARIAN_PEPPER_ROOT;10091;11;10089;16;;;10105;16;;;;;10098.0;7060.0
-2;96700;ASH_COATED_OSMIUM;9989;14;9986;23;;;10005;14;10007;23;;;9997.0;2802.0
-2;96700;INTARIAN_PEPPER_ROOT;10091;8;10089;17;;;10102;8;10105;17;;;10096.5;6940.0
-2;96800;ASH_COATED_OSMIUM;9989;10;9986;25;;;10005;10;10007;25;;;9997.0;2802.0
-2;96800;INTARIAN_PEPPER_ROOT;10089;21;;;;;;;;;;;10089.0;6340.0
-2;96900;ASH_COATED_OSMIUM;9988;13;9986;21;;;10004;13;10007;21;;;9996.0;2882.0
-2;96900;INTARIAN_PEPPER_ROOT;10091;9;;;;;10102;9;10105;22;;;10096.5;6940.0
-2;97000;ASH_COATED_OSMIUM;9998;7;9989;12;9986;23;10005;12;10007;23;;;10001.5;2442.0
-2;97000;INTARIAN_PEPPER_ROOT;10089;16;;;;;10103;9;10105;16;;;10096.0;6900.0
-2;97100;ASH_COATED_OSMIUM;;;;;;;10005;14;;;;;10005.0;2162.0
-2;97100;INTARIAN_PEPPER_ROOT;10092;10;10089;23;;;10103;10;;;;;10097.5;7020.0
-2;97200;ASH_COATED_OSMIUM;9989;14;9986;22;;;9994;3;10005;14;10007;22;9991.5;3234.5
-2;97200;INTARIAN_PEPPER_ROOT;10092;11;;;;;10105;18;;;;;10098.5;7100.0
-2;97300;ASH_COATED_OSMIUM;9989;14;9986;30;;;10005;14;10007;30;;;9997.0;2811.0
-2;97300;INTARIAN_PEPPER_ROOT;10092;12;;;;;10103;12;10105;23;;;10097.5;7020.0
-2;97400;ASH_COATED_OSMIUM;9989;10;9986;30;;;10005;10;10007;30;;;9997.0;2811.0
-2;97400;INTARIAN_PEPPER_ROOT;10092;11;10089;17;;;10103;11;10105;17;;;10097.5;7020.0
-2;97500;ASH_COATED_OSMIUM;9989;12;9987;21;;;10005;12;10008;21;;;9997.0;2811.0
-2;97500;INTARIAN_PEPPER_ROOT;10092;10;;;;;10103;10;10106;21;;;10097.5;7020.0
-2;97600;ASH_COATED_OSMIUM;9987;30;;;;;9999;3;10005;15;10008;30;9993.0;3119.0
-2;97600;INTARIAN_PEPPER_ROOT;10092;10;10090;25;;;10106;25;;;;;10099.0;7140.0
-2;97700;ASH_COATED_OSMIUM;9989;12;9987;30;;;10008;30;;;;;9998.5;2695.5
-2;97700;INTARIAN_PEPPER_ROOT;10092;8;10090;22;;;10103;8;10106;22;;;10097.5;7020.0
-2;97800;ASH_COATED_OSMIUM;9989;12;9987;24;;;10008;24;;;;;9998.5;2695.5
-2;97800;INTARIAN_PEPPER_ROOT;;;;;;;10106;24;;;;;10106.0;7700.0
-2;97900;ASH_COATED_OSMIUM;9995;2;9990;10;9987;29;10006;10;10008;29;;;10000.5;2541.5
-2;97900;INTARIAN_PEPPER_ROOT;10092;9;10090;16;;;10106;16;;;;;10099.0;7140.0
-2;98000;ASH_COATED_OSMIUM;9989;14;9987;30;;;10005;14;10008;30;;;9997.0;2811.0
-2;98000;INTARIAN_PEPPER_ROOT;10090;16;;;;;10104;11;10106;16;;;10097.0;6980.0
-2;98100;ASH_COATED_OSMIUM;9987;26;;;;;10005;14;10008;26;;;9996.0;2888.0
-2;98100;INTARIAN_PEPPER_ROOT;10090;16;;;;;10104;11;10106;16;;;10097.0;6980.0
-2;98200;ASH_COATED_OSMIUM;9990;10;9987;26;;;10006;10;10008;26;;;9998.0;2755.0
-2;98200;INTARIAN_PEPPER_ROOT;10093;8;10090;22;;;10104;8;;;;;10098.5;7100.0
-2;98300;ASH_COATED_OSMIUM;9990;11;9987;24;;;10006;11;;;;;9998.0;2755.0
-2;98300;INTARIAN_PEPPER_ROOT;;;;;;;;;;;;;0.0;-800780.0
-2;98400;ASH_COATED_OSMIUM;9990;13;9987;26;;;10006;13;10008;26;;;9998.0;2755.0
-2;98400;INTARIAN_PEPPER_ROOT;10093;12;;;;;10104;12;10106;16;;;10098.5;7100.0
-2;98500;ASH_COATED_OSMIUM;9987;24;;;;;10005;14;10008;24;;;9996.0;2903.0
-2;98500;INTARIAN_PEPPER_ROOT;10093;11;10090;18;;;10104;11;10107;18;;;10098.5;7100.0
-2;98600;ASH_COATED_OSMIUM;9989;13;;;;;10005;13;10008;20;;;9997.0;2829.0
-2;98600;INTARIAN_PEPPER_ROOT;10101;3;10093;10;10091;24;10104;10;10107;24;;;10102.5;7420.0
-2;98700;ASH_COATED_OSMIUM;9989;15;9987;27;;;10005;15;10008;27;;;9997.0;2829.0
-2;98700;INTARIAN_PEPPER_ROOT;10093;12;10091;20;;;10104;12;10107;20;;;10098.5;7100.0
-2;98800;ASH_COATED_OSMIUM;9987;30;;;;;10005;13;;;;;9996.0;2903.0
-2;98800;INTARIAN_PEPPER_ROOT;10091;15;;;;;10107;15;;;;;10099.0;7140.0
-2;98900;ASH_COATED_OSMIUM;9989;13;9986;24;;;10005;13;10007;24;;;9997.0;2829.0
-2;98900;INTARIAN_PEPPER_ROOT;10093;10;10091;15;;;10104;10;10107;15;;;10098.5;7100.0
-2;99000;ASH_COATED_OSMIUM;9989;11;9986;21;;;10005;11;10007;21;;;9997.0;2829.0
-2;99000;INTARIAN_PEPPER_ROOT;10093;10;;;;;10105;10;;;;;10099.0;7140.0
-2;99100;ASH_COATED_OSMIUM;9988;11;;;;;10004;11;10007;20;;;9996.0;2903.0
-2;99100;INTARIAN_PEPPER_ROOT;10091;20;;;;;10105;8;;;;;10098.0;7060.0
-2;99200;ASH_COATED_OSMIUM;;;;;;;10004;10;10007;29;;;10004.0;2311.0
-2;99200;INTARIAN_PEPPER_ROOT;10094;10;;;;;10107;23;;;;;10100.5;7260.0
-2;99300;ASH_COATED_OSMIUM;9988;12;9986;20;;;10004;12;10007;20;;;9996.0;2903.0
-2;99300;INTARIAN_PEPPER_ROOT;10094;8;10091;16;;;10105;8;10107;16;;;10099.5;7180.0
-2;99400;ASH_COATED_OSMIUM;9985;24;;;;;10004;13;10006;24;;;9994.5;3014.0
-2;99400;INTARIAN_PEPPER_ROOT;10094;8;10091;16;;;10105;8;10107;16;;;10099.5;7180.0
-2;99500;ASH_COATED_OSMIUM;9988;11;;;;;10004;11;10006;28;;;9996.0;2903.0
-2;99500;INTARIAN_PEPPER_ROOT;10091;17;;;;;10105;12;10108;17;;;10098.0;7060.0
-2;99600;ASH_COATED_OSMIUM;9987;15;;;;;10005;28;;;;;9996.0;2903.0
-2;99600;INTARIAN_PEPPER_ROOT;10094;11;10092;15;;;10105;11;10108;15;;;10099.5;7180.0
-2;99700;ASH_COATED_OSMIUM;9984;30;;;;;10005;30;;;;;9994.5;3014.0
-2;99700;INTARIAN_PEPPER_ROOT;10094;10;;;;;10105;10;10108;19;;;10099.5;7180.0
-2;99800;ASH_COATED_OSMIUM;9987;14;9984;27;;;10003;14;10005;27;;;9995.0;2977.0
-2;99800;INTARIAN_PEPPER_ROOT;10094;12;10092;21;;;10105;12;10108;21;;;10099.5;7180.0
-2;99900;ASH_COATED_OSMIUM;9987;15;9985;26;;;10003;15;10006;26;;;9995.0;2977.0
-2;99900;INTARIAN_PEPPER_ROOT;10094;11;10092;15;;;10105;11;10108;15;;;10099.5;7180.0
-2;100000;ASH_COATED_OSMIUM;9987;14;;;;;10003;14;10006;30;;;9995.0;2977.0
-2;100000;INTARIAN_PEPPER_ROOT;10094;11;10092;15;;;10106;11;10108;15;;;10100.0;7220.0
-2;100100;ASH_COATED_OSMIUM;9993;3;9987;13;;;10003;13;10006;26;;;9998.0;2767.0
-2;100100;INTARIAN_PEPPER_ROOT;10095;12;;;;;10106;12;;;;;10100.5;7260.0
-2;100200;ASH_COATED_OSMIUM;9987;10;9984;22;;;10003;10;10005;22;;;9995.0;2980.0
-2;100200;INTARIAN_PEPPER_ROOT;10095;8;10092;17;;;10106;8;10108;17;;;10100.5;7260.0
-2;100300;ASH_COATED_OSMIUM;9986;11;;;;;10002;11;10005;27;;;9994.0;3051.0
-2;100300;INTARIAN_PEPPER_ROOT;10095;12;10092;24;;;10106;12;10108;24;;;10100.5;7260.0
-2;100400;ASH_COATED_OSMIUM;9986;11;9984;20;;;9992;4;;;;;9989.0;3394.0
-2;100400;INTARIAN_PEPPER_ROOT;10092;15;;;;;10106;9;10108;15;;;10099.0;7140.0
-2;100500;ASH_COATED_OSMIUM;9984;22;;;;;10005;22;;;;;9994.5;3025.5
-2;100500;INTARIAN_PEPPER_ROOT;10095;8;10092;19;;;;;;;;;10095.0;6820.0
-2;100600;ASH_COATED_OSMIUM;9991;2;9983;30;;;10002;11;;;;;9996.5;2891.5
-2;100600;INTARIAN_PEPPER_ROOT;;;;;;;10106;11;10109;23;;;10106.0;7700.0
-2;100700;ASH_COATED_OSMIUM;9986;14;9983;25;;;10002;14;10004;25;;;9994.0;3059.0
-2;100700;INTARIAN_PEPPER_ROOT;10095;9;10093;20;;;10106;9;10109;20;;;10100.5;7260.0
-2;100800;ASH_COATED_OSMIUM;9986;11;9983;21;;;10002;11;10004;21;;;9994.0;3059.0
-2;100800;INTARIAN_PEPPER_ROOT;10095;9;;;;;10109;15;;;;;10102.0;7380.0
-2;100900;ASH_COATED_OSMIUM;9986;14;9983;24;;;10002;14;10004;24;;;9994.0;3059.0
-2;100900;INTARIAN_PEPPER_ROOT;10095;9;10093;19;;;10106;9;10109;19;;;10100.5;7260.0
-2;101000;ASH_COATED_OSMIUM;9986;11;9983;20;;;10002;11;;;;;9994.0;3059.0
-2;101000;INTARIAN_PEPPER_ROOT;10095;10;;;;;10107;10;10109;16;;;10101.0;7300.0
-2;101100;ASH_COATED_OSMIUM;9986;12;9983;27;;;10002;12;10004;27;;;9994.0;3059.0
-2;101100;INTARIAN_PEPPER_ROOT;10096;8;10093;24;;;10107;8;10109;24;;;10101.5;7340.0
-2;101200;ASH_COATED_OSMIUM;9986;15;;;;;10002;15;10004;21;;;9994.0;3059.0
-2;101200;INTARIAN_PEPPER_ROOT;10099;8;10096;11;10093;18;;;;;;;10099.0;7140.0
-2;101300;ASH_COATED_OSMIUM;9986;13;9983;27;;;10004;27;;;;;9995.0;2992.0
-2;101300;INTARIAN_PEPPER_ROOT;10096;12;10093;15;;;10107;12;10109;15;;;10101.5;7340.0
-2;101400;ASH_COATED_OSMIUM;9995;10;9986;11;9983;24;10002;11;;;;;9998.5;2722.5
-2;101400;INTARIAN_PEPPER_ROOT;10096;8;10093;16;;;10107;8;10109;16;;;10101.5;7340.0
-2;101500;ASH_COATED_OSMIUM;9985;14;;;;;10001;14;10004;26;;;9993.0;3146.0
-2;101500;INTARIAN_PEPPER_ROOT;10096;8;10093;16;;;10107;8;10110;16;;;10101.5;7340.0
-2;101600;ASH_COATED_OSMIUM;9983;26;;;;;10001;10;10004;26;;;9992.0;3223.0
-2;101600;INTARIAN_PEPPER_ROOT;10096;11;10094;16;;;10107;11;10110;16;;;10101.5;7340.0
-2;101700;ASH_COATED_OSMIUM;9985;12;;;;;10001;12;10004;22;;;9993.0;3167.0
-2;101700;INTARIAN_PEPPER_ROOT;10096;11;10094;16;;;10107;11;;;;;10101.5;7340.0
-2;101800;ASH_COATED_OSMIUM;9986;14;;;;;10002;14;10004;23;;;9994.0;3087.0
-2;101800;INTARIAN_PEPPER_ROOT;10096;9;10094;18;;;10107;9;10110;18;;;10101.5;7340.0
-2;101900;ASH_COATED_OSMIUM;9986;11;9983;20;;;;;;;;;9986.0;3727.0
-2;101900;INTARIAN_PEPPER_ROOT;10096;10;10094;20;;;10107;10;10110;20;;;10101.5;7340.0
-2;102000;ASH_COATED_OSMIUM;9985;13;9983;24;;;10004;24;;;;;9994.5;3047.0
-2;102000;INTARIAN_PEPPER_ROOT;10096;12;;;;;10108;12;10110;17;;;10102.0;7380.0
-2;102100;ASH_COATED_OSMIUM;9986;10;9983;22;;;10002;10;10004;22;;;9994.0;3087.0
-2;102100;INTARIAN_PEPPER_ROOT;10097;11;;;;;10108;11;10110;18;;;10102.5;7420.0
-2;102200;ASH_COATED_OSMIUM;9995;5;9985;10;;;10001;10;;;;;9998.0;2767.0
-2;102200;INTARIAN_PEPPER_ROOT;10097;10;;;;;10108;10;10110;17;;;10102.5;7420.0
-2;102300;ASH_COATED_OSMIUM;9985;10;9983;29;;;;;;;;;9985.0;3807.0
-2;102300;INTARIAN_PEPPER_ROOT;10097;11;;;;;10108;11;10110;16;;;10102.5;7420.0
-2;102400;ASH_COATED_OSMIUM;9990;5;9985;14;;;10001;14;10003;30;;;9995.5;2967.0
-2;102400;INTARIAN_PEPPER_ROOT;10105;8;10097;11;10094;16;10108;11;10110;16;;;10106.5;7740.0
-2;102500;ASH_COATED_OSMIUM;9985;15;9982;28;;;10001;15;10003;28;;;9993.0;3167.0
-2;102500;INTARIAN_PEPPER_ROOT;10094;19;;;;;10108;8;10111;19;;;10101.0;7300.0
-2;102600;ASH_COATED_OSMIUM;9985;15;9983;22;;;10001;15;10004;22;;;9993.0;3167.0
-2;102600;INTARIAN_PEPPER_ROOT;10097;9;;;;;10108;9;10111;20;;;10102.5;7420.0
-2;102700;ASH_COATED_OSMIUM;9991;5;9985;13;9983;21;10004;21;;;;;9997.5;2807.0
-2;102700;INTARIAN_PEPPER_ROOT;10097;12;;;;;10108;12;10111;23;;;10102.5;7420.0
-2;102800;ASH_COATED_OSMIUM;9983;28;;;;;10001;14;10004;28;;;9992.0;3247.0
-2;102800;INTARIAN_PEPPER_ROOT;10097;8;10095;25;;;10108;8;;;;;10102.5;7420.0
-2;102900;ASH_COATED_OSMIUM;9983;23;;;;;10001;11;10004;23;;;9992.0;3247.0
-2;102900;INTARIAN_PEPPER_ROOT;10097;9;10095;20;;;10111;20;;;;;10104.0;7540.0
-2;103000;ASH_COATED_OSMIUM;9985;10;9983;28;;;10001;10;10004;28;;;9993.0;3167.0
-2;103000;INTARIAN_PEPPER_ROOT;10097;12;10095;20;;;10111;20;;;;;10104.0;7540.0
-2;103100;ASH_COATED_OSMIUM;;;;;;;10002;10;10004;22;;;10002.0;2447.0
-2;103100;INTARIAN_PEPPER_ROOT;10098;10;;;;;10109;10;10111;18;;;10103.5;7500.0
-2;103200;ASH_COATED_OSMIUM;9986;11;9984;23;;;10005;23;;;;;9995.5;2967.0
-2;103200;INTARIAN_PEPPER_ROOT;10098;8;10095;21;;;10109;8;10111;21;;;10103.5;7500.0
-2;103300;ASH_COATED_OSMIUM;9986;11;;;;;9992;9;10005;21;;;9989.0;3460.0
-2;103300;INTARIAN_PEPPER_ROOT;10098;8;10095;15;;;10109;8;10111;15;;;10103.5;7500.0
-2;103400;ASH_COATED_OSMIUM;9987;10;9984;28;;;9996;3;10003;10;10005;28;9991.5;3282.5
-2;103400;INTARIAN_PEPPER_ROOT;10098;10;;;;;10111;16;;;;;10104.5;7580.0
-2;103500;ASH_COATED_OSMIUM;9988;14;9985;29;;;10004;14;10006;29;;;9996.0;2963.0
-2;103500;INTARIAN_PEPPER_ROOT;10098;8;;;;;10109;8;;;;;10103.5;7500.0
-2;103600;ASH_COATED_OSMIUM;9988;13;9985;29;;;10004;13;10006;29;;;9996.0;2963.0
-2;103600;INTARIAN_PEPPER_ROOT;10098;11;10096;24;;;10109;11;10112;24;;;10103.5;7500.0
-2;103700;ASH_COATED_OSMIUM;9997;10;9985;20;;;10004;14;10006;20;;;10000.5;2612.0
-2;103700;INTARIAN_PEPPER_ROOT;10098;10;10096;17;;;10109;10;10112;17;;;10103.5;7500.0
-2;103800;ASH_COATED_OSMIUM;9988;12;;;;;10004;12;10006;29;;;9996.0;2972.0
-2;103800;INTARIAN_PEPPER_ROOT;10098;9;10096;21;;;10109;9;10112;21;;;10103.5;7500.0
-2;103900;ASH_COATED_OSMIUM;9988;13;;;;;10004;13;10006;22;;;9996.0;2972.0
-2;103900;INTARIAN_PEPPER_ROOT;10098;10;10096;19;;;10109;10;10112;19;;;10103.5;7500.0
-2;104000;ASH_COATED_OSMIUM;9988;11;9985;29;;;;;;;;;9988.0;3612.0
-2;104000;INTARIAN_PEPPER_ROOT;10098;11;;;;;10110;11;10112;18;;;10104.0;7540.0
-2;104100;ASH_COATED_OSMIUM;9988;10;9985;30;;;10004;10;;;;;9996.0;2972.0
-2;104100;INTARIAN_PEPPER_ROOT;10099;12;10096;24;;;10110;12;10112;24;;;10104.5;7580.0
-2;104200;ASH_COATED_OSMIUM;9988;15;;;;;10004;15;;;;;9996.0;2972.0
-2;104200;INTARIAN_PEPPER_ROOT;10099;11;10096;23;;;10110;11;10112;23;;;10104.5;7580.0
-2;104300;ASH_COATED_OSMIUM;9988;14;;;;;10004;14;10006;23;;;9996.0;2972.0
-2;104300;INTARIAN_PEPPER_ROOT;10099;9;10096;25;;;10110;9;10112;25;;;10104.5;7580.0
-2;104400;ASH_COATED_OSMIUM;;;;;;;10004;13;10007;21;;;10004.0;2332.0
-2;104400;INTARIAN_PEPPER_ROOT;10099;9;10096;20;;;10112;20;;;;;10105.5;7660.0
-2;104500;ASH_COATED_OSMIUM;9989;11;9987;25;;;10005;11;10008;25;;;9997.0;2892.0
-2;104500;INTARIAN_PEPPER_ROOT;10096;17;;;;;10113;17;;;;;10104.5;7580.0
-2;104600;ASH_COATED_OSMIUM;9989;14;9986;26;;;10005;14;10007;26;;;9997.0;2892.0
-2;104600;INTARIAN_PEPPER_ROOT;10099;10;;;;;10110;10;10113;25;;;10104.5;7580.0
-2;104700;ASH_COATED_OSMIUM;9989;15;9986;24;;;10005;15;;;;;9997.0;2892.0
-2;104700;INTARIAN_PEPPER_ROOT;10099;11;10097;16;;;10110;11;;;;;10104.5;7580.0
-2;104800;ASH_COATED_OSMIUM;9989;13;9987;25;;;10005;13;10008;25;;;9997.0;2892.0
-2;104800;INTARIAN_PEPPER_ROOT;10099;12;10097;20;;;10110;12;10113;20;;;10104.5;7580.0
-2;104900;ASH_COATED_OSMIUM;9989;12;9987;27;;;10005;12;10008;27;;;9997.0;2892.0
-2;104900;INTARIAN_PEPPER_ROOT;10099;10;10097;20;;;10110;10;10113;20;;;10104.5;7580.0
-2;105000;ASH_COATED_OSMIUM;;;;;;;10005;10;10008;29;;;10005.0;2252.0
-2;105000;INTARIAN_PEPPER_ROOT;10099;11;10097;15;;;10111;11;10113;15;;;10105.0;7620.0
-2;105100;ASH_COATED_OSMIUM;9990;11;9987;27;;;10006;11;10008;27;;;9998.0;2868.0
-2;105100;INTARIAN_PEPPER_ROOT;10100;12;10097;20;;;10111;12;10113;20;;;10105.5;7660.0
-2;105200;ASH_COATED_OSMIUM;9987;20;;;;;10005;13;;;;;9996.0;3036.0
-2;105200;INTARIAN_PEPPER_ROOT;10100;11;10097;18;;;10111;11;10113;18;;;10105.5;7660.0
-2;105300;ASH_COATED_OSMIUM;9995;4;9989;11;9987;23;10005;11;10008;23;;;10000.0;2736.0
-2;105300;INTARIAN_PEPPER_ROOT;10100;8;10097;24;;;10111;8;10113;24;;;10105.5;7660.0
-2;105400;ASH_COATED_OSMIUM;9987;29;;;;;10005;13;10008;29;;;9996.0;3036.0
-2;105400;INTARIAN_PEPPER_ROOT;10100;8;10097;19;;;10111;8;10113;19;;;10105.5;7660.0
-2;105500;ASH_COATED_OSMIUM;9989;12;9986;21;;;;;;;;;9989.0;3561.0
-2;105500;INTARIAN_PEPPER_ROOT;10100;10;;;;;10111;10;10114;21;;;10105.5;7660.0
-2;105600;ASH_COATED_OSMIUM;9989;14;9986;28;;;10005;14;10007;28;;;9997.0;2961.0
-2;105600;INTARIAN_PEPPER_ROOT;10100;11;10098;19;;;10111;11;10114;19;;;10105.5;7660.0
-2;105700;ASH_COATED_OSMIUM;9989;10;9986;30;;;10005;10;;;;;9997.0;2961.0
-2;105700;INTARIAN_PEPPER_ROOT;10100;10;;;;;10111;10;10114;17;;;10105.5;7660.0
-2;105800;ASH_COATED_OSMIUM;9999;7;9990;11;;;10006;11;10008;26;;;10002.5;2531.0
-2;105800;INTARIAN_PEPPER_ROOT;10098;23;;;;;10111;10;10114;23;;;10104.5;7580.0
-2;105900;ASH_COATED_OSMIUM;9989;13;9987;26;;;10005;13;;;;;9997.0;2971.0
-2;105900;INTARIAN_PEPPER_ROOT;10100;11;10098;15;;;10111;11;10114;15;;;10105.5;7660.0
-2;106000;ASH_COATED_OSMIUM;9989;14;9987;23;;;10008;23;;;;;9998.5;2885.0
-2;106000;INTARIAN_PEPPER_ROOT;10100;11;10098;16;;;10112;11;;;;;10106.0;7700.0
-2;106100;ASH_COATED_OSMIUM;9987;24;;;;;10006;11;10008;24;;;9996.5;3037.0
-2;106100;INTARIAN_PEPPER_ROOT;10101;10;;;;;10112;10;10114;16;;;10106.5;7740.0
-2;106200;ASH_COATED_OSMIUM;9990;13;9987;23;;;9999;5;10006;13;;;9994.5;3189.0
-2;106200;INTARIAN_PEPPER_ROOT;10101;12;10098;16;;;;;;;;;10101.0;7300.0
-2;106300;ASH_COATED_OSMIUM;9989;13;9987;20;;;10008;20;;;;;9998.5;2885.0
-2;106300;INTARIAN_PEPPER_ROOT;10101;9;;;;;10103;5;10112;9;10114;16;10102.0;7380.0
-2;106400;ASH_COATED_OSMIUM;9990;14;9987;25;;;10006;14;10008;25;;;9998.0;2923.0
-2;106400;INTARIAN_PEPPER_ROOT;10101;12;10098;25;;;10112;12;10114;25;;;10106.5;7740.0
-2;106500;ASH_COATED_OSMIUM;9990;14;9987;21;;;10006;14;;;;;9998.0;2923.0
-2;106500;INTARIAN_PEPPER_ROOT;10101;8;10098;15;;;10112;8;10115;15;;;10106.5;7740.0
-2;106600;ASH_COATED_OSMIUM;9989;15;9987;20;;;10005;15;10008;20;;;9997.0;2999.0
-2;106600;INTARIAN_PEPPER_ROOT;10101;10;;;;;10112;10;10115;16;;;10106.5;7740.0
-2;106700;ASH_COATED_OSMIUM;9990;14;9987;29;;;10006;14;10008;29;;;9998.0;2923.0
-2;106700;INTARIAN_PEPPER_ROOT;10099;25;;;;;10112;12;10115;25;;;10105.5;7660.0
-2;106800;ASH_COATED_OSMIUM;9990;13;;;;;10008;23;;;;;9999.0;2847.0
-2;106800;INTARIAN_PEPPER_ROOT;10099;15;;;;;10112;9;10115;15;;;10105.5;7660.0
-2;106900;ASH_COATED_OSMIUM;9990;11;9987;21;;;9995;6;10006;11;10008;21;9992.5;3326.0
-2;106900;INTARIAN_PEPPER_ROOT;10101;8;10099;22;;;10112;8;10115;22;;;10106.5;7740.0
-2;107000;ASH_COATED_OSMIUM;;;;;;;10006;14;10008;27;;;10006.0;2381.0
-2;107000;INTARIAN_PEPPER_ROOT;10101;8;;;;;10113;8;10115;21;;;10107.0;7780.0
-2;107100;ASH_COATED_OSMIUM;9988;29;;;;;10006;13;10009;29;;;9997.0;3011.0
-2;107100;INTARIAN_PEPPER_ROOT;;;;;;;10113;12;;;;;10113.0;8260.0
-2;107200;ASH_COATED_OSMIUM;9990;11;9988;26;;;10006;11;10009;26;;;9998.0;2941.0
-2;107200;INTARIAN_PEPPER_ROOT;10102;9;10099;22;;;;;;;;;10102.0;7380.0
-2;107300;ASH_COATED_OSMIUM;9988;28;;;;;10007;11;10009;28;;;9997.5;2976.0
-2;107300;INTARIAN_PEPPER_ROOT;10102;11;10099;25;;;10104;8;10113;11;;;10103.0;7460.0
-2;107400;ASH_COATED_OSMIUM;9989;25;;;;;10007;15;10010;25;;;9998.0;2941.0
-2;107400;INTARIAN_PEPPER_ROOT;10102;9;;;;;10113;9;10115;17;;;10107.5;7820.0
-2;107500;ASH_COATED_OSMIUM;9991;11;9989;23;;;10007;11;10010;23;;;9999.0;2871.0
-2;107500;INTARIAN_PEPPER_ROOT;10102;9;;;;;10113;9;;;;;10107.5;7820.0
-2;107600;ASH_COATED_OSMIUM;9989;20;;;;;10010;20;;;;;9999.5;2836.0
-2;107600;INTARIAN_PEPPER_ROOT;10102;11;;;;;10113;11;10116;17;;;10107.5;7820.0
-2;107700;ASH_COATED_OSMIUM;9991;13;;;;;10009;20;;;;;10000.0;2801.0
-2;107700;INTARIAN_PEPPER_ROOT;10102;10;10100;21;;;10113;10;10116;21;;;10107.5;7820.0
-2;107800;ASH_COATED_OSMIUM;;;;;;;10006;11;;;;;10006.0;2381.0
-2;107800;INTARIAN_PEPPER_ROOT;10102;8;;;;;10116;15;;;;;10109.0;7940.0
-2;107900;ASH_COATED_OSMIUM;9991;14;9988;23;;;10007;14;;;;;9999.0;2913.0
-2;107900;INTARIAN_PEPPER_ROOT;10100;21;;;;;10113;9;;;;;10106.5;7740.0
-2;108000;ASH_COATED_OSMIUM;9988;30;;;;;10009;30;;;;;9998.5;2945.0
-2;108000;INTARIAN_PEPPER_ROOT;10102;11;10100;18;;;10114;11;;;;;10108.0;7860.0
-2;108100;ASH_COATED_OSMIUM;9988;27;;;;;10007;11;10009;27;;;9997.5;3009.0
-2;108100;INTARIAN_PEPPER_ROOT;10103;8;10100;19;;;10114;8;10116;19;;;10108.5;7900.0
-2;108200;ASH_COATED_OSMIUM;9988;23;;;;;10007;13;;;;;9997.5;3009.0
-2;108200;INTARIAN_PEPPER_ROOT;10103;8;10100;16;;;10114;8;10116;16;;;10108.5;7900.0
-2;108300;ASH_COATED_OSMIUM;9991;14;9988;25;;;10007;14;10009;25;;;9999.0;2913.0
-2;108300;INTARIAN_PEPPER_ROOT;10103;10;10100;16;;;10114;10;10116;16;;;10108.5;7900.0
-2;108400;ASH_COATED_OSMIUM;9988;26;;;;;10007;12;10009;26;;;9997.5;3009.0
-2;108400;INTARIAN_PEPPER_ROOT;10103;12;10100;19;;;10114;12;10116;19;;;10108.5;7900.0
-2;108500;ASH_COATED_OSMIUM;9991;10;;;;;10007;10;10009;25;;;9999.0;2913.0
-2;108500;INTARIAN_PEPPER_ROOT;10103;11;10100;19;;;10114;11;;;;;10108.5;7900.0
-2;108600;ASH_COATED_OSMIUM;9991;10;9989;24;;;10007;10;10010;24;;;9999.0;2913.0
-2;108600;INTARIAN_PEPPER_ROOT;10103;8;10101;25;;;10114;8;10117;25;;;10108.5;7900.0
-2;108700;ASH_COATED_OSMIUM;9988;26;;;;;10006;12;10009;26;;;9997.0;3041.0
-2;108700;INTARIAN_PEPPER_ROOT;10103;11;10101;19;;;10117;19;;;;;10110.0;8020.0
-2;108800;ASH_COATED_OSMIUM;9990;13;9988;20;;;10000;3;10006;13;10009;20;9995.0;3205.0
-2;108800;INTARIAN_PEPPER_ROOT;10103;12;10101;17;;;10114;12;10117;17;;;10108.5;7900.0
-2;108900;ASH_COATED_OSMIUM;9990;15;9988;26;;;10009;26;;;;;9999.5;2957.5
-2;108900;INTARIAN_PEPPER_ROOT;10103;8;10101;19;;;10105;7;10114;8;10117;19;10104.0;7540.0
-2;109000;ASH_COATED_OSMIUM;9990;10;9988;22;;;;;;;;;9990.0;3480.0
-2;109000;INTARIAN_PEPPER_ROOT;10103;10;10101;17;;;10115;10;;;;;10109.0;7940.0
-2;109100;ASH_COATED_OSMIUM;9991;14;9989;21;;;10007;14;;;;;9999.0;2985.0
-2;109100;INTARIAN_PEPPER_ROOT;;;;;;;10115;12;;;;;10115.0;8420.0
-2;109200;ASH_COATED_OSMIUM;9991;15;9989;25;;;10007;15;;;;;9999.0;2985.0
-2;109200;INTARIAN_PEPPER_ROOT;10104;12;10101;21;;;10117;21;;;;;10110.5;8060.0
-2;109300;ASH_COATED_OSMIUM;9991;10;;;;;10007;10;;;;;9999.0;2985.0
-2;109300;INTARIAN_PEPPER_ROOT;10104;10;10101;20;;;10117;20;;;;;10110.5;8060.0
-2;109400;ASH_COATED_OSMIUM;9991;10;9989;29;;;10007;10;10010;29;;;9999.0;2985.0
-2;109400;INTARIAN_PEPPER_ROOT;10104;11;10101;21;;;10115;11;10117;21;;;10109.5;7980.0
-2;109500;ASH_COATED_OSMIUM;9991;11;9989;20;;;10007;11;10010;20;;;9999.0;2985.0
-2;109500;INTARIAN_PEPPER_ROOT;10101;20;;;;;10115;10;10118;20;;;10108.0;7860.0
-2;109600;ASH_COATED_OSMIUM;9991;12;9989;22;;;10010;22;;;;;10000.5;2902.5
-2;109600;INTARIAN_PEPPER_ROOT;10104;11;10102;25;;;10115;11;10118;25;;;10109.5;7980.0
-2;109700;ASH_COATED_OSMIUM;9991;12;;;;;;;;;;;9991.0;3425.0
-2;109700;INTARIAN_PEPPER_ROOT;;;;;;;;;;;;;0.0;-800780.0
-2;109800;ASH_COATED_OSMIUM;;;;;;;10010;27;;;;;10010.0;2380.0
-2;109800;INTARIAN_PEPPER_ROOT;10104;10;10102;23;;;10115;10;10118;23;;;10109.5;7980.0
-2;109900;ASH_COATED_OSMIUM;9992;11;9989;26;;;10008;11;10010;26;;;10000.0;2930.0
-2;109900;INTARIAN_PEPPER_ROOT;10104;8;10102;20;;;10115;8;10118;20;;;10109.5;7980.0
-2;110000;ASH_COATED_OSMIUM;9992;12;;;;;10008;12;;;;;10000.0;2930.0
-2;110000;INTARIAN_PEPPER_ROOT;10104;12;;;;;10116;12;10118;17;;;10110.0;8020.0
-2;110100;ASH_COATED_OSMIUM;9992;11;9989;23;;;10007;11;10010;23;;;9999.5;2957.5
-2;110100;INTARIAN_PEPPER_ROOT;10105;11;10102;18;;;10116;11;;;;;10110.5;8060.0
-2;110200;ASH_COATED_OSMIUM;9992;12;9989;21;;;10008;12;10010;21;;;10000.0;2930.0
-2;110200;INTARIAN_PEPPER_ROOT;10105;12;10102;21;;;10116;12;10118;21;;;10110.5;8060.0
-2;110300;ASH_COATED_OSMIUM;9992;10;9990;29;;;10008;10;;;;;10000.0;2930.0
-2;110300;INTARIAN_PEPPER_ROOT;10105;10;10102;15;;;10116;10;10118;15;;;10110.5;8060.0
-2;110400;ASH_COATED_OSMIUM;9989;29;;;;;10008;14;10010;29;;;9998.5;3012.5
-2;110400;INTARIAN_PEPPER_ROOT;10108;5;10105;11;10102;21;10116;11;10118;21;;;10112.0;8180.0
-2;110500;ASH_COATED_OSMIUM;;;;;;;10008;14;;;;;10008.0;2490.0
-2;110500;INTARIAN_PEPPER_ROOT;;;;;;;10116;8;10119;20;;;10116.0;8500.0
-2;110600;ASH_COATED_OSMIUM;9991;15;;;;;10007;15;10010;21;;;9999.0;2985.0
-2;110600;INTARIAN_PEPPER_ROOT;10105;8;10103;18;;;10119;18;;;;;10112.0;8180.0
-2;110700;ASH_COATED_OSMIUM;9991;15;9988;22;;;10009;22;;;;;10000.0;2930.0
-2;110700;INTARIAN_PEPPER_ROOT;10105;11;10103;23;;;10116;11;10119;23;;;10110.5;8060.0
-2;110800;ASH_COATED_OSMIUM;;;;;;;10007;10;;;;;10007.0;2545.0
-2;110800;INTARIAN_PEPPER_ROOT;10105;12;10103;15;;;10119;15;;;;;10112.0;8180.0
-2;110900;ASH_COATED_OSMIUM;9991;15;9988;30;;;10009;30;;;;;10000.0;2930.0
-2;110900;INTARIAN_PEPPER_ROOT;10105;12;10103;24;;;10116;12;10119;24;;;10110.5;8060.0
-2;111000;ASH_COATED_OSMIUM;9991;10;;;;;10007;10;10009;27;;;9999.0;2985.0
-2;111000;INTARIAN_PEPPER_ROOT;10105;8;;;;;10117;8;10119;17;;;10111.0;8100.0
-2;111100;ASH_COATED_OSMIUM;9991;10;9989;21;;;10009;21;;;;;10000.0;2930.0
-2;111100;INTARIAN_PEPPER_ROOT;10106;12;10103;18;;;10117;12;10119;18;;;10111.5;8140.0
-2;111200;ASH_COATED_OSMIUM;9991;14;9989;26;;;10007;14;10010;26;;;9999.0;2985.0
-2;111200;INTARIAN_PEPPER_ROOT;10106;12;10103;21;;;10117;12;10119;21;;;10111.5;8140.0
-2;111300;ASH_COATED_OSMIUM;9991;10;;;;;10007;10;;;;;9999.0;2985.0
-2;111300;INTARIAN_PEPPER_ROOT;;;;;;;10119;19;;;;;10119.0;8740.0
-2;111400;ASH_COATED_OSMIUM;9991;13;;;;;10007;13;10009;27;;;9999.0;2985.0
-2;111400;INTARIAN_PEPPER_ROOT;10106;9;10103;20;;;10117;9;10119;20;;;10111.5;8140.0
-2;111500;ASH_COATED_OSMIUM;9997;2;9991;15;9989;25;10007;15;;;;;10002.0;2820.0
-2;111500;INTARIAN_PEPPER_ROOT;10106;8;10103;21;;;10117;8;10120;21;;;10111.5;8140.0
-2;111600;ASH_COATED_OSMIUM;9991;12;;;;;10007;12;10010;29;;;9999.0;2985.0
-2;111600;INTARIAN_PEPPER_ROOT;10106;10;10104;20;;;10120;20;;;;;10113.0;8260.0
-2;111700;ASH_COATED_OSMIUM;9989;26;;;;;10007;15;10010;26;;;9998.0;3040.0
-2;111700;INTARIAN_PEPPER_ROOT;10106;9;10104;15;;;10117;9;10120;15;;;10111.5;8140.0
-2;111800;ASH_COATED_OSMIUM;9989;25;;;;;10008;10;10010;25;;;9998.5;3063.5
-2;111800;INTARIAN_PEPPER_ROOT;;;;;;;10117;9;10120;19;;;10117.0;8580.0
-2;111900;ASH_COATED_OSMIUM;9992;15;9990;25;;;10008;15;;;;;10000.0;2990.0
-2;111900;INTARIAN_PEPPER_ROOT;10106;8;;;;;10117;8;;;;;10111.5;8140.0
-2;112000;ASH_COATED_OSMIUM;9993;13;9991;27;;;10012;27;;;;;10002.5;2867.5
-2;112000;INTARIAN_PEPPER_ROOT;10106;12;10104;24;;;10118;12;10120;24;;;10112.0;8180.0
-2;112100;ASH_COATED_OSMIUM;;;;;;;10012;25;;;;;10012.0;2402.0
-2;112100;INTARIAN_PEPPER_ROOT;10107;11;;;;;10118;11;10120;17;;;10112.5;8220.0
-2;112200;ASH_COATED_OSMIUM;9993;13;9991;29;;;10009;13;10012;29;;;10001.0;2941.0
-2;112200;INTARIAN_PEPPER_ROOT;10107;11;10104;17;;;10118;11;10120;17;;;10112.5;8220.0
-2;112300;ASH_COATED_OSMIUM;9994;11;9991;21;;;10012;21;;;;;10003.0;2843.0
-2;112300;INTARIAN_PEPPER_ROOT;10107;12;;;;;10120;18;;;;;10113.5;8300.0
-2;112400;ASH_COATED_OSMIUM;9994;11;9991;27;;;10010;11;10012;27;;;10002.0;2892.0
-2;112400;INTARIAN_PEPPER_ROOT;10104;17;;;;;10118;8;10120;17;;;10111.0;8100.0
-2;112500;ASH_COATED_OSMIUM;9994;11;9992;26;;;10000;5;10010;11;;;9997.0;3122.0
-2;112500;INTARIAN_PEPPER_ROOT;10107;8;10104;25;;;10118;8;10121;25;;;10112.5;8220.0
-2;112600;ASH_COATED_OSMIUM;9994;12;9992;29;;;10010;12;10013;29;;;10002.0;2902.0
-2;112600;INTARIAN_PEPPER_ROOT;10107;12;;;;;10118;12;10121;19;;;10112.5;8220.0
-2;112700;ASH_COATED_OSMIUM;9995;14;9993;21;;;10011;14;;;;;10003.0;2858.0
-2;112700;INTARIAN_PEPPER_ROOT;10105;24;;;;;10118;10;;;;;10111.5;8140.0
-2;112800;ASH_COATED_OSMIUM;9995;13;9993;20;;;10011;13;10014;20;;;10003.0;2858.0
-2;112800;INTARIAN_PEPPER_ROOT;10107;10;;;;;10118;10;10121;20;;;10112.5;8220.0
-2;112900;ASH_COATED_OSMIUM;10000;2;9992;23;;;10011;14;10013;23;;;10005.5;2748.0
-2;112900;INTARIAN_PEPPER_ROOT;10107;10;10105;24;;;10121;24;;;;;10114.0;8340.0
-2;113000;ASH_COATED_OSMIUM;9993;23;;;;;;;;;;;9993.0;3298.0
-2;113000;INTARIAN_PEPPER_ROOT;10105;25;;;;;;;;;;;10105.0;7620.0
-2;113100;ASH_COATED_OSMIUM;9995;10;9993;24;;;10011;10;;;;;10003.0;2858.0
-2;113100;INTARIAN_PEPPER_ROOT;10108;12;10105;17;;;10119;12;10121;17;;;10113.5;8300.0
-2;113200;ASH_COATED_OSMIUM;9995;12;9992;28;;;10011;12;10013;28;;;10003.0;2858.0
-2;113200;INTARIAN_PEPPER_ROOT;;;;;;;10119;11;10121;17;;;10119.0;8740.0
-2;113300;ASH_COATED_OSMIUM;9995;10;9992;20;;;10013;20;;;;;10004.0;2854.0
-2;113300;INTARIAN_PEPPER_ROOT;10108;9;10105;21;;;10119;9;10121;21;;;10113.5;8300.0
-2;113400;ASH_COATED_OSMIUM;9994;14;9992;20;;;10004;5;10010;14;10013;20;9999.0;3049.0
-2;113400;INTARIAN_PEPPER_ROOT;10108;12;;;;;10119;12;;;;;10113.5;8300.0
-2;113500;ASH_COATED_OSMIUM;9994;15;9992;20;;;10010;15;10013;20;;;10002.0;2960.0
-2;113500;INTARIAN_PEPPER_ROOT;10105;21;;;;;10119;11;10122;21;;;10112.0;8180.0
-2;113600;ASH_COATED_OSMIUM;9994;12;9992;28;;;10010;12;10013;28;;;10002.0;2960.0
-2;113600;INTARIAN_PEPPER_ROOT;10108;12;10106;21;;;10119;12;10122;21;;;10113.5;8300.0
-2;113700;ASH_COATED_OSMIUM;9994;13;9992;24;;;10010;13;10013;24;;;10002.0;2960.0
-2;113700;INTARIAN_PEPPER_ROOT;10108;11;10106;19;;;10119;11;10122;19;;;10113.5;8300.0
-2;113800;ASH_COATED_OSMIUM;9994;15;;;;;10010;15;;;;;10002.0;2960.0
-2;113800;INTARIAN_PEPPER_ROOT;;;;;;;10119;11;10122;22;;;10119.0;8740.0
-2;113900;ASH_COATED_OSMIUM;9994;13;9992;27;;;;;;;;;9994.0;3304.0
-2;113900;INTARIAN_PEPPER_ROOT;10106;17;;;;;10122;17;;;;;10114.0;8340.0
-2;114000;ASH_COATED_OSMIUM;10000;4;9995;15;9992;26;10013;26;;;;;10006.5;2766.5
-2;114000;INTARIAN_PEPPER_ROOT;10108;8;10106;16;;;10122;16;;;;;10115.0;8420.0
-2;114100;ASH_COATED_OSMIUM;9995;13;9992;26;;;10011;13;10013;26;;;10003.0;2987.0
-2;114100;INTARIAN_PEPPER_ROOT;10109;9;10106;22;;;10120;9;10122;22;;;10114.5;8380.0
-2;114200;ASH_COATED_OSMIUM;9995;10;9992;27;;;10011;10;;;;;10003.0;2987.0
-2;114200;INTARIAN_PEPPER_ROOT;10109;10;10106;20;;;10120;10;;;;;10114.5;8380.0
-2;114300;ASH_COATED_OSMIUM;9995;15;9992;22;;;10011;15;;;;;10003.0;2987.0
-2;114300;INTARIAN_PEPPER_ROOT;10109;10;10106;22;;;;;;;;;10109.0;7940.0
-2;114400;ASH_COATED_OSMIUM;9994;15;9992;23;;;10010;15;10013;23;;;10002.0;3040.0
-2;114400;INTARIAN_PEPPER_ROOT;10109;11;;;;;10120;11;10122;21;;;10114.5;8380.0
-2;114500;ASH_COATED_OSMIUM;9995;12;9992;27;;;10011;12;10013;27;;;10003.0;2987.0
-2;114500;INTARIAN_PEPPER_ROOT;10109;11;;;;;10120;11;10123;24;;;10114.5;8380.0
-2;114600;ASH_COATED_OSMIUM;9994;13;;;;;10011;13;10013;21;;;10002.5;3013.5
-2;114600;INTARIAN_PEPPER_ROOT;10109;10;10107;22;;;10123;22;;;;;10116.0;8500.0
-2;114700;ASH_COATED_OSMIUM;9994;14;;;;;10010;14;10013;26;;;10002.0;3040.0
-2;114700;INTARIAN_PEPPER_ROOT;10107;17;;;;;10120;12;;;;;10113.5;8300.0
-2;114800;ASH_COATED_OSMIUM;9994;10;9991;29;;;10010;10;10012;29;;;10002.0;3040.0
-2;114800;INTARIAN_PEPPER_ROOT;10109;9;10107;22;;;;;;;;;10109.0;7940.0
-2;114900;ASH_COATED_OSMIUM;9993;10;9991;25;;;10009;10;10012;25;;;10001.0;3093.0
-2;114900;INTARIAN_PEPPER_ROOT;10109;11;10107;18;;;10120;11;10123;18;;;10114.5;8380.0
-2;115000;ASH_COATED_OSMIUM;9993;15;;;;;10012;22;;;;;10002.5;3013.5
-2;115000;INTARIAN_PEPPER_ROOT;10109;8;;;;;10121;8;;;;;10115.0;8420.0
-2;115100;ASH_COATED_OSMIUM;;;;;;;10010;13;;;;;10010.0;2616.0
-2;115100;INTARIAN_PEPPER_ROOT;10110;10;10107;20;;;10121;10;10123;20;;;10115.5;8460.0
-2;115200;ASH_COATED_OSMIUM;9993;15;9991;20;;;;;;;;;9993.0;3517.0
-2;115200;INTARIAN_PEPPER_ROOT;10107;22;;;;;10121;12;10123;22;;;10114.0;8340.0
-2;115300;ASH_COATED_OSMIUM;9993;14;9991;26;;;10009;14;10012;26;;;10001.0;3093.0
-2;115300;INTARIAN_PEPPER_ROOT;10110;8;10107;24;;;10121;8;10123;24;;;10115.5;8460.0
-2;115400;ASH_COATED_OSMIUM;9993;14;9990;26;;;10011;26;;;;;10002.0;3040.0
-2;115400;INTARIAN_PEPPER_ROOT;10110;12;10107;21;;;10123;21;;;;;10116.5;8540.0
-2;115500;ASH_COATED_OSMIUM;9999;2;9991;28;;;10009;10;10012;28;;;10004.0;2934.0
-2;115500;INTARIAN_PEPPER_ROOT;10110;11;;;;;10124;19;;;;;10117.0;8580.0
-2;115600;ASH_COATED_OSMIUM;9990;27;;;;;10009;15;10011;27;;;9999.5;3172.5
-2;115600;INTARIAN_PEPPER_ROOT;10110;9;10108;18;;;10121;9;10124;18;;;10115.5;8460.0
-2;115700;ASH_COATED_OSMIUM;9993;10;;;;;10009;10;10011;24;;;10001.0;3093.0
-2;115700;INTARIAN_PEPPER_ROOT;10110;10;;;;;10121;10;10124;20;;;10115.5;8460.0
-2;115800;ASH_COATED_OSMIUM;9990;30;;;;;10008;13;10011;30;;;9999.0;3199.0
-2;115800;INTARIAN_PEPPER_ROOT;10110;8;10108;17;;;10121;8;10124;17;;;10115.5;8460.0
-2;115900;ASH_COATED_OSMIUM;9993;10;9990;22;;;10009;10;10011;22;;;10001.0;3093.0
-2;115900;INTARIAN_PEPPER_ROOT;10110;8;10108;24;;;10124;24;;;;;10117.0;8580.0
-2;116000;ASH_COATED_OSMIUM;9992;12;9989;26;;;10008;12;;;;;10000.0;3146.0
-2;116000;INTARIAN_PEPPER_ROOT;10110;10;10108;17;;;10122;10;10124;17;;;10116.0;8500.0
-2;116100;ASH_COATED_OSMIUM;9990;30;;;;;10009;11;10011;30;;;9999.5;3172.5
-2;116100;INTARIAN_PEPPER_ROOT;10111;12;10108;19;;;10122;12;10124;19;;;10116.5;8540.0
-2;116200;ASH_COATED_OSMIUM;9992;15;9990;22;;;10008;15;10011;22;;;10000.0;3146.0
-2;116200;INTARIAN_PEPPER_ROOT;10111;11;10108;15;;;10122;11;10124;15;;;10116.5;8540.0
-2;116300;ASH_COATED_OSMIUM;9992;13;9990;23;;;10008;13;;;;;10000.0;3146.0
-2;116300;INTARIAN_PEPPER_ROOT;10111;10;10108;17;;;10122;10;10124;17;;;10116.5;8540.0
-2;116400;ASH_COATED_OSMIUM;9992;12;9990;22;;;;;;;;;9992.0;3570.0
-2;116400;INTARIAN_PEPPER_ROOT;10111;9;10108;22;;;10122;9;10124;22;;;10116.5;8540.0
-2;116500;ASH_COATED_OSMIUM;;;;;;;10011;28;;;;;10011.0;2563.0
-2;116500;INTARIAN_PEPPER_ROOT;10111;11;;;;;10122;11;;;;;10116.5;8540.0
-2;116600;ASH_COATED_OSMIUM;9990;20;;;;;10008;12;10011;20;;;9999.0;3199.0
-2;116600;INTARIAN_PEPPER_ROOT;10111;10;10109;23;;;10125;23;;;;;10118.0;8660.0
-2;116700;ASH_COATED_OSMIUM;9992;11;9990;29;;;10008;11;;;;;10000.0;3146.0
-2;116700;INTARIAN_PEPPER_ROOT;10111;10;10109;23;;;10122;10;10125;23;;;10116.5;8540.0
-2;116800;ASH_COATED_OSMIUM;9992;15;;;;;10008;15;10011;25;;;10000.0;3146.0
-2;116800;INTARIAN_PEPPER_ROOT;10111;8;10109;16;;;10122;8;10125;16;;;10116.5;8540.0
-2;116900;ASH_COATED_OSMIUM;9993;15;9990;30;;;10009;15;;;;;10001.0;3093.0
-2;116900;INTARIAN_PEPPER_ROOT;10111;10;10109;17;;;10122;10;;;;;10116.5;8540.0
-2;117000;ASH_COATED_OSMIUM;9993;14;9991;22;;;10009;14;10012;22;;;10001.0;3093.0
-2;117000;INTARIAN_PEPPER_ROOT;10111;11;10109;19;;;10123;11;10125;19;;;10117.0;8580.0
-2;117100;ASH_COATED_OSMIUM;9993;14;9990;25;;;10009;14;10011;25;;;10001.0;3093.0
-2;117100;INTARIAN_PEPPER_ROOT;10112;10;10109;15;;;10123;10;10125;15;;;10117.5;8620.0
-2;117200;ASH_COATED_OSMIUM;9993;15;9990;24;;;10009;15;10011;24;;;10001.0;3093.0
-2;117200;INTARIAN_PEPPER_ROOT;10112;11;;;;;10123;11;10125;18;;;10117.5;8620.0
-2;117300;ASH_COATED_OSMIUM;;;;;;;10012;27;;;;;10012.0;2510.0
-2;117300;INTARIAN_PEPPER_ROOT;10109;16;;;;;10123;9;10125;16;;;10116.0;8500.0
-2;117400;ASH_COATED_OSMIUM;9993;15;9991;26;;;;;;;;;9993.0;3517.0
-2;117400;INTARIAN_PEPPER_ROOT;10109;20;;;;;10123;11;10125;20;;;10116.0;8500.0
-2;117500;ASH_COATED_OSMIUM;9993;13;9991;26;;;10009;13;;;;;10001.0;3093.0
-2;117500;INTARIAN_PEPPER_ROOT;10109;15;;;;;10123;12;10126;15;;;10116.0;8500.0
-2;117600;ASH_COATED_OSMIUM;9999;3;9994;14;9991;23;10010;14;;;;;10004.5;2907.5
-2;117600;INTARIAN_PEPPER_ROOT;10112;10;10110;17;;;10123;10;;;;;10117.5;8620.0
-2;117700;ASH_COATED_OSMIUM;9991;27;;;;;10010;13;10012;27;;;10000.5;3119.5
-2;117700;INTARIAN_PEPPER_ROOT;10112;8;10110;18;;;10114;8;10123;8;10126;18;10113.0;8260.0
-2;117800;ASH_COATED_OSMIUM;9994;14;9991;24;;;;;;;;;9994.0;3464.0
-2;117800;INTARIAN_PEPPER_ROOT;10112;12;10110;18;;;10126;18;;;;;10119.0;8740.0
-2;117900;ASH_COATED_OSMIUM;10004;4;9994;12;9992;20;10013;20;;;;;10008.5;2677.5
-2;117900;INTARIAN_PEPPER_ROOT;10112;11;10110;18;;;;;;;;;10112.0;8180.0
-2;118000;ASH_COATED_OSMIUM;9993;11;9991;28;;;10009;11;10012;28;;;10001.0;3105.0
-2;118000;INTARIAN_PEPPER_ROOT;10112;8;10110;25;;;10124;8;10126;25;;;10118.0;8660.0
-2;118100;ASH_COATED_OSMIUM;9993;13;9990;28;;;10009;13;;;;;10001.0;3105.0
-2;118100;INTARIAN_PEPPER_ROOT;10113;11;10110;18;;;10124;11;10126;18;;;10118.5;8700.0
-2;118200;ASH_COATED_OSMIUM;9993;13;9990;29;;;10009;13;10011;29;;;10001.0;3105.0
-2;118200;INTARIAN_PEPPER_ROOT;10113;8;10110;18;;;10124;8;10126;18;;;10118.5;8700.0
-2;118300;ASH_COATED_OSMIUM;9993;10;9990;25;;;10009;10;10011;25;;;10001.0;3105.0
-2;118300;INTARIAN_PEPPER_ROOT;10113;8;10110;15;;;10124;8;10126;15;;;10118.5;8700.0
-2;118400;ASH_COATED_OSMIUM;9993;11;;;;;10009;11;;;;;10001.0;3105.0
-2;118400;INTARIAN_PEPPER_ROOT;10110;16;;;;;10124;10;10126;16;;;10117.0;8580.0
-2;118500;ASH_COATED_OSMIUM;9992;13;9990;29;;;10011;29;;;;;10001.5;3076.5
-2;118500;INTARIAN_PEPPER_ROOT;10113;8;10110;17;;;10124;8;10127;17;;;10118.5;8700.0
-2;118600;ASH_COATED_OSMIUM;9992;11;9990;30;;;10008;11;10011;30;;;10000.0;3162.0
-2;118600;INTARIAN_PEPPER_ROOT;10113;8;;;;;10127;18;;;;;10120.0;8820.0
-2;118700;ASH_COATED_OSMIUM;9993;12;9990;28;;;10009;12;;;;;10001.0;3105.0
-2;118700;INTARIAN_PEPPER_ROOT;10113;11;10111;23;;;10124;11;;;;;10118.5;8700.0
-2;118800;ASH_COATED_OSMIUM;9990;28;;;;;10009;11;10011;28;;;9999.5;3190.5
-2;118800;INTARIAN_PEPPER_ROOT;10113;12;10111;25;;;10124;12;10127;25;;;10118.5;8700.0
-2;118900;ASH_COATED_OSMIUM;9993;11;;;;;10009;11;;;;;10001.0;3126.0
-2;118900;INTARIAN_PEPPER_ROOT;10113;10;10111;19;;;10124;10;;;;;10118.5;8700.0
-2;119000;ASH_COATED_OSMIUM;9994;11;9991;30;;;10010;11;10012;30;;;10002.0;3072.0
-2;119000;INTARIAN_PEPPER_ROOT;10113;9;;;;;10125;9;10127;24;;;10119.0;8740.0
-2;119100;ASH_COATED_OSMIUM;9994;13;9991;22;;;10010;13;10012;22;;;10002.0;3100.0
-2;119100;INTARIAN_PEPPER_ROOT;10114;10;10111;19;;;10125;10;;;;;10119.5;8780.0
-2;119200;ASH_COATED_OSMIUM;9994;12;;;;;10012;26;;;;;10003.0;3042.0
-2;119200;INTARIAN_PEPPER_ROOT;10114;8;10111;15;;;10127;15;;;;;10120.5;8860.0
-2;119300;ASH_COATED_OSMIUM;9994;10;9991;27;;;10012;27;;;;;10003.0;3042.0
-2;119300;INTARIAN_PEPPER_ROOT;10111;24;;;;;10127;24;;;;;10119.0;8740.0
-2;119400;ASH_COATED_OSMIUM;9993;13;;;;;10009;13;10012;24;;;10001.0;3158.0
-2;119400;INTARIAN_PEPPER_ROOT;10111;22;;;;;10125;11;10127;22;;;10118.0;8660.0
-2;119500;ASH_COATED_OSMIUM;9993;10;9991;26;;;10003;5;10009;10;;;9998.0;3332.0
-2;119500;INTARIAN_PEPPER_ROOT;10111;19;;;;;10125;8;10128;19;;;10118.0;8660.0
-2;119600;ASH_COATED_OSMIUM;9994;14;9991;20;;;10010;14;10012;20;;;10002.0;3100.0
-2;119600;INTARIAN_PEPPER_ROOT;10114;11;;;;;10125;11;10128;17;;;10119.5;8780.0
-2;119700;ASH_COATED_OSMIUM;9991;28;;;;;10009;11;10012;28;;;10000.0;3216.0
-2;119700;INTARIAN_PEPPER_ROOT;10114;10;10112;23;;;10125;10;10128;23;;;10119.5;8780.0
-2;119800;ASH_COATED_OSMIUM;9994;14;9991;29;;;10010;14;;;;;10002.0;3100.0
-2;119800;INTARIAN_PEPPER_ROOT;10112;21;;;;;10125;11;10128;21;;;10118.5;8700.0
-2;119900;ASH_COATED_OSMIUM;9994;15;9991;27;;;10003;5;10010;15;10012;27;9998.5;3303.0
-2;119900;INTARIAN_PEPPER_ROOT;10114;11;10112;22;;;10125;11;;;;;10119.5;8780.0
-2;120000;ASH_COATED_OSMIUM;9994;12;9992;22;;;10010;12;10013;22;;;10002.0;3156.0
-2;120000;INTARIAN_PEPPER_ROOT;10114;8;10112;19;;;10116;8;10126;8;;;10115.0;8420.0
-2;120100;ASH_COATED_OSMIUM;9994;11;;;;;;;;;;;9994.0;3684.0
-2;120100;INTARIAN_PEPPER_ROOT;10115;12;;;;;10126;12;10128;16;;;10120.5;8860.0
-2;120200;ASH_COATED_OSMIUM;9995;11;9992;21;;;10011;11;10013;21;;;10003.0;3090.0
-2;120200;INTARIAN_PEPPER_ROOT;10112;17;;;;;10126;9;10128;17;;;10119.0;8740.0
-2;120300;ASH_COATED_OSMIUM;9994;12;9992;28;;;10010;12;10013;28;;;10002.0;3156.0
-2;120300;INTARIAN_PEPPER_ROOT;10115;11;10112;25;;;;;;;;;10115.0;8420.0
-2;120400;ASH_COATED_OSMIUM;9994;11;;;;;10010;11;;;;;10002.0;3156.0
-2;120400;INTARIAN_PEPPER_ROOT;10112;18;;;;;10126;11;;;;;10119.0;8740.0
-2;120500;ASH_COATED_OSMIUM;9994;15;9992;29;;;10010;15;;;;;10002.0;3156.0
-2;120500;INTARIAN_PEPPER_ROOT;10115;10;10112;22;;;10126;10;10129;22;;;10120.5;8860.0
-2;120600;ASH_COATED_OSMIUM;9995;11;9992;27;;;10011;11;;;;;10003.0;3090.0
-2;120600;INTARIAN_PEPPER_ROOT;10115;9;10113;22;;;10122;8;10126;9;10129;22;10118.5;8700.0
-2;120700;ASH_COATED_OSMIUM;9994;13;;;;;10010;13;;;;;10002.0;3156.0
-2;120700;INTARIAN_PEPPER_ROOT;10115;10;10113;22;;;10126;10;10129;22;;;10120.5;8860.0
-2;120800;ASH_COATED_OSMIUM;9995;13;9992;28;;;10011;13;10013;28;;;10003.0;3090.0
-2;120800;INTARIAN_PEPPER_ROOT;10115;10;10113;19;;;10126;10;10129;19;;;10120.5;8860.0
-2;120900;ASH_COATED_OSMIUM;9994;14;9992;29;;;10010;14;10013;29;;;10002.0;3198.0
-2;120900;INTARIAN_PEPPER_ROOT;10115;10;10113;18;;;10129;18;;;;;10122.0;8980.0
-2;121000;ASH_COATED_OSMIUM;9995;10;;;;;10011;10;10013;25;;;10003.0;3126.0
-2;121000;INTARIAN_PEPPER_ROOT;10115;9;10113;15;;;10127;9;10129;15;;;10121.0;8900.0
-2;121100;ASH_COATED_OSMIUM;9994;12;9991;26;;;10010;12;10012;26;;;10002.0;3198.0
-2;121100;INTARIAN_PEPPER_ROOT;10113;21;;;;;10127;9;10129;21;;;10120.0;8820.0
-2;121200;ASH_COATED_OSMIUM;9994;10;9992;23;;;10010;10;10013;23;;;10002.0;3198.0
-2;121200;INTARIAN_PEPPER_ROOT;;;;;;;10127;12;10129;22;;;10127.0;9380.0
-2;121300;ASH_COATED_OSMIUM;9994;14;9991;22;;;10012;22;;;;;10003.0;3126.0
-2;121300;INTARIAN_PEPPER_ROOT;10116;12;10113;19;;;10127;12;10129;19;;;10121.5;8940.0
-2;121400;ASH_COATED_OSMIUM;9994;11;9991;25;;;10010;11;;;;;10002.0;3198.0
-2;121400;INTARIAN_PEPPER_ROOT;10116;12;10113;17;;;10127;12;10129;17;;;10121.5;8940.0
-2;121500;ASH_COATED_OSMIUM;9994;10;9991;23;;;10010;10;10012;23;;;10002.0;3198.0
-2;121500;INTARIAN_PEPPER_ROOT;10116;9;10113;20;;;10127;9;10130;20;;;10121.5;8940.0
-2;121600;ASH_COATED_OSMIUM;9994;12;9991;29;;;10012;29;;;;;10003.0;3126.0
-2;121600;INTARIAN_PEPPER_ROOT;10114;16;;;;;;;;;;;10114.0;8340.0
-2;121700;ASH_COATED_OSMIUM;9994;14;;;;;10010;14;10012;27;;;10002.0;3198.0
-2;121700;INTARIAN_PEPPER_ROOT;10116;8;10114;21;;;10127;8;10130;21;;;10121.5;8940.0
-2;121800;ASH_COATED_OSMIUM;9994;13;9991;22;;;10012;22;;;;;10003.0;3126.0
-2;121800;INTARIAN_PEPPER_ROOT;10116;12;10114;20;;;10127;12;10130;20;;;10121.5;8940.0
-2;121900;ASH_COATED_OSMIUM;9994;14;9991;24;;;10010;14;10012;24;;;10002.0;3198.0
-2;121900;INTARIAN_PEPPER_ROOT;10116;8;;;;;10127;8;;;;;10121.5;8940.0
-2;122000;ASH_COATED_OSMIUM;9994;12;9991;20;;;10010;12;10012;20;;;10002.0;3198.0
-2;122000;INTARIAN_PEPPER_ROOT;10125;3;10116;12;;;10128;12;10130;20;;;10126.5;9340.0
-2;122100;ASH_COATED_OSMIUM;9994;10;9991;20;;;10012;20;;;;;10003.0;3126.0
-2;122100;INTARIAN_PEPPER_ROOT;10117;12;10114;15;;;10128;12;;;;;10122.5;9020.0
-2;122200;ASH_COATED_OSMIUM;9993;15;;;;;10009;15;;;;;10001.0;3270.0
-2;122200;INTARIAN_PEPPER_ROOT;10117;9;10114;17;;;10128;9;;;;;10122.5;9020.0
-2;122300;ASH_COATED_OSMIUM;9993;12;9991;30;;;10009;12;10012;30;;;10001.0;3270.0
-2;122300;INTARIAN_PEPPER_ROOT;10117;10;10114;16;;;10128;10;10130;16;;;10122.5;9020.0
-2;122400;ASH_COATED_OSMIUM;9993;13;9991;20;;;10012;20;;;;;10002.5;3162.0
-2;122400;INTARIAN_PEPPER_ROOT;10117;12;10114;23;;;10128;12;10130;23;;;10122.5;9020.0
-2;122500;ASH_COATED_OSMIUM;9994;14;;;;;10012;21;;;;;10003.0;3126.0
-2;122500;INTARIAN_PEPPER_ROOT;10117;12;;;;;10128;12;10131;18;;;10122.5;9020.0
-2;122600;ASH_COATED_OSMIUM;9994;15;9991;27;;;10010;15;;;;;10002.0;3198.0
-2;122600;INTARIAN_PEPPER_ROOT;10117;12;10115;19;;;10128;12;10131;19;;;10122.5;9020.0
-2;122700;ASH_COATED_OSMIUM;9994;12;9991;25;;;10010;12;10012;25;;;10002.0;3198.0
-2;122700;INTARIAN_PEPPER_ROOT;10117;10;10115;25;;;10119;4;10131;25;;;10118.0;8660.0
-2;122800;ASH_COATED_OSMIUM;9994;15;;;;;10012;26;;;;;10003.0;3126.0
-2;122800;INTARIAN_PEPPER_ROOT;10117;12;10115;19;;;10128;12;;;;;10122.5;9020.0
-2;122900;ASH_COATED_OSMIUM;9991;27;;;;;10009;14;10012;27;;;10000.0;3366.0
-2;122900;INTARIAN_PEPPER_ROOT;10117;10;10115;16;;;10131;16;;;;;10124.0;9140.0
-2;123000;ASH_COATED_OSMIUM;9991;22;;;;;10009;13;10012;22;;;10000.0;3366.0
-2;123000;INTARIAN_PEPPER_ROOT;10117;9;;;;;10129;9;10131;15;;;10123.0;9060.0
-2;123100;ASH_COATED_OSMIUM;9993;14;;;;;10009;14;10012;30;;;10001.0;3297.0
-2;123100;INTARIAN_PEPPER_ROOT;10115;18;;;;;10129;9;10131;18;;;10122.0;8980.0
-2;123200;ASH_COATED_OSMIUM;9991;29;;;;;10012;29;;;;;10001.5;3262.5
-2;123200;INTARIAN_PEPPER_ROOT;10118;12;10115;24;;;10129;12;10131;24;;;10123.5;9100.0
-2;123300;ASH_COATED_OSMIUM;9991;28;;;;;10003;2;10009;12;10012;28;9997.0;3573.0
-2;123300;INTARIAN_PEPPER_ROOT;10118;12;10115;25;;;10129;12;10131;25;;;10123.5;9100.0
-2;123400;ASH_COATED_OSMIUM;9990;25;;;;;10008;10;10011;25;;;9999.0;3435.0
-2;123400;INTARIAN_PEPPER_ROOT;10118;8;;;;;10131;22;;;;;10124.5;9180.0
-2;123500;ASH_COATED_OSMIUM;9990;26;;;;;10008;14;;;;;9999.0;3435.0
-2;123500;INTARIAN_PEPPER_ROOT;10118;11;;;;;10129;11;10132;25;;;10123.5;9100.0
-2;123600;ASH_COATED_OSMIUM;9992;10;9989;28;;;10008;10;10010;28;;;10000.0;3366.0
-2;123600;INTARIAN_PEPPER_ROOT;;;;;;;10129;11;10132;16;;;10129.0;9540.0
-2;123700;ASH_COATED_OSMIUM;9992;13;9990;30;;;10008;13;10011;30;;;10000.0;3366.0
-2;123700;INTARIAN_PEPPER_ROOT;10118;8;10116;22;;;;;;;;;10118.0;8660.0
-2;123800;ASH_COATED_OSMIUM;9992;11;;;;;10008;11;10011;22;;;10000.0;3366.0
-2;123800;INTARIAN_PEPPER_ROOT;10118;8;10116;19;;;10129;8;10132;19;;;10123.5;9100.0
-2;123900;ASH_COATED_OSMIUM;9992;15;9990;26;;;10008;15;10011;26;;;10000.0;3366.0
-2;123900;INTARIAN_PEPPER_ROOT;10118;8;;;;;10129;8;10132;18;;;10123.5;9100.0
-2;124000;ASH_COATED_OSMIUM;9989;27;;;;;10008;14;10010;27;;;9998.5;3469.5
-2;124000;INTARIAN_PEPPER_ROOT;10127;7;10118;11;10116;19;10132;19;;;;;10129.5;9580.0
-2;124100;ASH_COATED_OSMIUM;9989;22;;;;;10007;12;10010;22;;;9998.0;3504.0
-2;124100;INTARIAN_PEPPER_ROOT;10119;10;10116;24;;;10130;10;10132;24;;;10124.5;9180.0
-2;124200;ASH_COATED_OSMIUM;9992;10;9989;24;;;10008;10;10010;24;;;10000.0;3366.0
-2;124200;INTARIAN_PEPPER_ROOT;10119;11;10116;24;;;10130;11;10132;24;;;10124.5;9180.0
-2;124300;ASH_COATED_OSMIUM;9989;29;;;;;10007;12;;;;;9998.0;3504.0
-2;124300;INTARIAN_PEPPER_ROOT;10116;19;;;;;10132;19;;;;;10124.0;9140.0
-2;124400;ASH_COATED_OSMIUM;9991;10;9988;21;;;10007;10;10009;21;;;9999.0;3435.0
-2;124400;INTARIAN_PEPPER_ROOT;10119;8;;;;;10132;24;;;;;10125.5;9260.0
-2;124500;ASH_COATED_OSMIUM;9990;10;9988;26;;;10009;26;;;;;9999.5;3400.5
-2;124500;INTARIAN_PEPPER_ROOT;10119;10;10116;19;;;10130;10;10133;19;;;10124.5;9180.0
-2;124600;ASH_COATED_OSMIUM;9988;21;;;;;10007;15;10009;21;;;9997.5;3538.5
-2;124600;INTARIAN_PEPPER_ROOT;10119;12;10117;24;;;10133;24;;;;;10126.0;9300.0
-2;124700;ASH_COATED_OSMIUM;9988;26;;;;;10007;14;10009;26;;;9997.5;3538.5
-2;124700;INTARIAN_PEPPER_ROOT;10117;16;;;;;10130;8;10133;16;;;10123.5;9100.0
-2;124800;ASH_COATED_OSMIUM;9991;10;9988;24;;;10007;10;;;;;9999.0;3435.0
-2;124800;INTARIAN_PEPPER_ROOT;10119;11;10117;19;;;10130;11;10133;19;;;10124.5;9180.0
-2;124900;ASH_COATED_OSMIUM;9991;11;9989;30;;;10007;11;10010;30;;;9999.0;3435.0
-2;124900;INTARIAN_PEPPER_ROOT;10119;10;10117;25;;;10130;10;;;;;10124.5;9180.0
-2;125000;ASH_COATED_OSMIUM;;;;;;;10007;15;10009;26;;;10007.0;2883.0
-2;125000;INTARIAN_PEPPER_ROOT;10119;9;;;;;10131;9;;;;;10125.0;9220.0
-2;125100;ASH_COATED_OSMIUM;9991;10;9989;30;;;10007;10;;;;;9999.0;3435.0
-2;125100;INTARIAN_PEPPER_ROOT;10120;8;10117;23;;;10133;23;;;;;10126.5;9340.0
-2;125200;ASH_COATED_OSMIUM;9991;10;9988;25;;;10007;10;10009;25;;;9999.0;3456.0
-2;125200;INTARIAN_PEPPER_ROOT;10120;10;10117;19;;;10133;19;;;;;10126.5;9340.0
-2;125300;ASH_COATED_OSMIUM;9991;11;;;;;10007;11;10009;27;;;9999.0;3456.0
-2;125300;INTARIAN_PEPPER_ROOT;10120;11;10117;19;;;10131;11;10133;19;;;10125.5;9260.0
-2;125400;ASH_COATED_OSMIUM;9990;11;;;;;10006;11;10009;30;;;9998.0;3549.0
-2;125400;INTARIAN_PEPPER_ROOT;10120;8;;;;;10133;23;;;;;10126.5;9340.0
-2;125500;ASH_COATED_OSMIUM;9990;10;9987;26;;;10006;10;10008;26;;;9998.0;3549.0
-2;125500;INTARIAN_PEPPER_ROOT;10120;12;10117;24;;;10131;12;10134;24;;;10125.5;9260.0
-2;125600;ASH_COATED_OSMIUM;9990;10;;;;;10006;10;;;;;9998.0;3549.0
-2;125600;INTARIAN_PEPPER_ROOT;10118;25;;;;;10134;25;;;;;10126.0;9300.0
-2;125700;ASH_COATED_OSMIUM;9990;10;9987;25;;;10006;10;10008;25;;;9998.0;3549.0
-2;125700;INTARIAN_PEPPER_ROOT;10118;18;;;;;10131;9;;;;;10124.5;9180.0
-2;125800;ASH_COATED_OSMIUM;9990;11;9987;20;;;10008;20;;;;;9999.0;3480.0
-2;125800;INTARIAN_PEPPER_ROOT;10120;9;;;;;10131;9;10134;25;;;10125.5;9260.0
-2;125900;ASH_COATED_OSMIUM;9989;10;9986;21;;;10007;21;;;;;9998.0;3549.0
-2;125900;INTARIAN_PEPPER_ROOT;10120;9;;;;;10131;9;10134;19;;;10125.5;9260.0
-2;126000;ASH_COATED_OSMIUM;9989;13;9986;28;;;10005;13;10007;28;;;9997.0;3618.0
-2;126000;INTARIAN_PEPPER_ROOT;10120;9;10118;21;;;10132;9;10134;21;;;10126.0;9300.0
-2;126100;ASH_COATED_OSMIUM;9989;15;9987;25;;;10005;15;10008;25;;;9997.0;3618.0
-2;126100;INTARIAN_PEPPER_ROOT;10121;11;;;;;10134;21;;;;;10127.5;9420.0
-2;126200;ASH_COATED_OSMIUM;;;;;;;10008;28;;;;;10008.0;2859.0
-2;126200;INTARIAN_PEPPER_ROOT;10121;12;10118;22;;;10132;12;10134;22;;;10126.5;9340.0
-2;126300;ASH_COATED_OSMIUM;9990;14;;;;;10006;14;10008;26;;;9998.0;3549.0
-2;126300;INTARIAN_PEPPER_ROOT;10118;20;;;;;10132;11;;;;;10125.0;9220.0
-2;126400;ASH_COATED_OSMIUM;9990;13;9987;29;;;10006;13;10008;29;;;9998.0;3549.0
-2;126400;INTARIAN_PEPPER_ROOT;10118;25;;;;;10132;9;10134;25;;;10125.0;9220.0
-2;126500;ASH_COATED_OSMIUM;9990;13;9987;26;;;10006;13;10008;26;;;9998.0;3549.0
-2;126500;INTARIAN_PEPPER_ROOT;10121;12;;;;;10123;3;10132;12;10135;25;10122.0;8980.0
-2;126600;ASH_COATED_OSMIUM;9989;14;9987;26;;;10005;14;;;;;9997.0;3618.0
-2;126600;INTARIAN_PEPPER_ROOT;10121;10;10119;17;;;10132;10;10135;17;;;10126.5;9340.0
-2;126700;ASH_COATED_OSMIUM;9990;15;;;;;10006;15;10008;25;;;9998.0;3549.0
-2;126700;INTARIAN_PEPPER_ROOT;10121;10;10119;22;;;;;;;;;10121.0;8900.0
-2;126800;ASH_COATED_OSMIUM;9990;13;9987;23;;;10006;13;10008;23;;;9998.0;3549.0
-2;126800;INTARIAN_PEPPER_ROOT;10121;10;10119;22;;;10132;10;;;;;10126.5;9340.0
-2;126900;ASH_COATED_OSMIUM;9990;11;9987;24;;;10006;11;10008;24;;;9998.0;3549.0
-2;126900;INTARIAN_PEPPER_ROOT;10121;10;10119;24;;;;;;;;;10121.0;8900.0
-2;127000;ASH_COATED_OSMIUM;9987;28;;;;;10006;14;10008;28;;;9996.5;3652.5
-2;127000;INTARIAN_PEPPER_ROOT;10121;9;10119;20;;;10133;9;10135;20;;;10127.0;9380.0
-2;127100;ASH_COATED_OSMIUM;9989;11;9987;20;;;10005;11;10008;20;;;9997.0;3618.0
-2;127100;INTARIAN_PEPPER_ROOT;10122;11;10119;24;;;10133;11;10135;24;;;10127.5;9420.0
-2;127200;ASH_COATED_OSMIUM;9990;12;;;;;10006;12;10008;22;;;9998.0;3549.0
-2;127200;INTARIAN_PEPPER_ROOT;10122;12;10119;18;;;10133;12;10135;18;;;10127.5;9420.0
-2;127300;ASH_COATED_OSMIUM;9990;10;9987;23;;;10008;23;;;;;9999.0;3480.0
-2;127300;INTARIAN_PEPPER_ROOT;10122;12;10119;18;;;10133;12;;;;;10127.5;9420.0
-2;127400;ASH_COATED_OSMIUM;9990;11;9987;23;;;10006;11;10008;23;;;9998.0;3549.0
-2;127400;INTARIAN_PEPPER_ROOT;10122;9;10119;23;;;10133;9;10135;23;;;10127.5;9420.0
-2;127500;ASH_COATED_OSMIUM;9990;11;9987;24;;;10006;11;10008;24;;;9998.0;3549.0
-2;127500;INTARIAN_PEPPER_ROOT;10119;15;;;;;10133;8;10136;15;;;10126.0;9300.0
-2;127600;ASH_COATED_OSMIUM;9989;14;9987;21;;;10005;14;10008;21;;;9997.0;3618.0
-2;127600;INTARIAN_PEPPER_ROOT;10122;8;;;;;10133;8;10136;25;;;10127.5;9420.0
-2;127700;ASH_COATED_OSMIUM;9989;11;;;;;10005;11;10007;24;;;9997.0;3618.0
-2;127700;INTARIAN_PEPPER_ROOT;10122;10;10120;17;;;10133;10;10136;17;;;10127.5;9420.0
-2;127800;ASH_COATED_OSMIUM;9989;10;9986;22;;;10005;10;10007;22;;;9997.0;3618.0
-2;127800;INTARIAN_PEPPER_ROOT;10122;11;10120;17;;;10136;17;;;;;10129.0;9540.0
-2;127900;ASH_COATED_OSMIUM;9989;15;;;;;10005;15;10007;27;;;9997.0;3618.0
-2;127900;INTARIAN_PEPPER_ROOT;10122;11;10120;15;;;10133;11;10136;15;;;10127.5;9420.0
-2;128000;ASH_COATED_OSMIUM;9988;13;9986;25;;;10004;13;10007;25;;;9996.0;3687.0
-2;128000;INTARIAN_PEPPER_ROOT;10122;8;;;;;10134;8;10136;25;;;10128.0;9460.0
-2;128100;ASH_COATED_OSMIUM;9989;15;9987;25;;;10008;25;;;;;9998.5;3514.5
-2;128100;INTARIAN_PEPPER_ROOT;10120;17;;;;;10134;12;10136;17;;;10127.0;9380.0
-2;128200;ASH_COATED_OSMIUM;9989;13;9986;22;;;10005;13;;;;;9997.0;3618.0
-2;128200;INTARIAN_PEPPER_ROOT;10123;12;10120;24;;;10134;12;10136;24;;;10128.5;9500.0
-2;128300;ASH_COATED_OSMIUM;9989;15;;;;;10005;15;10008;22;;;9997.0;3618.0
-2;128300;INTARIAN_PEPPER_ROOT;10123;11;10120;25;;;10134;11;10136;25;;;10128.5;9500.0
-2;128400;ASH_COATED_OSMIUM;9987;30;;;;;10005;10;10008;30;;;9996.0;3687.0
-2;128400;INTARIAN_PEPPER_ROOT;10123;9;10120;18;;;10134;9;10136;18;;;10128.5;9500.0
-2;128500;ASH_COATED_OSMIUM;9989;15;9987;27;;;10005;15;10008;27;;;9997.0;3618.0
-2;128500;INTARIAN_PEPPER_ROOT;10120;24;;;;;10134;11;;;;;10127.0;9380.0
-2;128600;ASH_COATED_OSMIUM;9989;15;9987;29;;;10008;29;;;;;9998.5;3514.5
-2;128600;INTARIAN_PEPPER_ROOT;10123;11;10121;15;;;10134;11;10137;15;;;10128.5;9500.0
-2;128700;ASH_COATED_OSMIUM;9989;12;9986;28;;;10005;12;10007;28;;;9997.0;3618.0
-2;128700;INTARIAN_PEPPER_ROOT;10123;9;10121;25;;;10134;9;10137;25;;;10128.5;9500.0
-2;128800;ASH_COATED_OSMIUM;9989;15;9986;22;;;9998;3;10007;22;;;9993.5;3859.5
-2;128800;INTARIAN_PEPPER_ROOT;10123;9;10121;17;;;10134;9;10137;17;;;10128.5;9500.0
-2;128900;ASH_COATED_OSMIUM;9989;11;9986;25;;;10005;11;10007;25;;;9997.0;3618.0
-2;128900;INTARIAN_PEPPER_ROOT;10123;12;10121;20;;;10134;12;10137;20;;;10128.5;9500.0
-2;129000;ASH_COATED_OSMIUM;9988;15;9986;21;;;10004;15;10007;21;;;9996.0;3687.0
-2;129000;INTARIAN_PEPPER_ROOT;10123;8;10121;15;;;10137;15;;;;;10130.0;9620.0
-2;129100;ASH_COATED_OSMIUM;9985;29;;;;;10004;14;;;;;9994.5;3790.5
-2;129100;INTARIAN_PEPPER_ROOT;10124;12;;;;;10135;12;10137;17;;;10129.5;9580.0
-2;129200;ASH_COATED_OSMIUM;9988;13;9985;30;;;10004;13;10006;30;;;9996.0;3687.0
-2;129200;INTARIAN_PEPPER_ROOT;10124;12;10121;17;;;10135;12;10137;17;;;10129.5;9580.0
-2;129300;ASH_COATED_OSMIUM;9988;14;9985;26;;;;;;;;;9988.0;4239.0
-2;129300;INTARIAN_PEPPER_ROOT;10121;16;;;;;10135;10;10137;16;;;10128.0;9460.0
-2;129400;ASH_COATED_OSMIUM;9993;2;9987;13;9985;24;10003;13;10006;24;;;9998.0;3549.0
-2;129400;INTARIAN_PEPPER_ROOT;10132;5;10124;10;;;10135;10;10137;17;;;10133.5;9900.0
-2;129500;ASH_COATED_OSMIUM;9988;13;9985;24;;;10004;13;;;;;9996.0;3687.0
-2;129500;INTARIAN_PEPPER_ROOT;10121;22;;;;;10135;11;10138;22;;;10128.0;9460.0
-2;129600;ASH_COATED_OSMIUM;;;;;;;10004;12;;;;;10004.0;3135.0
-2;129600;INTARIAN_PEPPER_ROOT;10124;9;10122;25;;;10135;9;;;;;10129.5;9580.0
-2;129700;ASH_COATED_OSMIUM;9985;20;;;;;10004;12;;;;;9994.5;3790.5
-2;129700;INTARIAN_PEPPER_ROOT;10124;12;;;;;10135;12;10138;25;;;10129.5;9580.0
-2;129800;ASH_COATED_OSMIUM;9988;14;9986;21;;;10007;21;;;;;9997.5;3583.5
-2;129800;INTARIAN_PEPPER_ROOT;10124;11;10122;16;;;10135;11;10138;16;;;10129.5;9580.0
-2;129900;ASH_COATED_OSMIUM;9986;27;;;;;10007;27;;;;;9996.5;3652.5
-2;129900;INTARIAN_PEPPER_ROOT;10124;9;10122;17;;;;;;;;;10124.0;9140.0
-2;130000;ASH_COATED_OSMIUM;9989;11;9986;22;;;10005;11;10007;22;;;9997.0;3618.0
-2;130000;INTARIAN_PEPPER_ROOT;10124;10;;;;;10136;10;10138;25;;;10130.0;9620.0
-2;130100;ASH_COATED_OSMIUM;9989;10;9986;30;;;10005;10;10007;30;;;9997.0;3618.0
-2;130100;INTARIAN_PEPPER_ROOT;10125;9;;;;;10136;9;10138;15;;;10130.5;9660.0
-2;130200;ASH_COATED_OSMIUM;9987;23;;;;;10008;23;;;;;9997.5;3583.5
-2;130200;INTARIAN_PEPPER_ROOT;;;;;;;10136;8;10138;18;;;10136.0;10100.0
-2;130300;ASH_COATED_OSMIUM;9989;12;9987;30;;;10005;12;10008;30;;;9997.0;3618.0
-2;130300;INTARIAN_PEPPER_ROOT;10125;12;10122;18;;;10138;18;;;;;10131.5;9740.0
-2;130400;ASH_COATED_OSMIUM;9989;15;;;;;10005;15;;;;;9997.0;3618.0
-2;130400;INTARIAN_PEPPER_ROOT;10125;10;10122;20;;;10136;10;10138;20;;;10130.5;9660.0
-2;130500;ASH_COATED_OSMIUM;9989;15;9987;29;;;;;;;;;9989.0;4170.0
-2;130500;INTARIAN_PEPPER_ROOT;10125;12;10122;19;;;10136;12;10139;19;;;10130.5;9660.0
-2;130600;ASH_COATED_OSMIUM;9989;13;9987;24;;;10005;13;10008;24;;;9997.0;3618.0
-2;130600;INTARIAN_PEPPER_ROOT;10125;9;;;;;10139;20;;;;;10132.0;9780.0
-2;130700;ASH_COATED_OSMIUM;9990;14;9987;24;;;10006;14;;;;;9998.0;3549.0
-2;130700;INTARIAN_PEPPER_ROOT;10125;10;10123;20;;;10136;10;10139;20;;;10130.5;9660.0
-2;130800;ASH_COATED_OSMIUM;9988;23;;;;;;;;;;;9988.0;4239.0
-2;130800;INTARIAN_PEPPER_ROOT;10125;10;10123;19;;;10139;19;;;;;10132.0;9780.0
-2;130900;ASH_COATED_OSMIUM;9990;13;9988;29;;;10006;13;10009;29;;;9998.0;3549.0
-2;130900;INTARIAN_PEPPER_ROOT;10125;9;10123;22;;;10139;22;;;;;10132.0;9780.0
-2;131000;ASH_COATED_OSMIUM;9990;15;9987;27;;;10006;15;10008;27;;;9998.0;3549.0
-2;131000;INTARIAN_PEPPER_ROOT;10123;16;;;;;10137;9;10139;16;;;10130.0;9620.0
-2;131100;ASH_COATED_OSMIUM;9988;22;;;;;10006;14;10009;22;;;9997.0;3618.0
-2;131100;INTARIAN_PEPPER_ROOT;10126;12;;;;;10137;12;;;;;10131.5;9740.0
-2;131200;ASH_COATED_OSMIUM;9990;15;9988;29;;;10006;15;10009;29;;;9998.0;3549.0
-2;131200;INTARIAN_PEPPER_ROOT;10126;12;;;;;10137;12;10139;20;;;10131.5;9740.0
-2;131300;ASH_COATED_OSMIUM;9990;11;;;;;10009;26;;;;;9999.5;3445.5
-2;131300;INTARIAN_PEPPER_ROOT;10126;10;;;;;10137;10;;;;;10131.5;9740.0
-2;131400;ASH_COATED_OSMIUM;9990;13;9987;29;;;10006;13;10008;29;;;9998.0;3549.0
-2;131400;INTARIAN_PEPPER_ROOT;10126;8;;;;;10139;23;;;;;10132.5;9820.0
-2;131500;ASH_COATED_OSMIUM;9990;12;;;;;10006;12;10009;22;;;9998.0;3549.0
-2;131500;INTARIAN_PEPPER_ROOT;10126;12;10123;25;;;10137;12;;;;;10131.5;9740.0
-2;131600;ASH_COATED_OSMIUM;9995;3;9990;10;9987;20;10006;10;10008;20;;;10000.5;3376.5
-2;131600;INTARIAN_PEPPER_ROOT;10126;10;10124;16;;;10137;10;;;;;10131.5;9740.0
-2;131700;ASH_COATED_OSMIUM;9990;14;9987;22;;;9999;2;10008;22;;;9994.5;3790.5
-2;131700;INTARIAN_PEPPER_ROOT;10126;11;10124;23;;;10140;23;;;;;10133.0;9860.0
-2;131800;ASH_COATED_OSMIUM;9989;11;9987;30;;;10005;11;;;;;9997.0;3618.0
-2;131800;INTARIAN_PEPPER_ROOT;10126;10;10124;25;;;10137;10;10140;25;;;10131.5;9740.0
-2;131900;ASH_COATED_OSMIUM;9989;14;9987;22;;;10005;14;10008;22;;;9997.0;3618.0
-2;131900;INTARIAN_PEPPER_ROOT;10126;8;10124;21;;;10140;21;;;;;10133.0;9860.0
-2;132000;ASH_COATED_OSMIUM;9988;23;;;;;10006;13;10009;23;;;9997.0;3618.0
-2;132000;INTARIAN_PEPPER_ROOT;10124;25;;;;;10138;9;;;;;10131.0;9700.0
-2;132100;ASH_COATED_OSMIUM;9991;13;9988;29;;;10009;29;;;;;10000.0;3411.0
-2;132100;INTARIAN_PEPPER_ROOT;10127;12;10124;25;;;10138;12;10140;25;;;10132.5;9820.0
-2;132200;ASH_COATED_OSMIUM;9991;11;9988;20;;;10009;20;;;;;10000.0;3411.0
-2;132200;INTARIAN_PEPPER_ROOT;10127;11;10124;20;;;10138;11;;;;;10132.5;9820.0
-2;132300;ASH_COATED_OSMIUM;9991;11;9989;27;;;10007;11;10010;27;;;9999.0;3480.0
-2;132300;INTARIAN_PEPPER_ROOT;10127;10;10124;20;;;10138;10;10140;20;;;10132.5;9820.0
-2;132400;ASH_COATED_OSMIUM;9991;12;9988;25;;;10007;12;10009;25;;;9999.0;3480.0
-2;132400;INTARIAN_PEPPER_ROOT;10127;8;10124;19;;;10138;8;10140;19;;;10132.5;9820.0
-2;132500;ASH_COATED_OSMIUM;9988;30;;;;;10007;13;;;;;9997.5;3583.5
-2;132500;INTARIAN_PEPPER_ROOT;10127;12;10124;20;;;10138;12;10141;20;;;10132.5;9820.0
-2;132600;ASH_COATED_OSMIUM;9991;14;9989;23;;;10007;14;10010;23;;;9999.0;3480.0
-2;132600;INTARIAN_PEPPER_ROOT;10135;7;10127;10;10125;15;10138;10;10141;15;;;10136.5;10140.0
-2;132700;ASH_COATED_OSMIUM;9991;11;9989;23;;;10007;11;10010;23;;;9999.0;3480.0
-2;132700;INTARIAN_PEPPER_ROOT;10127;9;;;;;10141;22;;;;;10134.0;9940.0
-2;132800;ASH_COATED_OSMIUM;9991;10;9988;21;;;10009;21;;;;;10000.0;3411.0
-2;132800;INTARIAN_PEPPER_ROOT;10127;9;10125;18;;;10141;18;;;;;10134.0;9940.0
-2;132900;ASH_COATED_OSMIUM;9991;12;9989;26;;;10007;12;10010;26;;;9999.0;3480.0
-2;132900;INTARIAN_PEPPER_ROOT;10127;10;10125;16;;;10138;10;10141;16;;;10132.5;9820.0
-2;133000;ASH_COATED_OSMIUM;9988;21;;;;;10009;21;;;;;9998.5;3514.5
-2;133000;INTARIAN_PEPPER_ROOT;10127;10;;;;;10139;10;10141;17;;;10133.0;9860.0
-2;133100;ASH_COATED_OSMIUM;9991;15;9988;29;;;10009;29;;;;;10000.0;3475.0
-2;133100;INTARIAN_PEPPER_ROOT;10128;9;;;;;10139;9;10141;20;;;10133.5;9900.0
-2;133200;ASH_COATED_OSMIUM;9992;15;9989;26;;;10008;15;10010;26;;;10000.0;3475.0
-2;133200;INTARIAN_PEPPER_ROOT;10128;11;10125;19;;;10139;11;10141;19;;;10133.5;9900.0
-2;133300;ASH_COATED_OSMIUM;9992;10;9990;25;;;10008;10;10011;25;;;10000.0;3475.0
-2;133300;INTARIAN_PEPPER_ROOT;10128;9;10125;20;;;10139;9;;;;;10133.5;9900.0
-2;133400;ASH_COATED_OSMIUM;9992;11;9990;21;;;10008;11;10011;21;;;10000.0;3475.0
-2;133400;INTARIAN_PEPPER_ROOT;10128;9;10125;18;;;10141;18;;;;;10134.5;9980.0
-2;133500;ASH_COATED_OSMIUM;9993;14;9990;20;;;10011;20;;;;;10002.0;3353.0
-2;133500;INTARIAN_PEPPER_ROOT;10128;11;10125;20;;;10139;11;10142;20;;;10133.5;9900.0
-2;133600;ASH_COATED_OSMIUM;9990;26;;;;;10008;10;10011;26;;;9999.0;3536.0
-2;133600;INTARIAN_PEPPER_ROOT;10128;9;;;;;10139;9;;;;;10133.5;9900.0
-2;133700;ASH_COATED_OSMIUM;9992;14;9990;27;;;10008;14;10011;27;;;10000.0;3475.0
-2;133700;INTARIAN_PEPPER_ROOT;10128;9;;;;;10139;9;;;;;10133.5;9900.0
-2;133800;ASH_COATED_OSMIUM;9990;25;;;;;10008;14;10011;25;;;9999.0;3536.0
-2;133800;INTARIAN_PEPPER_ROOT;10128;8;10126;23;;;10139;8;;;;;10133.5;9900.0
-2;133900;ASH_COATED_OSMIUM;9992;10;9989;25;;;10008;10;10010;25;;;10000.0;3475.0
-2;133900;INTARIAN_PEPPER_ROOT;10128;11;10126;23;;;10139;11;10142;23;;;10133.5;9900.0
-2;134000;ASH_COATED_OSMIUM;9991;15;9989;27;;;10007;15;10010;27;;;9999.0;3536.0
-2;134000;INTARIAN_PEPPER_ROOT;;;;;;;10140;11;;;;;10140.0;10420.0
-2;134100;ASH_COATED_OSMIUM;;;;;;;10007;14;10009;29;;;10007.0;3048.0
-2;134100;INTARIAN_PEPPER_ROOT;10129;10;10126;17;;;10140;10;10142;17;;;10134.5;9980.0
-2;134200;ASH_COATED_OSMIUM;;;;;;;10007;10;10009;26;;;10007.0;3048.0
-2;134200;INTARIAN_PEPPER_ROOT;10129;9;10126;15;;;10140;9;;;;;10134.5;9980.0
-2;134300;ASH_COATED_OSMIUM;9990;11;9988;26;;;10006;11;10009;26;;;9998.0;3597.0
-2;134300;INTARIAN_PEPPER_ROOT;10129;12;10126;24;;;10142;24;;;;;10135.5;10060.0
-2;134400;ASH_COATED_OSMIUM;9990;14;9988;24;;;10009;24;;;;;9999.5;3505.5
-2;134400;INTARIAN_PEPPER_ROOT;10129;12;10126;21;;;10143;21;;;;;10136.0;10100.0
-2;134500;ASH_COATED_OSMIUM;9990;11;;;;;10006;11;10009;26;;;9998.0;3597.0
-2;134500;INTARIAN_PEPPER_ROOT;;;;;;;10143;22;;;;;10143.0;10660.0
-2;134600;ASH_COATED_OSMIUM;9991;14;9988;24;;;10009;24;;;;;10000.0;3475.0
-2;134600;INTARIAN_PEPPER_ROOT;10129;10;;;;;10140;10;10143;20;;;10134.5;9980.0
-2;134700;ASH_COATED_OSMIUM;9991;10;9989;30;;;10007;10;10010;30;;;9999.0;3536.0
-2;134700;INTARIAN_PEPPER_ROOT;10129;8;;;;;10140;8;10143;16;;;10134.5;9980.0
-2;134800;ASH_COATED_OSMIUM;9991;15;;;;;10007;15;;;;;9999.0;3536.0
-2;134800;INTARIAN_PEPPER_ROOT;10129;11;10127;20;;;10140;11;10143;20;;;10134.5;9980.0
-2;134900;ASH_COATED_OSMIUM;9989;28;;;;;10007;10;10010;28;;;9998.0;3597.0
-2;134900;INTARIAN_PEPPER_ROOT;10127;16;;;;;10143;16;;;;;10135.0;10020.0
-2;135000;ASH_COATED_OSMIUM;9989;22;;;;;;;;;;;9989.0;4146.0
-2;135000;INTARIAN_PEPPER_ROOT;10129;9;10127;15;;;10141;9;10143;15;;;10135.0;10020.0
-2;135100;ASH_COATED_OSMIUM;9992;15;;;;;10008;15;;;;;10000.0;3475.0
-2;135100;INTARIAN_PEPPER_ROOT;10130;10;10127;23;;;10141;10;10143;23;;;10135.5;10060.0
-2;135200;ASH_COATED_OSMIUM;9992;10;9989;23;;;10008;10;10010;23;;;10000.0;3475.0
-2;135200;INTARIAN_PEPPER_ROOT;10133;11;;;;;10141;9;;;;;10137.0;10180.0
-2;135300;ASH_COATED_OSMIUM;9992;13;9989;26;;;10008;13;10010;26;;;10000.0;3475.0
-2;135300;INTARIAN_PEPPER_ROOT;10130;10;10127;15;;;10141;10;10143;15;;;10135.5;10060.0
-2;135400;ASH_COATED_OSMIUM;9992;11;9990;21;;;10008;11;10011;21;;;10000.0;3475.0
-2;135400;INTARIAN_PEPPER_ROOT;10130;10;10127;20;;;10144;20;;;;;10137.0;10180.0
-2;135500;ASH_COATED_OSMIUM;9993;12;9990;24;;;10009;12;10011;24;;;10001.0;3414.0
-2;135500;INTARIAN_PEPPER_ROOT;10130;12;10127;25;;;10141;12;;;;;10135.5;10060.0
-2;135600;ASH_COATED_OSMIUM;9993;11;9990;25;;;10009;11;10011;25;;;10001.0;3414.0
-2;135600;INTARIAN_PEPPER_ROOT;10130;12;10127;24;;;10144;24;;;;;10137.0;10180.0
-2;135700;ASH_COATED_OSMIUM;9993;10;9990;26;;;10009;10;10011;26;;;10001.0;3414.0
-2;135700;INTARIAN_PEPPER_ROOT;10130;8;10128;20;;;10141;8;10144;20;;;10135.5;10060.0
-2;135800;ASH_COATED_OSMIUM;9992;10;9990;26;;;10008;10;;;;;10000.0;3489.0
-2;135800;INTARIAN_PEPPER_ROOT;10130;10;10128;24;;;10141;10;;;;;10135.5;10060.0
-2;135900;ASH_COATED_OSMIUM;9990;23;;;;;10008;12;10011;23;;;9999.0;3548.0
-2;135900;INTARIAN_PEPPER_ROOT;10130;12;;;;;10141;12;10144;23;;;10135.5;10060.0
-2;136000;ASH_COATED_OSMIUM;9990;28;;;;;10009;15;;;;;9999.5;3518.5
-2;136000;INTARIAN_PEPPER_ROOT;10130;9;10128;15;;;10142;9;10144;15;;;10136.0;10100.0
-2;136100;ASH_COATED_OSMIUM;9993;12;;;;;10009;12;10011;27;;;10001.0;3430.0
-2;136100;INTARIAN_PEPPER_ROOT;10128;17;;;;;10142;8;10144;17;;;10135.0;10020.0
-2;136200;ASH_COATED_OSMIUM;9993;13;;;;;10009;13;10011;20;;;10001.0;3430.0
-2;136200;INTARIAN_PEPPER_ROOT;10139;7;10131;10;10128;21;10142;10;10144;21;;;10140.5;10460.0
-2;136300;ASH_COATED_OSMIUM;9992;10;;;;;10008;10;10011;25;;;10000.0;3489.0
-2;136300;INTARIAN_PEPPER_ROOT;10131;12;10128;23;;;10142;12;10144;23;;;10136.5;10140.0
-2;136400;ASH_COATED_OSMIUM;9992;12;9989;23;;;10008;12;10010;23;;;10000.0;3489.0
-2;136400;INTARIAN_PEPPER_ROOT;10131;10;10128;25;;;10142;10;10145;25;;;10136.5;10140.0
-2;136500;ASH_COATED_OSMIUM;9989;26;;;;;10008;13;10010;26;;;9998.5;3577.5
-2;136500;INTARIAN_PEPPER_ROOT;10131;12;10128;23;;;10142;12;10145;23;;;10136.5;10140.0
-2;136600;ASH_COATED_OSMIUM;9992;12;9989;29;;;10008;12;;;;;10000.0;3489.0
-2;136600;INTARIAN_PEPPER_ROOT;10131;11;10128;21;;;10142;11;10145;21;;;10136.5;10140.0
-2;136700;ASH_COATED_OSMIUM;9992;15;9989;29;;;10008;15;10010;29;;;10000.0;3489.0
-2;136700;INTARIAN_PEPPER_ROOT;10131;9;10129;17;;;10142;9;10145;17;;;10136.5;10140.0
-2;136800;ASH_COATED_OSMIUM;9992;14;;;;;10008;14;10010;22;;;10000.0;3489.0
-2;136800;INTARIAN_PEPPER_ROOT;10139;8;10131;11;10129;23;10142;11;10145;23;;;10140.5;10460.0
-2;136900;ASH_COATED_OSMIUM;9991;12;;;;;10007;12;10010;26;;;9999.0;3548.0
-2;136900;INTARIAN_PEPPER_ROOT;10131;8;;;;;10142;8;10145;17;;;10136.5;10140.0
-2;137000;ASH_COATED_OSMIUM;9992;15;9989;26;;;10008;15;10010;26;;;10000.0;3489.0
-2;137000;INTARIAN_PEPPER_ROOT;10131;11;10129;19;;;10133;5;10143;11;10145;19;10132.0;9780.0
-2;137100;ASH_COATED_OSMIUM;9992;11;9989;30;;;10008;11;10010;30;;;10000.0;3489.0
-2;137100;INTARIAN_PEPPER_ROOT;10129;22;;;;;10143;8;10145;22;;;10136.0;10100.0
-2;137200;ASH_COATED_OSMIUM;9989;22;;;;;10008;14;10010;22;;;9998.5;3577.5
-2;137200;INTARIAN_PEPPER_ROOT;10132;8;10129;21;;;10143;8;10145;21;;;10137.5;10220.0
-2;137300;ASH_COATED_OSMIUM;9992;12;9990;30;;;10008;12;10011;30;;;10000.0;3489.0
-2;137300;INTARIAN_PEPPER_ROOT;10132;10;;;;;10143;10;;;;;10137.5;10220.0
-2;137400;ASH_COATED_OSMIUM;9992;15;9990;22;;;10011;22;;;;;10001.5;3400.5
-2;137400;INTARIAN_PEPPER_ROOT;10132;9;10129;15;;;10146;15;;;;;10139.0;10340.0
-2;137500;ASH_COATED_OSMIUM;9992;12;9990;25;;;10008;12;10011;25;;;10000.0;3524.0
-2;137500;INTARIAN_PEPPER_ROOT;10129;21;;;;;10143;12;10146;21;;;10136.0;10100.0
-2;137600;ASH_COATED_OSMIUM;9992;12;9990;25;;;10008;12;10011;25;;;10000.0;3524.0
-2;137600;INTARIAN_PEPPER_ROOT;10132;10;10129;21;;;10146;21;;;;;10139.0;10340.0
-2;137700;ASH_COATED_OSMIUM;9992;10;9989;28;;;10008;10;10010;28;;;10000.0;3524.0
-2;137700;INTARIAN_PEPPER_ROOT;10132;11;10130;21;;;10143;11;10146;21;;;10137.5;10220.0
-2;137800;ASH_COATED_OSMIUM;10002;5;9992;13;9990;28;10008;13;10011;28;;;10005.0;3239.0
-2;137800;INTARIAN_PEPPER_ROOT;;;;;;;10143;12;10146;17;;;10143.0;10660.0
-2;137900;ASH_COATED_OSMIUM;9992;15;9990;26;;;10008;15;;;;;10000.0;3534.0
-2;137900;INTARIAN_PEPPER_ROOT;10130;18;;;;;10143;8;10146;18;;;10136.5;10140.0
-2;138000;ASH_COATED_OSMIUM;9992;14;9989;24;;;10008;14;10010;24;;;10000.0;3534.0
-2;138000;INTARIAN_PEPPER_ROOT;;;;;;;10144;11;10146;21;;;10144.0;10740.0
-2;138100;ASH_COATED_OSMIUM;9992;15;9989;30;;;10008;15;10010;30;;;10000.0;3534.0
-2;138100;INTARIAN_PEPPER_ROOT;10133;12;10130;20;;;10144;12;10146;20;;;10138.5;10300.0
-2;138200;ASH_COATED_OSMIUM;9992;15;9989;30;;;10008;15;10010;30;;;10000.0;3534.0
-2;138200;INTARIAN_PEPPER_ROOT;10130;23;;;;;;;;;;;10130.0;9620.0
-2;138300;ASH_COATED_OSMIUM;9992;10;9989;30;;;10008;10;10010;30;;;10000.0;3534.0
-2;138300;INTARIAN_PEPPER_ROOT;10130;19;;;;;10144;11;;;;;10137.0;10180.0
-2;138400;ASH_COATED_OSMIUM;9991;15;9989;24;;;10007;15;;;;;9999.0;3593.0
-2;138400;INTARIAN_PEPPER_ROOT;;;;;;;10144;8;10147;16;;;10144.0;10740.0
-2;138500;ASH_COATED_OSMIUM;9991;14;;;;;10007;14;10010;29;;;9999.0;3593.0
-2;138500;INTARIAN_PEPPER_ROOT;10133;8;;;;;10144;8;;;;;10138.5;10300.0
-2;138600;ASH_COATED_OSMIUM;9991;15;9988;23;;;10009;23;;;;;10000.0;3534.0
-2;138600;INTARIAN_PEPPER_ROOT;10133;9;10130;24;;;10144;9;10147;24;;;10138.5;10300.0
-2;138700;ASH_COATED_OSMIUM;9991;15;9988;22;;;10007;15;10009;22;;;9999.0;3593.0
-2;138700;INTARIAN_PEPPER_ROOT;10131;18;;;;;10144;11;;;;;10137.5;10220.0
-2;138800;ASH_COATED_OSMIUM;9991;14;9988;29;;;10007;14;10009;29;;;9999.0;3593.0
-2;138800;INTARIAN_PEPPER_ROOT;10133;9;10131;15;;;10144;9;;;;;10138.5;10300.0
-2;138900;ASH_COATED_OSMIUM;9990;15;9988;21;;;10009;21;;;;;9999.5;3563.5
-2;138900;INTARIAN_PEPPER_ROOT;10133;8;10131;21;;;10147;21;;;;;10140.0;10420.0
-2;139000;ASH_COATED_OSMIUM;9988;20;;;;;10009;20;;;;;9998.5;3679.5
-2;139000;INTARIAN_PEPPER_ROOT;10133;11;10131;17;;;10145;11;10147;17;;;10139.0;10340.0
-2;139100;ASH_COATED_OSMIUM;9991;10;9988;23;;;10007;10;10009;23;;;9999.0;3653.0
-2;139100;INTARIAN_PEPPER_ROOT;10131;20;;;;;10145;11;10147;20;;;10138.0;10260.0
-2;139200;ASH_COATED_OSMIUM;9989;26;;;;;10007;15;10010;26;;;9998.0;3706.0
-2;139200;INTARIAN_PEPPER_ROOT;10134;12;10131;19;;;10145;12;10147;19;;;10139.5;10380.0
-2;139300;ASH_COATED_OSMIUM;9988;30;;;;;10007;11;10009;30;;;9997.5;3732.5
-2;139300;INTARIAN_PEPPER_ROOT;10134;8;10131;16;;;10145;8;10147;16;;;10139.5;10380.0
-2;139400;ASH_COATED_OSMIUM;9990;11;9988;21;;;10006;11;10009;21;;;9998.0;3706.0
-2;139400;INTARIAN_PEPPER_ROOT;10131;21;;;;;10145;8;10148;21;;;10138.0;10260.0
-2;139500;ASH_COATED_OSMIUM;9991;15;9988;21;;;10007;15;10009;21;;;9999.0;3653.0
-2;139500;INTARIAN_PEPPER_ROOT;10134;9;10131;23;;;10145;9;10148;23;;;10139.5;10380.0
-2;139600;ASH_COATED_OSMIUM;9991;13;9989;23;;;9997;6;10007;13;10010;23;9994.0;3900.0
-2;139600;INTARIAN_PEPPER_ROOT;10131;22;;;;;10145;10;10148;22;;;10138.0;10260.0
-2;139700;ASH_COATED_OSMIUM;9997;4;9989;30;;;10007;11;;;;;10002.0;3524.0
-2;139700;INTARIAN_PEPPER_ROOT;10132;22;;;;;10145;9;10148;22;;;10138.5;10300.0
-2;139800;ASH_COATED_OSMIUM;9992;13;9989;26;;;10008;13;10010;26;;;10000.0;3618.0
-2;139800;INTARIAN_PEPPER_ROOT;10132;15;;;;;10145;10;10148;15;;;10138.5;10300.0
-2;139900;ASH_COATED_OSMIUM;9992;11;9989;24;;;10008;11;10010;24;;;10000.0;3618.0
-2;139900;INTARIAN_PEPPER_ROOT;10132;19;;;;;10145;9;10148;19;;;10138.5;10300.0
-2;140000;ASH_COATED_OSMIUM;9992;13;9990;25;;;10008;13;10011;25;;;10000.0;3618.0
-2;140000;INTARIAN_PEPPER_ROOT;10143;5;10134;10;10132;20;10146;10;10148;20;;;10144.5;10780.0
-2;140100;ASH_COATED_OSMIUM;9992;13;9990;27;;;10008;13;10011;27;;;10000.0;3618.0
-2;140100;INTARIAN_PEPPER_ROOT;10135;8;10132;20;;;10146;8;10148;20;;;10140.5;10460.0
-2;140200;ASH_COATED_OSMIUM;9992;11;9990;22;;;10008;11;;;;;10000.0;3618.0
-2;140200;INTARIAN_PEPPER_ROOT;10135;9;;;;;10146;9;;;;;10140.5;10460.0
-2;140300;ASH_COATED_OSMIUM;9993;14;9990;24;;;10002;4;10009;14;10011;24;9997.5;3735.5
-2;140300;INTARIAN_PEPPER_ROOT;10135;12;10132;20;;;10146;12;10148;20;;;10140.5;10460.0
-2;140400;ASH_COATED_OSMIUM;9993;11;9990;29;;;10009;11;10011;29;;;10001.0;3571.0
-2;140400;INTARIAN_PEPPER_ROOT;10132;15;;;;;10149;15;;;;;10140.5;10460.0
-2;140500;ASH_COATED_OSMIUM;9993;10;9990;27;;;10011;27;;;;;10002.0;3524.0
-2;140500;INTARIAN_PEPPER_ROOT;10135;11;10132;19;;;10146;11;;;;;10140.5;10460.0
-2;140600;ASH_COATED_OSMIUM;9990;28;;;;;10009;12;10011;28;;;9999.5;3641.5
-2;140600;INTARIAN_PEPPER_ROOT;10135;9;10132;17;;;10146;9;;;;;10140.5;10460.0
-2;140700;ASH_COATED_OSMIUM;9993;13;9990;29;;;10011;29;;;;;10002.0;3524.0
-2;140700;INTARIAN_PEPPER_ROOT;10135;10;10133;25;;;10142;9;10146;10;;;10138.5;10300.0
-2;140800;ASH_COATED_OSMIUM;9993;13;9991;27;;;10009;13;10012;27;;;10001.0;3571.0
-2;140800;INTARIAN_PEPPER_ROOT;10135;8;10133;21;;;10146;8;10149;21;;;10140.5;10460.0
-2;140900;ASH_COATED_OSMIUM;9993;13;;;;;9999;10;10012;22;;;9996.0;3776.0
-2;140900;INTARIAN_PEPPER_ROOT;10135;12;;;;;10149;16;;;;;10142.0;10580.0
-2;141000;ASH_COATED_OSMIUM;9999;2;9993;11;;;10009;11;10012;29;;;10004.0;3480.0
-2;141000;INTARIAN_PEPPER_ROOT;10135;9;10133;18;;;10147;9;10149;18;;;10141.0;10500.0
-2;141100;ASH_COATED_OSMIUM;9994;13;9991;21;;;10010;13;10012;21;;;10002.0;3554.0
-2;141100;INTARIAN_PEPPER_ROOT;10136;10;10133;16;;;10147;10;10149;16;;;10141.5;10540.0
-2;141200;ASH_COATED_OSMIUM;10003;4;9993;14;9991;22;10009;14;10012;22;;;10006.0;3394.0
-2;141200;INTARIAN_PEPPER_ROOT;10136;8;10133;24;;;10147;8;;;;;10141.5;10540.0
-2;141300;ASH_COATED_OSMIUM;9991;27;;;;;10009;11;10012;27;;;10000.0;3640.0
-2;141300;INTARIAN_PEPPER_ROOT;10136;12;;;;;10149;25;;;;;10142.5;10620.0
-2;141400;ASH_COATED_OSMIUM;9993;11;9991;23;;;10009;11;10012;23;;;10001.0;3599.0
-2;141400;INTARIAN_PEPPER_ROOT;10136;9;10133;25;;;10147;9;;;;;10141.5;10540.0
-2;141500;ASH_COATED_OSMIUM;9994;11;9991;30;;;10010;11;10012;30;;;10002.0;3558.0
-2;141500;INTARIAN_PEPPER_ROOT;10136;11;10133;20;;;10147;11;10150;20;;;10141.5;10540.0
-2;141600;ASH_COATED_OSMIUM;9994;14;9992;26;;;10013;26;;;;;10003.5;3496.5
-2;141600;INTARIAN_PEPPER_ROOT;10136;9;10133;17;;;10147;9;;;;;10141.5;10540.0
-2;141700;ASH_COATED_OSMIUM;;;;;;;10010;12;10012;30;;;10010.0;3230.0
-2;141700;INTARIAN_PEPPER_ROOT;10136;10;10134;25;;;10150;25;;;;;10143.0;10660.0
-2;141800;ASH_COATED_OSMIUM;9994;14;9991;30;;;10010;14;10012;30;;;10002.0;3558.0
-2;141800;INTARIAN_PEPPER_ROOT;10136;10;10134;19;;;10147;10;10150;19;;;10141.5;10540.0
-2;141900;ASH_COATED_OSMIUM;9994;11;9991;20;;;10010;11;;;;;10002.0;3558.0
-2;141900;INTARIAN_PEPPER_ROOT;10136;9;;;;;10147;9;;;;;10141.5;10540.0
-2;142000;ASH_COATED_OSMIUM;9999;4;9993;13;9991;20;10009;13;;;;;10004.0;3476.0
-2;142000;INTARIAN_PEPPER_ROOT;10136;9;10134;16;;;10148;9;10150;16;;;10142.0;10580.0
-2;142100;ASH_COATED_OSMIUM;9993;13;9991;21;;;10009;13;10012;21;;;10001.0;3599.0
-2;142100;INTARIAN_PEPPER_ROOT;10137;10;10134;19;;;10148;10;10150;19;;;10142.5;10620.0
-2;142200;ASH_COATED_OSMIUM;9993;12;9990;28;;;10009;12;10011;28;;;10001.0;3599.0
-2;142200;INTARIAN_PEPPER_ROOT;10137;11;10134;19;;;10148;11;10150;19;;;10142.5;10620.0
-2;142300;ASH_COATED_OSMIUM;9992;15;9990;25;;;10011;25;;;;;10001.5;3578.5
-2;142300;INTARIAN_PEPPER_ROOT;10134;15;;;;;10148;10;10150;15;;;10141.0;10500.0
-2;142400;ASH_COATED_OSMIUM;9992;10;9990;30;;;10008;10;;;;;10000.0;3640.0
-2;142400;INTARIAN_PEPPER_ROOT;10137;9;;;;;10148;9;10151;17;;;10142.5;10620.0
-2;142500;ASH_COATED_OSMIUM;9998;4;9992;10;9990;21;10008;10;10011;21;;;10003.0;3517.0
-2;142500;INTARIAN_PEPPER_ROOT;10137;9;;;;;10148;9;10151;23;;;10142.5;10620.0
-2;142600;ASH_COATED_OSMIUM;9992;10;;;;;10008;10;10011;25;;;10000.0;3640.0
-2;142600;INTARIAN_PEPPER_ROOT;10137;10;10134;18;;;10148;10;10151;18;;;10142.5;10620.0
-2;142700;ASH_COATED_OSMIUM;9990;27;;;;;10002;5;10008;12;10011;27;9996.0;3804.0
-2;142700;INTARIAN_PEPPER_ROOT;10137;10;10135;20;;;10148;10;10151;20;;;10142.5;10620.0
-2;142800;ASH_COATED_OSMIUM;9992;10;9990;29;;;10008;10;;;;;10000.0;3640.0
-2;142800;INTARIAN_PEPPER_ROOT;10137;11;10135;22;;;10148;11;10151;22;;;10142.5;10620.0
-2;142900;ASH_COATED_OSMIUM;9993;15;9990;20;;;10009;15;10011;20;;;10001.0;3599.0
-2;142900;INTARIAN_PEPPER_ROOT;10137;8;10135;24;;;10148;8;10151;24;;;10142.5;10620.0
-2;143000;ASH_COATED_OSMIUM;9992;10;;;;;10008;10;10011;23;;;10000.0;3640.0
-2;143000;INTARIAN_PEPPER_ROOT;10137;12;;;;;10149;12;10151;19;;;10143.0;10660.0
-2;143100;ASH_COATED_OSMIUM;9992;15;9990;28;;;10008;15;;;;;10000.0;3640.0
-2;143100;INTARIAN_PEPPER_ROOT;10138;11;;;;;10151;15;;;;;10144.5;10780.0
-2;143200;ASH_COATED_OSMIUM;9993;13;9990;26;;;10009;13;10011;26;;;10001.0;3599.0
-2;143200;INTARIAN_PEPPER_ROOT;10138;9;10135;23;;;10151;23;;;;;10144.5;10780.0
-2;143300;ASH_COATED_OSMIUM;9993;10;9990;25;;;10009;10;;;;;10001.0;3599.0
-2;143300;INTARIAN_PEPPER_ROOT;10138;11;10135;19;;;10149;11;;;;;10143.5;10700.0
-2;143400;ASH_COATED_OSMIUM;9993;12;;;;;10009;12;;;;;10001.0;3599.0
-2;143400;INTARIAN_PEPPER_ROOT;10138;8;10135;15;;;10149;8;10152;15;;;10143.5;10700.0
-2;143500;ASH_COATED_OSMIUM;9993;12;;;;;10009;12;10011;24;;;10001.0;3599.0
-2;143500;INTARIAN_PEPPER_ROOT;10135;23;;;;;10149;11;10152;23;;;10142.0;10580.0
-2;143600;ASH_COATED_OSMIUM;9993;12;9990;27;;;;;;;;;9993.0;3927.0
-2;143600;INTARIAN_PEPPER_ROOT;10138;10;10135;23;;;10149;10;10152;23;;;10143.5;10700.0
-2;143700;ASH_COATED_OSMIUM;9993;12;9991;30;;;10009;12;10012;30;;;10001.0;3599.0
-2;143700;INTARIAN_PEPPER_ROOT;10136;17;;;;;10149;12;10152;17;;;10142.5;10620.0
-2;143800;ASH_COATED_OSMIUM;;;;;;;10010;12;10012;26;;;10010.0;3230.0
-2;143800;INTARIAN_PEPPER_ROOT;10138;10;10136;17;;;10149;10;;;;;10143.5;10700.0
-2;143900;ASH_COATED_OSMIUM;9994;11;9991;22;;;10003;3;10010;11;10012;22;9998.5;3701.5
-2;143900;INTARIAN_PEPPER_ROOT;10138;8;10136;15;;;10149;8;10152;15;;;10143.5;10700.0
-2;144000;ASH_COATED_OSMIUM;9993;11;9990;20;;;10009;11;10011;20;;;10001.0;3599.0
-2;144000;INTARIAN_PEPPER_ROOT;10138;10;10136;17;;;10150;10;10152;17;;;10144.0;10740.0
-2;144100;ASH_COATED_OSMIUM;9993;11;9990;28;;;10009;11;10011;28;;;10001.0;3599.0
-2;144100;INTARIAN_PEPPER_ROOT;10136;19;;;;;10150;9;10152;19;;;10143.0;10660.0
-2;144200;ASH_COATED_OSMIUM;;;;;;;10009;12;10012;30;;;10009.0;3271.0
-2;144200;INTARIAN_PEPPER_ROOT;10139;10;;;;;10150;10;10152;25;;;10144.5;10780.0
-2;144300;ASH_COATED_OSMIUM;9993;13;9991;26;;;10012;26;;;;;10002.5;3537.5
-2;144300;INTARIAN_PEPPER_ROOT;10139;10;10136;17;;;;;;;;;10139.0;10340.0
-2;144400;ASH_COATED_OSMIUM;9993;12;9991;29;;;10009;12;10012;29;;;10001.0;3599.0
-2;144400;INTARIAN_PEPPER_ROOT;;;;;;;10150;12;;;;;10150.0;11220.0
-2;144500;ASH_COATED_OSMIUM;9994;11;9991;29;;;10010;11;10012;29;;;10002.0;3558.0
-2;144500;INTARIAN_PEPPER_ROOT;10139;11;10136;16;;;10150;11;10153;16;;;10144.5;10780.0
-2;144600;ASH_COATED_OSMIUM;9991;25;;;;;10009;13;;;;;10000.0;3640.0
-2;144600;INTARIAN_PEPPER_ROOT;;;;;;;10150;12;;;;;10150.0;11220.0
-2;144700;ASH_COATED_OSMIUM;9993;12;;;;;10009;12;;;;;10001.0;3599.0
-2;144700;INTARIAN_PEPPER_ROOT;;;;;;;10150;9;10153;20;;;10150.0;11220.0
-2;144800;ASH_COATED_OSMIUM;9993;15;9991;29;;;10009;15;10012;29;;;10001.0;3599.0
-2;144800;INTARIAN_PEPPER_ROOT;10139;9;10137;18;;;10150;9;10153;18;;;10144.5;10780.0
-2;144900;ASH_COATED_OSMIUM;9993;14;;;;;10009;14;10011;28;;;10001.0;3599.0
-2;144900;INTARIAN_PEPPER_ROOT;10139;11;10137;22;;;10150;11;10153;22;;;10144.5;10780.0
-2;145000;ASH_COATED_OSMIUM;9993;14;9991;21;;;10012;21;;;;;10002.5;3537.5
-2;145000;INTARIAN_PEPPER_ROOT;10139;10;10137;25;;;10151;10;10153;25;;;10145.0;10820.0
-2;145100;ASH_COATED_OSMIUM;9990;24;;;;;10009;15;10011;24;;;9999.5;3660.5
-2;145100;INTARIAN_PEPPER_ROOT;10140;10;10137;19;;;10151;10;10153;19;;;10145.5;10860.0
-2;145200;ASH_COATED_OSMIUM;9993;15;9990;24;;;10009;15;;;;;10001.0;3599.0
-2;145200;INTARIAN_PEPPER_ROOT;10137;24;;;;;10153;24;;;;;10145.0;10820.0
-2;145300;ASH_COATED_OSMIUM;9992;14;9990;22;;;10008;14;10011;22;;;10000.0;3640.0
-2;145300;INTARIAN_PEPPER_ROOT;10137;19;;;;;10151;12;10153;19;;;10144.0;10740.0
-2;145400;ASH_COATED_OSMIUM;9993;10;9990;28;;;10009;10;10011;28;;;10001.0;3599.0
-2;145400;INTARIAN_PEPPER_ROOT;10140;11;10137;17;;;10142;8;10151;11;;;10141.0;10500.0
-2;145500;ASH_COATED_OSMIUM;9990;30;;;;;10009;10;10011;30;;;9999.5;3660.5
-2;145500;INTARIAN_PEPPER_ROOT;10140;11;10137;15;;;10151;11;;;;;10145.5;10860.0
-2;145600;ASH_COATED_OSMIUM;9992;10;9990;27;;;10008;10;10011;27;;;10000.0;3640.0
-2;145600;INTARIAN_PEPPER_ROOT;10137;19;;;;;10151;10;10154;19;;;10144.0;10740.0
-2;145700;ASH_COATED_OSMIUM;9992;15;;;;;10008;15;10011;22;;;10000.0;3640.0
-2;145700;INTARIAN_PEPPER_ROOT;10143;8;10140;11;10138;22;10151;11;10154;22;;;10147.0;10980.0
-2;145800;ASH_COATED_OSMIUM;9990;23;;;;;10011;23;;;;;10000.5;3619.5
-2;145800;INTARIAN_PEPPER_ROOT;10140;8;;;;;10151;8;10154;24;;;10145.5;10860.0
-2;145900;ASH_COATED_OSMIUM;9990;22;;;;;10009;13;10011;22;;;9999.5;3660.5
-2;145900;INTARIAN_PEPPER_ROOT;10140;9;;;;;10151;9;10154;23;;;10145.5;10860.0
-2;146000;ASH_COATED_OSMIUM;9993;14;9990;20;;;10009;14;10011;20;;;10001.0;3599.0
-2;146000;INTARIAN_PEPPER_ROOT;10140;10;10138;18;;;10152;10;;;;;10146.0;10900.0
-2;146100;ASH_COATED_OSMIUM;9993;13;9990;29;;;10011;29;;;;;10002.0;3558.0
-2;146100;INTARIAN_PEPPER_ROOT;10141;12;10138;23;;;10152;12;10154;23;;;10146.5;10940.0
-2;146200;ASH_COATED_OSMIUM;9993;14;9990;27;;;10011;27;;;;;10002.0;3558.0
-2;146200;INTARIAN_PEPPER_ROOT;10138;18;;;;;10154;18;;;;;10146.0;10900.0
-2;146300;ASH_COATED_OSMIUM;9993;12;9990;23;;;10009;12;;;;;10001.0;3599.0
-2;146300;INTARIAN_PEPPER_ROOT;10141;12;10138;20;;;10154;20;;;;;10147.5;11020.0
-2;146400;ASH_COATED_OSMIUM;9993;10;9990;22;;;10009;10;10011;22;;;10001.0;3599.0
-2;146400;INTARIAN_PEPPER_ROOT;10141;12;10138;25;;;10152;12;;;;;10146.5;10940.0
-2;146500;ASH_COATED_OSMIUM;9993;10;9991;24;;;10009;10;10012;24;;;10001.0;3599.0
-2;146500;INTARIAN_PEPPER_ROOT;10141;12;10138;17;;;10152;12;10155;17;;;10146.5;10940.0
-2;146600;ASH_COATED_OSMIUM;9993;14;9991;27;;;10009;14;10012;27;;;10001.0;3599.0
-2;146600;INTARIAN_PEPPER_ROOT;10138;17;;;;;10152;11;10155;17;;;10145.0;10820.0
-2;146700;ASH_COATED_OSMIUM;9990;22;;;;;10009;13;10011;22;;;9999.5;3660.5
-2;146700;INTARIAN_PEPPER_ROOT;10141;12;10139;21;;;10152;12;10155;21;;;10146.5;10940.0
-2;146800;ASH_COATED_OSMIUM;9993;13;9990;21;;;10009;13;10011;21;;;10001.0;3599.0
-2;146800;INTARIAN_PEPPER_ROOT;10139;18;;;;;10152;10;10155;18;;;10145.5;10860.0
-2;146900;ASH_COATED_OSMIUM;9992;12;9990;24;;;10008;12;;;;;10000.0;3640.0
-2;146900;INTARIAN_PEPPER_ROOT;10141;10;10139;19;;;10152;10;10155;19;;;10146.5;10940.0
-2;147000;ASH_COATED_OSMIUM;9998;2;9993;10;;;10009;10;;;;;10003.5;3496.5
-2;147000;INTARIAN_PEPPER_ROOT;10139;24;;;;;10153;10;10155;24;;;10146.0;10900.0
-2;147100;ASH_COATED_OSMIUM;9992;12;9990;25;;;10008;12;;;;;10000.0;3640.0
-2;147100;INTARIAN_PEPPER_ROOT;10142;10;;;;;10153;10;;;;;10147.5;11020.0
-2;147200;ASH_COATED_OSMIUM;9992;10;9990;21;;;10008;10;10011;21;;;10000.0;3640.0
-2;147200;INTARIAN_PEPPER_ROOT;10142;8;10139;21;;;10153;8;10155;21;;;10147.5;11020.0
-2;147300;ASH_COATED_OSMIUM;9990;30;;;;;10008;13;10011;30;;;9999.0;3681.0
-2;147300;INTARIAN_PEPPER_ROOT;10139;22;;;;;10153;10;10155;22;;;10146.0;10900.0
-2;147400;ASH_COATED_OSMIUM;9998;3;;;;;10008;14;10011;30;;;10003.0;3517.0
-2;147400;INTARIAN_PEPPER_ROOT;10142;9;;;;;10153;9;10156;15;;;10147.5;11020.0
-2;147500;ASH_COATED_OSMIUM;9993;13;9990;22;;;10009;13;10011;22;;;10001.0;3599.0
-2;147500;INTARIAN_PEPPER_ROOT;10142;10;10139;19;;;10153;10;10156;19;;;10147.5;11020.0
-2;147600;ASH_COATED_OSMIUM;9991;28;;;;;;;;;;;9991.0;4009.0
-2;147600;INTARIAN_PEPPER_ROOT;10142;9;10139;25;;;10153;9;10156;25;;;10147.5;11020.0
-2;147700;ASH_COATED_OSMIUM;9993;15;9991;22;;;10009;15;;;;;10001.0;3599.0
-2;147700;INTARIAN_PEPPER_ROOT;10142;11;10140;24;;;10156;24;;;;;10149.0;11140.0
-2;147800;ASH_COATED_OSMIUM;9992;13;9990;27;;;10008;13;10011;27;;;10000.0;3640.0
-2;147800;INTARIAN_PEPPER_ROOT;10142;12;;;;;10153;12;10156;19;;;10147.5;11020.0
-2;147900;ASH_COATED_OSMIUM;9992;13;9990;24;;;10008;13;10011;24;;;10000.0;3640.0
-2;147900;INTARIAN_PEPPER_ROOT;10142;11;10140;23;;;10153;11;;;;;10147.5;11020.0
-2;148000;ASH_COATED_OSMIUM;9992;12;9989;27;;;10008;12;10010;27;;;10000.0;3640.0
-2;148000;INTARIAN_PEPPER_ROOT;10142;12;;;;;10156;19;;;;;10149.0;11140.0
-2;148100;ASH_COATED_OSMIUM;9992;13;9990;26;;;10008;13;10011;26;;;10000.0;3640.0
-2;148100;INTARIAN_PEPPER_ROOT;10140;18;;;;;10154;9;10156;18;;;10147.0;10980.0
-2;148200;ASH_COATED_OSMIUM;9992;12;9989;23;;;10008;12;10010;23;;;10000.0;3640.0
-2;148200;INTARIAN_PEPPER_ROOT;10143;11;;;;;10154;11;10156;19;;;10148.5;11100.0
-2;148300;ASH_COATED_OSMIUM;9991;12;9989;22;;;10007;12;10010;22;;;9999.0;3681.0
-2;148300;INTARIAN_PEPPER_ROOT;10143;8;10140;16;;;10154;8;;;;;10148.5;11100.0
-2;148400;ASH_COATED_OSMIUM;9991;11;;;;;10007;11;10009;26;;;9999.0;3681.0
-2;148400;INTARIAN_PEPPER_ROOT;10143;9;10140;15;;;10157;15;;;;;10150.0;11220.0
-2;148500;ASH_COATED_OSMIUM;9991;14;9989;20;;;10007;14;;;;;9999.0;3681.0
-2;148500;INTARIAN_PEPPER_ROOT;10143;10;10140;23;;;;;;;;;10143.0;10660.0
-2;148600;ASH_COATED_OSMIUM;9991;10;;;;;10007;10;10010;20;;;9999.0;3681.0
-2;148600;INTARIAN_PEPPER_ROOT;10143;8;;;;;10154;8;10157;22;;;10148.5;11100.0
-2;148700;ASH_COATED_OSMIUM;9990;15;;;;;10009;25;;;;;9999.5;3660.5
-2;148700;INTARIAN_PEPPER_ROOT;10143;9;10141;22;;;10154;9;10157;22;;;10148.5;11100.0
-2;148800;ASH_COATED_OSMIUM;9991;13;9988;23;;;10007;13;10009;23;;;9999.0;3681.0
-2;148800;INTARIAN_PEPPER_ROOT;10143;11;10141;24;;;10154;11;10157;24;;;10148.5;11100.0
-2;148900;ASH_COATED_OSMIUM;9991;11;9988;22;;;10000;2;10009;22;;;9995.5;3824.5
-2;148900;INTARIAN_PEPPER_ROOT;10143;11;10141;18;;;10154;11;10157;18;;;10148.5;11100.0
-2;149000;ASH_COATED_OSMIUM;9991;15;9988;25;;;;;;;;;9991.0;4009.0
-2;149000;INTARIAN_PEPPER_ROOT;10143;8;10141;21;;;10155;8;10157;21;;;10149.0;11140.0
-2;149100;ASH_COATED_OSMIUM;9991;14;9988;26;;;10007;14;;;;;9999.0;3681.0
-2;149100;INTARIAN_PEPPER_ROOT;10144;12;10141;19;;;10155;12;;;;;10149.5;11180.0
-2;149200;ASH_COATED_OSMIUM;9989;29;;;;;10007;11;;;;;9998.0;3722.0
-2;149200;INTARIAN_PEPPER_ROOT;10144;8;10141;19;;;10155;8;10157;19;;;10149.5;11180.0
-2;149300;ASH_COATED_OSMIUM;9992;15;9989;22;;;10008;15;10010;22;;;10000.0;3640.0
-2;149300;INTARIAN_PEPPER_ROOT;10144;11;10141;15;;;10155;11;10157;15;;;10149.5;11180.0
-2;149400;ASH_COATED_OSMIUM;9992;14;9989;26;;;10008;14;10010;26;;;10000.0;3640.0
-2;149400;INTARIAN_PEPPER_ROOT;10144;12;10141;25;;;10155;12;10158;25;;;10149.5;11180.0
-2;149500;ASH_COATED_OSMIUM;9989;21;;;;;10007;15;10010;21;;;9998.0;3722.0
-2;149500;INTARIAN_PEPPER_ROOT;10144;10;10141;25;;;10155;10;10158;25;;;10149.5;11180.0
-2;149600;ASH_COATED_OSMIUM;9991;12;9989;27;;;10007;12;;;;;9999.0;3681.0
-2;149600;INTARIAN_PEPPER_ROOT;10144;10;;;;;10155;10;;;;;10149.5;11180.0
-2;149700;ASH_COATED_OSMIUM;9991;13;9988;24;;;10007;13;10009;24;;;9999.0;3681.0
-2;149700;INTARIAN_PEPPER_ROOT;10144;9;10142;20;;;10155;9;10158;20;;;10149.5;11180.0
-2;149800;ASH_COATED_OSMIUM;9991;10;;;;;10007;10;;;;;9999.0;3723.0
-2;149800;INTARIAN_PEPPER_ROOT;10144;9;10142;22;;;10158;22;;;;;10151.0;11300.0
-2;149900;ASH_COATED_OSMIUM;9991;14;;;;;10007;14;10010;30;;;9999.0;3723.0
-2;149900;INTARIAN_PEPPER_ROOT;10144;11;10142;24;;;10155;11;;;;;10149.5;11180.0
-2;150000;ASH_COATED_OSMIUM;9991;13;9989;27;;;10007;13;10010;27;;;9999.0;3723.0
-2;150000;INTARIAN_PEPPER_ROOT;10144;8;10142;15;;;10158;15;;;;;10151.0;11300.0
-2;150100;ASH_COATED_OSMIUM;9992;14;9989;25;;;10008;14;10010;25;;;10000.0;3676.0
-2;150100;INTARIAN_PEPPER_ROOT;10145;10;10142;17;;;10156;10;10158;17;;;10150.5;11260.0
-2;150200;ASH_COATED_OSMIUM;9992;14;9989;28;;;10010;28;;;;;10001.0;3629.0
-2;150200;INTARIAN_PEPPER_ROOT;10142;19;;;;;10156;9;;;;;10149.0;11140.0
-2;150300;ASH_COATED_OSMIUM;9992;14;;;;;10008;14;10011;29;;;10000.0;3676.0
-2;150300;INTARIAN_PEPPER_ROOT;10145;12;10142;22;;;10158;22;;;;;10151.5;11340.0
-2;150400;ASH_COATED_OSMIUM;9992;10;9990;20;;;10008;10;10011;20;;;10000.0;3676.0
-2;150400;INTARIAN_PEPPER_ROOT;;;;;;;10156;9;10159;23;;;10156.0;11700.0
-2;150500;ASH_COATED_OSMIUM;9990;29;;;;;10008;10;;;;;9999.0;3723.0
-2;150500;INTARIAN_PEPPER_ROOT;10145;11;10142;21;;;10156;11;;;;;10150.5;11260.0
-2;150600;ASH_COATED_OSMIUM;9992;13;9989;22;;;10008;13;10010;22;;;10000.0;3676.0
-2;150600;INTARIAN_PEPPER_ROOT;10145;9;10142;25;;;10156;9;10159;25;;;10150.5;11260.0
-2;150700;ASH_COATED_OSMIUM;9992;15;9990;26;;;10008;15;10011;26;;;10000.0;3676.0
-2;150700;INTARIAN_PEPPER_ROOT;10145;8;10143;17;;;10156;8;10159;17;;;10150.5;11260.0
-2;150800;ASH_COATED_OSMIUM;9992;10;9990;27;;;10008;10;10011;27;;;10000.0;3676.0
-2;150800;INTARIAN_PEPPER_ROOT;10145;10;;;;;10156;10;10159;25;;;10150.5;11260.0
-2;150900;ASH_COATED_OSMIUM;9993;11;;;;;10011;30;;;;;10002.0;3582.0
-2;150900;INTARIAN_PEPPER_ROOT;10143;24;;;;;10159;24;;;;;10151.0;11300.0
-2;151000;ASH_COATED_OSMIUM;9993;15;9991;21;;;10009;15;10012;21;;;10001.0;3629.0
-2;151000;INTARIAN_PEPPER_ROOT;10145;11;10143;24;;;10157;11;10159;24;;;10151.0;11300.0
-2;151100;ASH_COATED_OSMIUM;9993;14;9991;30;;;10009;14;10012;30;;;10001.0;3629.0
-2;151100;INTARIAN_PEPPER_ROOT;10146;12;;;;;10157;12;10159;22;;;10151.5;11340.0
-2;151200;ASH_COATED_OSMIUM;9993;13;9991;21;;;10009;13;10012;21;;;10001.0;3629.0
-2;151200;INTARIAN_PEPPER_ROOT;10146;12;10143;24;;;10157;12;10159;24;;;10151.5;11340.0
-2;151300;ASH_COATED_OSMIUM;9993;14;9991;22;;;;;;;;;9993.0;4005.0
-2;151300;INTARIAN_PEPPER_ROOT;10146;10;10143;22;;;10157;10;10159;22;;;10151.5;11340.0
-2;151400;ASH_COATED_OSMIUM;9993;13;9991;20;;;10009;13;10012;20;;;10001.0;3629.0
-2;151400;INTARIAN_PEPPER_ROOT;10146;12;10143;16;;;10157;12;10160;16;;;10151.5;11340.0
-2;151500;ASH_COATED_OSMIUM;9993;11;;;;;10009;11;10012;30;;;10001.0;3629.0
-2;151500;INTARIAN_PEPPER_ROOT;10146;9;10143;22;;;10160;22;;;;;10153.0;11460.0
-2;151600;ASH_COATED_OSMIUM;9993;12;9991;24;;;10009;12;10012;24;;;10001.0;3629.0
-2;151600;INTARIAN_PEPPER_ROOT;10146;9;10143;24;;;10157;9;;;;;10151.5;11340.0
-2;151700;ASH_COATED_OSMIUM;9993;12;9990;28;;;10009;12;10011;28;;;10001.0;3629.0
-2;151700;INTARIAN_PEPPER_ROOT;10146;12;;;;;10157;12;10160;23;;;10151.5;11340.0
-2;151800;ASH_COATED_OSMIUM;9993;11;9990;25;;;10009;11;10011;25;;;10001.0;3629.0
-2;151800;INTARIAN_PEPPER_ROOT;10144;18;;;;;10157;11;10160;18;;;10150.5;11260.0
-2;151900;ASH_COATED_OSMIUM;9993;10;9990;30;;;10009;10;10011;30;;;10001.0;3629.0
-2;151900;INTARIAN_PEPPER_ROOT;10146;12;10144;25;;;10157;12;;;;;10151.5;11340.0
-2;152000;ASH_COATED_OSMIUM;9992;13;9990;24;;;10008;13;10011;24;;;10000.0;3676.0
-2;152000;INTARIAN_PEPPER_ROOT;10146;11;10144;22;;;10158;11;10160;22;;;10152.0;11380.0
-2;152100;ASH_COATED_OSMIUM;9992;13;9990;30;;;10008;13;10011;30;;;10000.0;3676.0
-2;152100;INTARIAN_PEPPER_ROOT;10147;8;10144;16;;;10158;8;10160;16;;;10152.5;11420.0
-2;152200;ASH_COATED_OSMIUM;9993;15;9990;22;;;10011;22;;;;;10002.0;3582.0
-2;152200;INTARIAN_PEPPER_ROOT;10147;9;;;;;10158;9;;;;;10152.5;11420.0
-2;152300;ASH_COATED_OSMIUM;9990;30;;;;;10009;12;10011;30;;;9999.5;3699.5
-2;152300;INTARIAN_PEPPER_ROOT;10147;12;10144;18;;;10158;12;10160;18;;;10152.5;11420.0
-2;152400;ASH_COATED_OSMIUM;9990;28;;;;;10009;10;10011;28;;;9999.5;3699.5
-2;152400;INTARIAN_PEPPER_ROOT;10147;11;10144;20;;;10158;11;10161;20;;;10152.5;11420.0
-2;152500;ASH_COATED_OSMIUM;9993;13;;;;;10009;13;10011;30;;;10001.0;3629.0
-2;152500;INTARIAN_PEPPER_ROOT;10147;12;10144;21;;;10158;12;10161;21;;;10152.5;11420.0
-2;152600;ASH_COATED_OSMIUM;9992;14;9990;26;;;10002;5;10008;14;10011;26;9997.0;3817.0
-2;152600;INTARIAN_PEPPER_ROOT;10147;8;10144;24;;;10158;8;;;;;10152.5;11420.0
-2;152700;ASH_COATED_OSMIUM;9992;14;9990;26;;;10008;14;10011;26;;;10000.0;3676.0
-2;152700;INTARIAN_PEPPER_ROOT;;;;;;;10158;10;10161;25;;;10158.0;11860.0
-2;152800;ASH_COATED_OSMIUM;9992;13;9990;21;;;10008;13;10011;21;;;10000.0;3676.0
-2;152800;INTARIAN_PEPPER_ROOT;10147;12;10145;20;;;10158;12;;;;;10152.5;11420.0
-2;152900;ASH_COATED_OSMIUM;9992;14;9989;23;;;10008;14;10010;23;;;10000.0;3676.0
-2;152900;INTARIAN_PEPPER_ROOT;10147;12;10145;24;;;10158;12;10161;24;;;10152.5;11420.0
-2;153000;ASH_COATED_OSMIUM;9992;15;9989;23;;;10008;15;10010;23;;;10000.0;3676.0
-2;153000;INTARIAN_PEPPER_ROOT;10147;10;10145;16;;;10159;10;10161;16;;;10153.0;11460.0
-2;153100;ASH_COATED_OSMIUM;9991;11;;;;;10010;30;;;;;10000.5;3652.5
-2;153100;INTARIAN_PEPPER_ROOT;10148;11;10145;15;;;10161;15;;;;;10154.5;11580.0
-2;153200;ASH_COATED_OSMIUM;9991;10;;;;;10007;10;10009;22;;;9999.0;3723.0
-2;153200;INTARIAN_PEPPER_ROOT;10148;12;10145;15;;;10159;12;10161;15;;;10153.5;11500.0
-2;153300;ASH_COATED_OSMIUM;9990;14;9988;27;;;10006;14;;;;;9998.0;3770.0
-2;153300;INTARIAN_PEPPER_ROOT;10148;11;10145;21;;;10161;21;;;;;10154.5;11580.0
-2;153400;ASH_COATED_OSMIUM;9991;10;9988;27;;;10009;27;;;;;10000.0;3676.0
-2;153400;INTARIAN_PEPPER_ROOT;10148;10;10145;21;;;10159;10;10162;21;;;10153.5;11500.0
-2;153500;ASH_COATED_OSMIUM;9988;26;;;;;10007;10;10009;26;;;9997.5;3793.5
-2;153500;INTARIAN_PEPPER_ROOT;10148;8;;;;;10162;15;;;;;10155.0;11620.0
-2;153600;ASH_COATED_OSMIUM;9991;15;9988;20;;;;;;;;;9991.0;4099.0
-2;153600;INTARIAN_PEPPER_ROOT;10145;23;;;;;10162;23;;;;;10153.5;11500.0
-2;153700;ASH_COATED_OSMIUM;9988;30;;;;;10009;30;;;;;9998.5;3746.5
-2;153700;INTARIAN_PEPPER_ROOT;10146;17;;;;;10159;11;10162;17;;;10152.5;11420.0
-2;153800;ASH_COATED_OSMIUM;9991;15;9989;25;;;10007;15;10010;25;;;9999.0;3723.0
-2;153800;INTARIAN_PEPPER_ROOT;10148;11;10146;15;;;;;;;;;10148.0;11060.0
-2;153900;ASH_COATED_OSMIUM;9991;15;;;;;10007;15;10010;21;;;9999.0;3723.0
-2;153900;INTARIAN_PEPPER_ROOT;10148;12;10146;17;;;10159;12;10162;17;;;10153.5;11500.0
-2;154000;ASH_COATED_OSMIUM;9991;14;9989;22;;;10010;22;;;;;10000.5;3652.5
-2;154000;INTARIAN_PEPPER_ROOT;10148;11;10146;18;;;10162;18;;;;;10155.0;11620.0
-2;154100;ASH_COATED_OSMIUM;9992;11;9989;23;;;10010;23;;;;;10001.0;3629.0
-2;154100;INTARIAN_PEPPER_ROOT;10149;8;;;;;10162;22;;;;;10155.5;11660.0
-2;154200;ASH_COATED_OSMIUM;9992;11;9989;29;;;10008;11;10010;29;;;10000.0;3676.0
-2;154200;INTARIAN_PEPPER_ROOT;10149;11;10146;20;;;10160;11;10162;20;;;10154.5;11580.0
-2;154300;ASH_COATED_OSMIUM;9991;14;9989;22;;;10007;14;10010;22;;;9999.0;3723.0
-2;154300;INTARIAN_PEPPER_ROOT;10149;12;10146;17;;;10160;12;;;;;10154.5;11580.0
-2;154400;ASH_COATED_OSMIUM;9991;14;9988;24;;;10007;14;10009;24;;;9999.0;3723.0
-2;154400;INTARIAN_PEPPER_ROOT;10146;25;;;;;10163;25;;;;;10154.5;11580.0
-2;154500;ASH_COATED_OSMIUM;9989;30;;;;;10007;14;10010;30;;;9998.0;3770.0
-2;154500;INTARIAN_PEPPER_ROOT;10149;12;10146;22;;;10160;12;;;;;10154.5;11580.0
-2;154600;ASH_COATED_OSMIUM;9992;15;9989;25;;;10008;15;10010;25;;;10000.0;3676.0
-2;154600;INTARIAN_PEPPER_ROOT;10146;23;;;;;10160;8;10163;23;;;10153.0;11460.0
-2;154700;ASH_COATED_OSMIUM;9989;23;;;;;10008;12;;;;;9998.5;3746.5
-2;154700;INTARIAN_PEPPER_ROOT;10149;12;10147;24;;;10160;12;10163;24;;;10154.5;11580.0
-2;154800;ASH_COATED_OSMIUM;9991;13;;;;;10007;13;;;;;9999.0;3723.0
-2;154800;INTARIAN_PEPPER_ROOT;10147;21;;;;;10160;9;10163;21;;;10153.5;11500.0
-2;154900;ASH_COATED_OSMIUM;9992;11;;;;;10001;5;10010;30;;;9996.5;3840.5
-2;154900;INTARIAN_PEPPER_ROOT;10149;12;;;;;10160;12;10163;24;;;10154.5;11580.0
-2;155000;ASH_COATED_OSMIUM;9992;12;9989;29;;;10008;12;;;;;10000.0;3676.0
-2;155000;INTARIAN_PEPPER_ROOT;10149;11;10147;17;;;10161;11;10163;17;;;10155.0;11620.0
-2;155100;ASH_COATED_OSMIUM;;;;;;;10008;12;10010;20;;;10008.0;3300.0
-2;155100;INTARIAN_PEPPER_ROOT;10150;12;10147;20;;;10161;12;10163;20;;;10155.5;11660.0
-2;155200;ASH_COATED_OSMIUM;9991;15;9989;22;;;10007;15;10010;22;;;9999.0;3723.0
-2;155200;INTARIAN_PEPPER_ROOT;10150;11;10147;17;;;10161;11;10163;17;;;10155.5;11660.0
-2;155300;ASH_COATED_OSMIUM;9991;12;9988;23;;;10000;3;10007;12;10009;23;9995.5;3887.5
-2;155300;INTARIAN_PEPPER_ROOT;10150;8;;;;;10161;8;10163;20;;;10155.5;11660.0
-2;155400;ASH_COATED_OSMIUM;9991;15;9988;22;;;10007;15;10009;22;;;9999.0;3723.0
-2;155400;INTARIAN_PEPPER_ROOT;;;;;;;10161;8;10164;16;;;10161.0;12100.0
-2;155500;ASH_COATED_OSMIUM;9988;22;;;;;10009;22;;;;;9998.5;3746.5
-2;155500;INTARIAN_PEPPER_ROOT;10150;12;10147;15;;;10152;4;10161;12;10164;15;10151.0;11300.0
-2;155600;ASH_COATED_OSMIUM;9990;11;;;;;10009;30;;;;;9999.5;3699.5
-2;155600;INTARIAN_PEPPER_ROOT;10150;12;10147;17;;;10152;8;10161;12;;;10151.0;11300.0
-2;155700;ASH_COATED_OSMIUM;9990;11;9988;20;;;10006;11;10009;20;;;9998.0;3770.0
-2;155700;INTARIAN_PEPPER_ROOT;10150;10;;;;;10161;10;10164;21;;;10155.5;11660.0
-2;155800;ASH_COATED_OSMIUM;9990;12;;;;;10008;21;;;;;9999.0;3723.0
-2;155800;INTARIAN_PEPPER_ROOT;10153;11;10150;10;10148;18;10161;10;10164;18;;;10157.0;11780.0
-2;155900;ASH_COATED_OSMIUM;9989;14;9987;27;;;10005;14;10008;27;;;9997.0;3817.0
-2;155900;INTARIAN_PEPPER_ROOT;10158;8;10150;8;10148;20;10164;20;;;;;10161.0;12100.0
-2;156000;ASH_COATED_OSMIUM;9990;13;9987;27;;;10006;13;;;;;9998.0;3770.0
-2;156000;INTARIAN_PEPPER_ROOT;10150;8;10148;21;;;10164;21;;;;;10157.0;11780.0
-2;156100;ASH_COATED_OSMIUM;9990;13;9987;23;;;10006;13;;;;;9998.0;3770.0
-2;156100;INTARIAN_PEPPER_ROOT;10151;12;10148;24;;;10162;12;10164;24;;;10156.5;11740.0
-2;156200;ASH_COATED_OSMIUM;9989;13;9987;24;;;10005;13;;;;;9997.0;3817.0
-2;156200;INTARIAN_PEPPER_ROOT;10151;11;10148;21;;;10162;11;10164;21;;;10156.5;11740.0
-2;156300;ASH_COATED_OSMIUM;9987;25;;;;;10005;13;10008;25;;;9996.0;3864.0
-2;156300;INTARIAN_PEPPER_ROOT;10151;12;10148;17;;;10162;12;10164;17;;;10156.5;11740.0
-2;156400;ASH_COATED_OSMIUM;9989;13;9987;20;;;10008;20;;;;;9998.5;3746.5
-2;156400;INTARIAN_PEPPER_ROOT;10148;22;;;;;10162;12;10165;22;;;10155.0;11620.0
-2;156500;ASH_COATED_OSMIUM;9995;4;9987;30;;;10008;30;;;;;10001.5;3605.5
-2;156500;INTARIAN_PEPPER_ROOT;10148;15;;;;;10162;8;10165;15;;;10155.0;11620.0
-2;156600;ASH_COATED_OSMIUM;9989;10;9987;26;;;9999;2;10005;10;10008;26;9994.0;3958.0
-2;156600;INTARIAN_PEPPER_ROOT;10148;25;;;;;10162;12;10165;25;;;10155.0;11620.0
-2;156700;ASH_COATED_OSMIUM;9989;14;;;;;10005;14;10008;29;;;9997.0;3817.0
-2;156700;INTARIAN_PEPPER_ROOT;10151;12;10149;19;;;10165;19;;;;;10158.0;11860.0
-2;156800;ASH_COATED_OSMIUM;9987;24;;;;;10005;12;;;;;9996.0;3864.0
-2;156800;INTARIAN_PEPPER_ROOT;10159;3;10149;20;;;10162;10;10165;20;;;10160.5;12060.0
-2;156900;ASH_COATED_OSMIUM;9990;12;9987;20;;;10006;12;10008;20;;;9998.0;3770.0
-2;156900;INTARIAN_PEPPER_ROOT;10151;8;10149;15;;;10162;8;10165;15;;;10156.5;11740.0
-2;157000;ASH_COATED_OSMIUM;9989;14;9986;30;;;10005;14;;;;;9997.0;3838.0
-2;157000;INTARIAN_PEPPER_ROOT;10149;22;;;;;10163;8;10165;22;;;10156.0;11700.0
-2;157100;ASH_COATED_OSMIUM;9989;14;9986;27;;;10005;14;;;;;9997.0;3838.0
-2;157100;INTARIAN_PEPPER_ROOT;10149;17;;;;;10163;10;;;;;10156.0;11700.0
-2;157200;ASH_COATED_OSMIUM;9989;12;9986;21;;;10005;12;10007;21;;;9997.0;3838.0
-2;157200;INTARIAN_PEPPER_ROOT;10152;9;10149;23;;;10163;9;;;;;10157.5;11820.0
-2;157300;ASH_COATED_OSMIUM;;;;;;;10007;29;;;;;10007.0;3338.0
-2;157300;INTARIAN_PEPPER_ROOT;10152;8;10149;22;;;10163;8;10165;22;;;10157.5;11820.0
-2;157400;ASH_COATED_OSMIUM;9987;26;;;;;10006;12;;;;;9996.5;3863.0
-2;157400;INTARIAN_PEPPER_ROOT;10152;10;;;;;10163;10;10166;16;;;10157.5;11820.0
-2;157500;ASH_COATED_OSMIUM;9989;11;;;;;10005;11;10008;28;;;9997.0;3838.0
-2;157500;INTARIAN_PEPPER_ROOT;10152;11;10149;21;;;10166;21;;;;;10159.0;11940.0
-2;157600;ASH_COATED_OSMIUM;9989;11;9986;25;;;10005;11;10007;25;;;9997.0;3838.0
-2;157600;INTARIAN_PEPPER_ROOT;10152;11;10149;22;;;10163;11;10166;22;;;10157.5;11820.0
-2;157700;ASH_COATED_OSMIUM;9989;10;9986;22;;;10005;10;10007;22;;;9997.0;3838.0
-2;157700;INTARIAN_PEPPER_ROOT;10150;18;;;;;10163;11;;;;;10156.5;11740.0
-2;157800;ASH_COATED_OSMIUM;9989;11;9987;23;;;10005;11;10008;23;;;9997.0;3838.0
-2;157800;INTARIAN_PEPPER_ROOT;10152;9;10150;20;;;10163;9;10166;20;;;10157.5;11820.0
-2;157900;ASH_COATED_OSMIUM;9989;13;;;;;10005;13;10008;27;;;9997.0;3838.0
-2;157900;INTARIAN_PEPPER_ROOT;10152;10;;;;;10163;10;;;;;10157.5;11820.0
-2;158000;ASH_COATED_OSMIUM;9989;12;9986;25;;;10005;12;10007;25;;;9997.0;3838.0
-2;158000;INTARIAN_PEPPER_ROOT;10152;11;10150;18;;;10166;18;;;;;10159.0;11940.0
-2;158100;ASH_COATED_OSMIUM;9986;25;;;;;10007;25;;;;;9996.5;3863.0
-2;158100;INTARIAN_PEPPER_ROOT;10150;15;;;;;10166;15;;;;;10158.0;11860.0
-2;158200;ASH_COATED_OSMIUM;9989;11;9986;30;;;10005;11;10007;30;;;9997.0;3838.0
-2;158200;INTARIAN_PEPPER_ROOT;10153;10;10150;20;;;10164;10;10166;20;;;10158.5;11900.0
-2;158300;ASH_COATED_OSMIUM;9989;14;9986;22;;;10005;14;;;;;9997.0;3838.0
-2;158300;INTARIAN_PEPPER_ROOT;10153;10;10150;25;;;10164;10;;;;;10158.5;11900.0
-2;158400;ASH_COATED_OSMIUM;9988;15;9986;29;;;10004;15;10007;29;;;9996.0;3888.0
-2;158400;INTARIAN_PEPPER_ROOT;10153;9;10150;15;;;10164;9;10167;15;;;10158.5;11900.0
-2;158500;ASH_COATED_OSMIUM;9988;11;9986;24;;;10004;11;10007;24;;;9996.0;3888.0
-2;158500;INTARIAN_PEPPER_ROOT;10153;12;10150;24;;;10164;12;;;;;10158.5;11900.0
-2;158600;ASH_COATED_OSMIUM;9988;12;9986;27;;;10004;12;10007;27;;;9996.0;3888.0
-2;158600;INTARIAN_PEPPER_ROOT;10153;10;10150;15;;;10164;10;10167;15;;;10158.5;11900.0
-2;158700;ASH_COATED_OSMIUM;9986;25;;;;;10005;15;10007;25;;;9995.5;3913.0
-2;158700;INTARIAN_PEPPER_ROOT;10151;23;;;;;10160;5;10164;12;10167;23;10155.5;11660.0
-2;158800;ASH_COATED_OSMIUM;9988;11;9986;21;;;10007;21;;;;;9997.5;3813.0
-2;158800;INTARIAN_PEPPER_ROOT;10156;5;10151;18;;;10164;9;10167;18;;;10160.0;12020.0
-2;158900;ASH_COATED_OSMIUM;9988;12;9986;21;;;10004;12;10007;21;;;9996.0;3888.0
-2;158900;INTARIAN_PEPPER_ROOT;10153;12;;;;;10164;12;10167;17;;;10158.5;11900.0
-2;159000;ASH_COATED_OSMIUM;9988;11;;;;;10004;11;10007;30;;;9996.0;3888.0
-2;159000;INTARIAN_PEPPER_ROOT;10153;8;10151;25;;;10167;25;;;;;10160.0;12020.0
-2;159100;ASH_COATED_OSMIUM;9988;14;;;;;10004;14;10007;22;;;9996.0;3888.0
-2;159100;INTARIAN_PEPPER_ROOT;10151;19;;;;;10165;10;10167;19;;;10158.0;11860.0
-2;159200;ASH_COATED_OSMIUM;9988;14;;;;;10004;14;;;;;9996.0;3888.0
-2;159200;INTARIAN_PEPPER_ROOT;10154;8;10151;17;;;10165;8;10167;17;;;10159.5;11980.0
-2;159300;ASH_COATED_OSMIUM;9988;14;9986;23;;;10004;14;;;;;9996.0;3888.0
-2;159300;INTARIAN_PEPPER_ROOT;10154;10;10151;22;;;10165;10;10167;22;;;10159.5;11980.0
-2;159400;ASH_COATED_OSMIUM;9989;11;9986;21;;;10005;11;10007;21;;;9997.0;3838.0
-2;159400;INTARIAN_PEPPER_ROOT;10154;8;10151;15;;;10165;8;10168;15;;;10159.5;11980.0
-2;159500;ASH_COATED_OSMIUM;9986;25;;;;;10004;15;;;;;9995.0;3938.0
-2;159500;INTARIAN_PEPPER_ROOT;10154;9;;;;;10165;9;10168;15;;;10159.5;11980.0
-2;159600;ASH_COATED_OSMIUM;9989;11;9986;20;;;10007;20;;;;;9998.0;3788.0
-2;159600;INTARIAN_PEPPER_ROOT;10154;8;10151;15;;;10165;8;10168;15;;;10159.5;11980.0
-2;159700;ASH_COATED_OSMIUM;9989;11;9986;26;;;10005;11;10007;26;;;9997.0;3838.0
-2;159700;INTARIAN_PEPPER_ROOT;10154;10;10152;18;;;10156;7;10165;10;10168;18;10155.0;11620.0
-2;159800;ASH_COATED_OSMIUM;9987;22;;;;;10005;15;10008;22;;;9996.0;3888.0
-2;159800;INTARIAN_PEPPER_ROOT;10152;15;;;;;10165;8;10168;15;;;10158.5;11900.0
-2;159900;ASH_COATED_OSMIUM;9989;10;;;;;10005;10;10008;28;;;9997.0;3838.0
-2;159900;INTARIAN_PEPPER_ROOT;10152;22;;;;;10165;11;10168;22;;;10158.5;11900.0
-2;160000;ASH_COATED_OSMIUM;9989;13;9987;26;;;10008;26;;;;;9998.5;3763.0
-2;160000;INTARIAN_PEPPER_ROOT;10154;10;;;;;10166;10;10168;20;;;10160.0;12020.0
-2;160100;ASH_COATED_OSMIUM;9987;23;;;;;10005;14;;;;;9996.0;3888.0
-2;160100;INTARIAN_PEPPER_ROOT;10155;8;;;;;10168;20;;;;;10161.5;12140.0
-2;160200;ASH_COATED_OSMIUM;9989;15;9986;27;;;10005;15;;;;;9997.0;3838.0
-2;160200;INTARIAN_PEPPER_ROOT;10155;10;10152;20;;;10168;20;;;;;10161.5;12140.0
-2;160300;ASH_COATED_OSMIUM;9988;15;;;;;10004;15;10007;30;;;9996.0;3923.0
-2;160300;INTARIAN_PEPPER_ROOT;10155;12;10152;20;;;10166;12;10168;20;;;10160.5;12060.0
-2;160400;ASH_COATED_OSMIUM;;;;;;;10004;11;10007;30;;;10004.0;3483.0
-2;160400;INTARIAN_PEPPER_ROOT;10155;8;10152;20;;;;;;;;;10155.0;11620.0
-2;160500;ASH_COATED_OSMIUM;9988;10;9985;20;;;9997;3;10004;10;10006;20;9992.5;4115.5
-2;160500;INTARIAN_PEPPER_ROOT;10155;9;10152;22;;;10166;9;10169;22;;;10160.5;12060.0
-2;160600;ASH_COATED_OSMIUM;;;;;;;10006;25;;;;;10006.0;3373.0
-2;160600;INTARIAN_PEPPER_ROOT;;;;;;;10166;9;10169;20;;;10166.0;12500.0
-2;160700;ASH_COATED_OSMIUM;9988;14;9986;25;;;10004;14;10007;25;;;9996.0;3923.0
-2;160700;INTARIAN_PEPPER_ROOT;10155;10;10153;23;;;10166;10;10169;23;;;10160.5;12060.0
-2;160800;ASH_COATED_OSMIUM;9989;12;9986;27;;;10005;12;10007;27;;;9997.0;3868.0
-2;160800;INTARIAN_PEPPER_ROOT;10155;9;10153;16;;;10169;16;;;;;10162.0;12180.0
-2;160900;ASH_COATED_OSMIUM;9994;5;9989;15;9986;26;10007;26;;;;;10000.5;3675.5
-2;160900;INTARIAN_PEPPER_ROOT;10155;10;10153;24;;;;;;;;;10155.0;11620.0
-2;161000;ASH_COATED_OSMIUM;9989;15;9987;26;;;;;;;;;9989.0;4308.0
-2;161000;INTARIAN_PEPPER_ROOT;10155;12;10153;23;;;10167;12;10169;23;;;10161.0;12100.0
-2;161100;ASH_COATED_OSMIUM;9989;11;9987;26;;;10005;11;10008;26;;;9997.0;3868.0
-2;161100;INTARIAN_PEPPER_ROOT;10156;11;10153;21;;;10167;11;10169;21;;;10161.5;12140.0
-2;161200;ASH_COATED_OSMIUM;9990;15;9987;25;;;10006;15;10008;25;;;9998.0;3813.0
-2;161200;INTARIAN_PEPPER_ROOT;10156;11;10153;18;;;10167;11;10169;18;;;10161.5;12140.0
-2;161300;ASH_COATED_OSMIUM;9989;11;9987;24;;;10008;24;;;;;9998.5;3785.5
-2;161300;INTARIAN_PEPPER_ROOT;10156;12;10153;15;;;10167;12;10169;15;;;10161.5;12140.0
-2;161400;ASH_COATED_OSMIUM;9989;12;;;;;10005;12;10008;27;;;9997.0;3868.0
-2;161400;INTARIAN_PEPPER_ROOT;10156;10;10153;23;;;10170;23;;;;;10163.0;12260.0
-2;161500;ASH_COATED_OSMIUM;9989;13;9986;26;;;10005;13;10007;26;;;9997.0;3868.0
-2;161500;INTARIAN_PEPPER_ROOT;10156;8;10153;16;;;10167;8;10170;16;;;10161.5;12140.0
-2;161600;ASH_COATED_OSMIUM;9989;14;9987;22;;;10005;14;10008;22;;;9997.0;3882.0
-2;161600;INTARIAN_PEPPER_ROOT;10156;10;10153;22;;;10167;10;10170;22;;;10161.5;12140.0
-2;161700;ASH_COATED_OSMIUM;9989;14;9987;23;;;10005;14;10008;23;;;9997.0;3882.0
-2;161700;INTARIAN_PEPPER_ROOT;10156;12;10154;17;;;10170;17;;;;;10163.0;12260.0
-2;161800;ASH_COATED_OSMIUM;9987;29;;;;;;;;;;;9987.0;4452.0
-2;161800;INTARIAN_PEPPER_ROOT;10156;9;10154;19;;;10170;19;;;;;10163.0;12260.0
-2;161900;ASH_COATED_OSMIUM;9990;15;9987;20;;;10008;20;;;;;9999.0;3768.0
-2;161900;INTARIAN_PEPPER_ROOT;10156;8;10154;16;;;10167;8;10170;16;;;10161.5;12140.0
-2;162000;ASH_COATED_OSMIUM;9990;15;9987;20;;;10006;15;10008;20;;;9998.0;3825.0
-2;162000;INTARIAN_PEPPER_ROOT;10156;10;10154;16;;;10168;10;10170;16;;;10162.0;12180.0
-2;162100;ASH_COATED_OSMIUM;9987;29;;;;;10008;29;;;;;9997.5;3853.5
-2;162100;INTARIAN_PEPPER_ROOT;10157;9;10154;16;;;10168;9;10170;16;;;10162.5;12220.0
-2;162200;ASH_COATED_OSMIUM;9987;29;;;;;10006;15;10008;29;;;9996.5;3910.5
-2;162200;INTARIAN_PEPPER_ROOT;10157;12;10154;24;;;10168;12;10170;24;;;10162.5;12220.0
-2;162300;ASH_COATED_OSMIUM;;;;;;;10006;14;;;;;10006.0;3369.0
-2;162300;INTARIAN_PEPPER_ROOT;10154;22;;;;;10168;12;10170;22;;;10161.0;12100.0
-2;162400;ASH_COATED_OSMIUM;9990;10;9987;29;;;;;;;;;9990.0;4281.0
-2;162400;INTARIAN_PEPPER_ROOT;10157;9;10154;22;;;10168;9;;;;;10162.5;12220.0
-2;162500;ASH_COATED_OSMIUM;9990;10;9987;20;;;10006;10;10008;20;;;9998.0;3825.0
-2;162500;INTARIAN_PEPPER_ROOT;10157;12;10154;20;;;10168;12;10171;20;;;10162.5;12220.0
-2;162600;ASH_COATED_OSMIUM;9989;14;9987;23;;;10005;14;;;;;9997.0;3882.0
-2;162600;INTARIAN_PEPPER_ROOT;10157;10;;;;;10171;19;;;;;10164.0;12340.0
-2;162700;ASH_COATED_OSMIUM;;;;;;;10008;21;;;;;10008.0;3255.0
-2;162700;INTARIAN_PEPPER_ROOT;10157;10;;;;;10168;10;10171;20;;;10162.5;12220.0
-2;162800;ASH_COATED_OSMIUM;9990;11;9987;29;;;10006;11;10008;29;;;9998.0;3825.0
-2;162800;INTARIAN_PEPPER_ROOT;10155;20;;;;;10168;11;10171;20;;;10161.5;12140.0
-2;162900;ASH_COATED_OSMIUM;9989;15;9987;28;;;10005;15;10008;28;;;9997.0;3882.0
-2;162900;INTARIAN_PEPPER_ROOT;10157;12;10155;18;;;10168;12;10171;18;;;10162.5;12220.0
-2;163000;ASH_COATED_OSMIUM;9987;30;;;;;10008;30;;;;;9997.5;3853.5
-2;163000;INTARIAN_PEPPER_ROOT;10155;19;;;;;10169;8;;;;;10162.0;12180.0
-2;163100;ASH_COATED_OSMIUM;9989;10;9987;22;;;10005;10;10008;22;;;9997.0;3882.0
-2;163100;INTARIAN_PEPPER_ROOT;10158;12;10155;23;;;10169;12;;;;;10163.5;12300.0
-2;163200;ASH_COATED_OSMIUM;9987;20;;;;;10006;13;;;;;9996.5;3910.5
-2;163200;INTARIAN_PEPPER_ROOT;10158;9;10155;20;;;10169;9;;;;;10163.5;12300.0
-2;163300;ASH_COATED_OSMIUM;9988;25;;;;;10009;25;;;;;9998.5;3796.5
-2;163300;INTARIAN_PEPPER_ROOT;10155;20;;;;;10169;12;;;;;10162.0;12180.0
-2;163400;ASH_COATED_OSMIUM;9990;12;9988;24;;;10006;12;10009;24;;;9998.0;3825.0
-2;163400;INTARIAN_PEPPER_ROOT;10158;11;10155;23;;;10169;11;10172;23;;;10163.5;12300.0
-2;163500;ASH_COATED_OSMIUM;9990;13;9987;26;;;10006;13;10008;26;;;9998.0;3825.0
-2;163500;INTARIAN_PEPPER_ROOT;10158;12;10155;20;;;10169;12;10172;20;;;10163.5;12300.0
-2;163600;ASH_COATED_OSMIUM;9990;10;9988;23;;;10006;10;;;;;9998.0;3825.0
-2;163600;INTARIAN_PEPPER_ROOT;10158;11;;;;;10169;11;10172;25;;;10163.5;12300.0
-2;163700;ASH_COATED_OSMIUM;9990;10;9988;29;;;10006;10;10009;29;;;9998.0;3825.0
-2;163700;INTARIAN_PEPPER_ROOT;10158;9;10156;20;;;10169;9;10172;20;;;10163.5;12300.0
-2;163800;ASH_COATED_OSMIUM;9990;13;9987;28;;;10006;13;;;;;9998.0;3825.0
-2;163800;INTARIAN_PEPPER_ROOT;10158;8;;;;;10169;8;;;;;10163.5;12300.0
-2;163900;ASH_COATED_OSMIUM;9987;23;;;;;10006;11;10008;23;;;9996.5;3910.5
-2;163900;INTARIAN_PEPPER_ROOT;10158;12;10156;20;;;10172;20;;;;;10165.0;12420.0
-2;164000;ASH_COATED_OSMIUM;9990;13;9987;26;;;10006;13;;;;;9998.0;3825.0
-2;164000;INTARIAN_PEPPER_ROOT;10158;8;10156;22;;;10170;8;10172;22;;;10164.0;12340.0
-2;164100;ASH_COATED_OSMIUM;9989;13;9987;23;;;10008;23;;;;;9998.5;3796.5
-2;164100;INTARIAN_PEPPER_ROOT;10159;10;10156;17;;;10170;10;10172;17;;;10164.5;12380.0
-2;164200;ASH_COATED_OSMIUM;9989;11;9987;28;;;10005;11;10008;28;;;9997.0;3882.0
-2;164200;INTARIAN_PEPPER_ROOT;10159;10;10156;21;;;10170;10;10172;21;;;10164.5;12380.0
-2;164300;ASH_COATED_OSMIUM;9989;13;;;;;10005;13;10007;24;;;9997.0;3882.0
-2;164300;INTARIAN_PEPPER_ROOT;10159;12;10156;17;;;10170;12;10172;17;;;10164.5;12380.0
-2;164400;ASH_COATED_OSMIUM;9989;15;9986;30;;;10005;15;10007;30;;;9997.0;3882.0
-2;164400;INTARIAN_PEPPER_ROOT;10159;10;;;;;10170;10;;;;;10164.5;12380.0
-2;164500;ASH_COATED_OSMIUM;9989;15;9986;25;;;10005;15;10007;25;;;9997.0;3882.0
-2;164500;INTARIAN_PEPPER_ROOT;10159;9;10156;15;;;;;;;;;10159.0;11940.0
-2;164600;ASH_COATED_OSMIUM;9989;14;9987;27;;;10008;27;;;;;9998.5;3796.5
-2;164600;INTARIAN_PEPPER_ROOT;10159;11;10156;19;;;10170;11;;;;;10164.5;12380.0
-2;164700;ASH_COATED_OSMIUM;9990;15;9987;29;;;10006;15;10008;29;;;9998.0;3825.0
-2;164700;INTARIAN_PEPPER_ROOT;10159;8;;;;;10170;8;10173;15;;;10164.5;12380.0
-2;164800;ASH_COATED_OSMIUM;9990;10;9987;24;;;10006;10;10008;24;;;9998.0;3825.0
-2;164800;INTARIAN_PEPPER_ROOT;10159;11;10157;20;;;10170;11;10173;20;;;10164.5;12380.0
-2;164900;ASH_COATED_OSMIUM;9990;10;9987;23;;;9999;3;10006;10;;;9994.5;4024.5
-2;164900;INTARIAN_PEPPER_ROOT;10159;11;10157;23;;;10170;11;;;;;10164.5;12380.0
-2;165000;ASH_COATED_OSMIUM;9989;15;9987;23;;;10005;15;10008;23;;;9997.0;3882.0
-2;165000;INTARIAN_PEPPER_ROOT;10157;17;;;;;10171;10;10173;17;;;10164.0;12340.0
-2;165100;ASH_COATED_OSMIUM;9989;14;9986;29;;;10005;14;10007;29;;;9997.0;3882.0
-2;165100;INTARIAN_PEPPER_ROOT;10160;10;;;;;10173;18;;;;;10166.5;12540.0
-2;165200;ASH_COATED_OSMIUM;9989;10;9986;30;;;10005;10;10007;30;;;9997.0;3882.0
-2;165200;INTARIAN_PEPPER_ROOT;10160;9;10157;19;;;10167;5;10173;19;;;10163.5;12300.0
-2;165300;ASH_COATED_OSMIUM;9989;10;9987;21;;;10008;21;;;;;9998.5;3796.5
-2;165300;INTARIAN_PEPPER_ROOT;10160;11;;;;;10171;11;10173;24;;;10165.5;12460.0
-2;165400;ASH_COATED_OSMIUM;9989;11;9987;24;;;10005;11;10007;24;;;9997.0;3882.0
-2;165400;INTARIAN_PEPPER_ROOT;10160;9;10157;15;;;10171;9;10174;15;;;10165.5;12460.0
-2;165500;ASH_COATED_OSMIUM;;;;;;;;;;;;;0.0;573711.0
-2;165500;INTARIAN_PEPPER_ROOT;10160;9;;;;;10171;9;;;;;10165.5;12460.0
-2;165600;ASH_COATED_OSMIUM;9986;29;;;;;10005;10;10007;29;;;9995.5;3967.5
-2;165600;INTARIAN_PEPPER_ROOT;10160;11;10157;20;;;10171;11;10174;20;;;10165.5;12460.0
-2;165700;ASH_COATED_OSMIUM;;;;;;;10005;12;10007;29;;;10005.0;3426.0
-2;165700;INTARIAN_PEPPER_ROOT;10158;25;;;;;10171;11;10174;25;;;10164.5;12380.0
-2;165800;ASH_COATED_OSMIUM;9989;12;9986;22;;;10005;12;;;;;9997.0;3882.0
-2;165800;INTARIAN_PEPPER_ROOT;10160;8;10158;23;;;10174;23;;;;;10167.0;12580.0
-2;165900;ASH_COATED_OSMIUM;9988;15;9986;20;;;10004;15;10007;20;;;9996.0;3939.0
-2;165900;INTARIAN_PEPPER_ROOT;10160;9;10158;19;;;10171;9;;;;;10165.5;12460.0
-2;166000;ASH_COATED_OSMIUM;9988;14;9986;25;;;10004;14;;;;;9996.0;3939.0
-2;166000;INTARIAN_PEPPER_ROOT;10160;10;10158;15;;;10174;15;;;;;10167.0;12580.0
-2;166100;ASH_COATED_OSMIUM;9988;12;9986;30;;;10007;30;;;;;9997.5;3853.5
-2;166100;INTARIAN_PEPPER_ROOT;10161;10;;;;;10172;10;10174;23;;;10166.5;12540.0
-2;166200;ASH_COATED_OSMIUM;9988;15;9986;29;;;10004;15;10007;29;;;9996.0;3939.0
-2;166200;INTARIAN_PEPPER_ROOT;10161;9;10158;15;;;10172;9;10174;15;;;10166.5;12540.0
-2;166300;ASH_COATED_OSMIUM;9989;15;9986;27;;;10005;15;10007;27;;;9997.0;3882.0
-2;166300;INTARIAN_PEPPER_ROOT;10158;19;;;;;10172;11;;;;;10165.0;12420.0
-2;166400;ASH_COATED_OSMIUM;9986;22;;;;;10005;12;10007;22;;;9995.5;3967.5
-2;166400;INTARIAN_PEPPER_ROOT;10161;11;10158;24;;;10172;11;10175;24;;;10166.5;12540.0
-2;166500;ASH_COATED_OSMIUM;9989;14;9986;23;;;10005;14;;;;;9997.0;3882.0
-2;166500;INTARIAN_PEPPER_ROOT;10161;10;10158;17;;;10172;10;10175;17;;;10166.5;12540.0
-2;166600;ASH_COATED_OSMIUM;9986;25;;;;;10005;14;;;;;9995.5;3967.5
-2;166600;INTARIAN_PEPPER_ROOT;10161;11;10158;25;;;10172;11;10175;25;;;10166.5;12540.0
-2;166700;ASH_COATED_OSMIUM;9989;12;9987;29;;;10008;29;;;;;9998.5;3796.5
-2;166700;INTARIAN_PEPPER_ROOT;10161;9;10159;21;;;10172;9;10175;21;;;10166.5;12540.0
-2;166800;ASH_COATED_OSMIUM;9989;13;9987;23;;;;;;;;;9989.0;4338.0
-2;166800;INTARIAN_PEPPER_ROOT;10161;12;;;;;10172;12;10175;18;;;10166.5;12540.0
-2;166900;ASH_COATED_OSMIUM;9989;13;;;;;10005;13;10008;27;;;9997.0;3882.0
-2;166900;INTARIAN_PEPPER_ROOT;10161;11;10159;23;;;10172;11;10175;23;;;10166.5;12540.0
-2;167000;ASH_COATED_OSMIUM;9990;12;9987;28;;;10006;12;;;;;9998.0;3825.0
-2;167000;INTARIAN_PEPPER_ROOT;10161;10;10159;24;;;10173;10;10175;24;;;10167.0;12580.0
-2;167100;ASH_COATED_OSMIUM;9987;27;;;;;10008;27;;;;;9997.5;3853.5
-2;167100;INTARIAN_PEPPER_ROOT;10162;12;;;;;10175;18;;;;;10168.5;12700.0
-2;167200;ASH_COATED_OSMIUM;;;;;;;10005;15;;;;;10005.0;3426.0
-2;167200;INTARIAN_PEPPER_ROOT;10162;9;10159;19;;;10173;9;10175;19;;;10167.5;12620.0
-2;167300;ASH_COATED_OSMIUM;9987;30;;;;;10006;15;10008;30;;;9996.5;3910.5
-2;167300;INTARIAN_PEPPER_ROOT;10162;12;10159;22;;;10175;22;;;;;10168.5;12700.0
-2;167400;ASH_COATED_OSMIUM;9990;11;9988;28;;;10006;11;10009;28;;;9998.0;3825.0
-2;167400;INTARIAN_PEPPER_ROOT;10162;10;10159;25;;;10173;10;10176;25;;;10167.5;12620.0
-2;167500;ASH_COATED_OSMIUM;;;;;;;10006;12;10009;29;;;10006.0;3369.0
-2;167500;INTARIAN_PEPPER_ROOT;10162;12;10159;22;;;10173;12;10176;22;;;10167.5;12620.0
-2;167600;ASH_COATED_OSMIUM;9990;13;9987;27;;;10006;13;10008;27;;;9998.0;3825.0
-2;167600;INTARIAN_PEPPER_ROOT;10159;22;;;;;10176;22;;;;;10167.5;12620.0
-2;167700;ASH_COATED_OSMIUM;9990;13;9987;22;;;10006;13;10008;22;;;9998.0;3825.0
-2;167700;INTARIAN_PEPPER_ROOT;10165;12;10162;11;10160;24;10173;11;10176;24;;;10169.0;12740.0
-2;167800;ASH_COATED_OSMIUM;9989;12;;;;;10005;12;10008;30;;;9997.0;3882.0
-2;167800;INTARIAN_PEPPER_ROOT;10162;10;10160;16;;;10176;16;;;;;10169.0;12740.0
-2;167900;ASH_COATED_OSMIUM;9990;13;;;;;10006;13;10008;27;;;9998.0;3825.0
-2;167900;INTARIAN_PEPPER_ROOT;10162;10;10160;18;;;10173;10;;;;;10167.5;12620.0
-2;168000;ASH_COATED_OSMIUM;9990;10;9987;25;;;10006;10;10008;25;;;9998.0;3825.0
-2;168000;INTARIAN_PEPPER_ROOT;10162;8;10160;22;;;10174;8;10176;22;;;10168.0;12660.0
-2;168100;ASH_COATED_OSMIUM;9990;10;9988;28;;;10006;10;10009;28;;;9998.0;3825.0
-2;168100;INTARIAN_PEPPER_ROOT;10163;11;10160;17;;;10174;11;10176;17;;;10168.5;12700.0
-2;168200;ASH_COATED_OSMIUM;9990;14;;;;;10009;21;;;;;9999.5;3739.5
-2;168200;INTARIAN_PEPPER_ROOT;;;;;;;10174;8;10176;22;;;10174.0;13140.0
-2;168300;ASH_COATED_OSMIUM;9991;13;9989;25;;;10007;13;;;;;9999.0;3768.0
-2;168300;INTARIAN_PEPPER_ROOT;10163;9;10160;17;;;10174;9;10176;17;;;10168.5;12700.0
-2;168400;ASH_COATED_OSMIUM;9997;2;9991;13;;;10007;13;10010;26;;;10002.0;3597.0
-2;168400;INTARIAN_PEPPER_ROOT;10163;11;10160;21;;;10174;11;10177;21;;;10168.5;12700.0
-2;168500;ASH_COATED_OSMIUM;9991;12;;;;;10007;12;10010;22;;;9999.0;3768.0
-2;168500;INTARIAN_PEPPER_ROOT;;;;;;;10174;10;10177;25;;;10174.0;13140.0
-2;168600;ASH_COATED_OSMIUM;9996;4;9991;15;9988;29;10007;15;10009;29;;;10001.5;3625.5
-2;168600;INTARIAN_PEPPER_ROOT;10163;12;;;;;10177;15;;;;;10170.0;12820.0
-2;168700;ASH_COATED_OSMIUM;9996;5;9991;12;;;10009;29;;;;;10002.5;3568.5
-2;168700;INTARIAN_PEPPER_ROOT;10161;20;;;;;10177;20;;;;;10169.0;12740.0
-2;168800;ASH_COATED_OSMIUM;9989;24;;;;;10007;11;10010;24;;;9998.0;3825.0
-2;168800;INTARIAN_PEPPER_ROOT;10163;11;;;;;10174;11;10177;21;;;10168.5;12700.0
-2;168900;ASH_COATED_OSMIUM;9991;10;9989;20;;;10007;10;10010;20;;;9999.0;3768.0
-2;168900;INTARIAN_PEPPER_ROOT;10161;19;;;;;10174;9;;;;;10167.5;12620.0
-2;169000;ASH_COATED_OSMIUM;9991;15;9989;23;;;10010;23;;;;;10000.5;3682.5
-2;169000;INTARIAN_PEPPER_ROOT;10163;9;10161;17;;;10175;9;10177;17;;;10169.0;12740.0
-2;169100;ASH_COATED_OSMIUM;9991;10;;;;;10010;27;;;;;10000.5;3682.5
-2;169100;INTARIAN_PEPPER_ROOT;10164;10;;;;;10175;10;10177;19;;;10169.5;12780.0
-2;169200;ASH_COATED_OSMIUM;9991;11;9988;26;;;10007;11;;;;;9999.0;3768.0
-2;169200;INTARIAN_PEPPER_ROOT;10164;9;10161;22;;;10175;9;;;;;10169.5;12780.0
-2;169300;ASH_COATED_OSMIUM;9991;13;;;;;10007;13;10009;30;;;9999.0;3768.0
-2;169300;INTARIAN_PEPPER_ROOT;10164;12;10161;24;;;10175;12;10177;24;;;10169.5;12780.0
-2;169400;ASH_COATED_OSMIUM;9991;15;;;;;10007;15;10009;25;;;9999.0;3768.0
-2;169400;INTARIAN_PEPPER_ROOT;10164;9;10161;25;;;10175;9;10178;25;;;10169.5;12780.0
-2;169500;ASH_COATED_OSMIUM;9991;11;9988;27;;;10007;11;10009;27;;;9999.0;3768.0
-2;169500;INTARIAN_PEPPER_ROOT;10164;8;;;;;10175;8;10178;21;;;10169.5;12780.0
-2;169600;ASH_COATED_OSMIUM;9991;11;9988;28;;;10009;28;;;;;10000.0;3711.0
-2;169600;INTARIAN_PEPPER_ROOT;10164;11;;;;;10178;25;;;;;10171.0;12900.0
-2;169700;ASH_COATED_OSMIUM;9991;11;;;;;10007;11;;;;;9999.0;3768.0
-2;169700;INTARIAN_PEPPER_ROOT;10164;9;10162;16;;;10175;9;10178;16;;;10169.5;12780.0
-2;169800;ASH_COATED_OSMIUM;9991;14;9988;27;;;10007;14;10009;27;;;9999.0;3768.0
-2;169800;INTARIAN_PEPPER_ROOT;10164;11;10162;22;;;10175;11;10178;22;;;10169.5;12780.0
-2;169900;ASH_COATED_OSMIUM;9991;13;9988;30;;;10009;30;;;;;10000.0;3711.0
-2;169900;INTARIAN_PEPPER_ROOT;10164;8;10162;20;;;10175;8;10178;20;;;10169.5;12780.0
-2;170000;ASH_COATED_OSMIUM;9991;11;9988;30;;;10007;11;10009;30;;;9999.0;3768.0
-2;170000;INTARIAN_PEPPER_ROOT;10162;21;;;;;10176;9;10178;21;;;10169.0;12740.0
-2;170100;ASH_COATED_OSMIUM;10000;6;9991;15;9988;22;;;;;;;10000.0;3711.0
-2;170100;INTARIAN_PEPPER_ROOT;10165;10;10162;15;;;10176;10;10178;15;;;10170.5;12860.0
-2;170200;ASH_COATED_OSMIUM;9991;14;9988;22;;;10007;14;10009;22;;;9999.0;3774.0
-2;170200;INTARIAN_PEPPER_ROOT;10165;8;10162;18;;;10176;8;10178;18;;;10170.5;12860.0
-2;170300;ASH_COATED_OSMIUM;9990;14;9988;23;;;10009;23;;;;;9999.5;3742.5
-2;170300;INTARIAN_PEPPER_ROOT;10165;8;10162;22;;;10176;8;10178;22;;;10170.5;12860.0
-2;170400;ASH_COATED_OSMIUM;9991;10;;;;;10007;10;;;;;9999.0;3774.0
-2;170400;INTARIAN_PEPPER_ROOT;10165;10;10162;24;;;10176;10;10179;24;;;10170.5;12860.0
-2;170500;ASH_COATED_OSMIUM;9991;10;9988;23;;;10007;10;;;;;9999.0;3774.0
-2;170500;INTARIAN_PEPPER_ROOT;10165;8;10162;18;;;;;;;;;10165.0;12420.0
-2;170600;ASH_COATED_OSMIUM;9990;13;9987;28;;;10008;28;;;;;9999.0;3774.0
-2;170600;INTARIAN_PEPPER_ROOT;10165;9;10162;25;;;10176;9;10179;25;;;10170.5;12860.0
-2;170700;ASH_COATED_OSMIUM;9990;11;9987;20;;;10006;11;10008;20;;;9998.0;3837.0
-2;170700;INTARIAN_PEPPER_ROOT;10165;9;10163;18;;;10176;9;10179;18;;;10170.5;12860.0
-2;170800;ASH_COATED_OSMIUM;9988;23;;;;;10007;10;10009;23;;;9997.5;3868.5
-2;170800;INTARIAN_PEPPER_ROOT;10165;8;10163;17;;;10176;8;10179;17;;;10170.5;12860.0
-2;170900;ASH_COATED_OSMIUM;9988;29;;;;;10007;12;10009;29;;;9997.5;3868.5
-2;170900;INTARIAN_PEPPER_ROOT;10165;8;10163;15;;;10176;8;;;;;10170.5;12860.0
-2;171000;ASH_COATED_OSMIUM;9991;10;9989;26;;;10007;10;10010;26;;;9999.0;3774.0
-2;171000;INTARIAN_PEPPER_ROOT;10165;10;10163;17;;;10177;10;;;;;10171.0;12900.0
-2;171100;ASH_COATED_OSMIUM;9992;12;9989;23;;;10008;12;;;;;10000.0;3711.0
-2;171100;INTARIAN_PEPPER_ROOT;;;;;;;10177;10;10179;16;;;10177.0;13380.0
-2;171200;ASH_COATED_OSMIUM;9992;12;9989;23;;;10001;2;10008;12;10010;23;9996.5;3931.5
-2;171200;INTARIAN_PEPPER_ROOT;10166;12;10163;25;;;10177;12;;;;;10171.5;12940.0
-2;171300;ASH_COATED_OSMIUM;10001;8;9992;15;9989;28;10008;15;10010;28;;;10004.5;3399.5
-2;171300;INTARIAN_PEPPER_ROOT;10166;11;10163;21;;;10177;11;10179;21;;;10171.5;12940.0
-2;171400;ASH_COATED_OSMIUM;9992;10;;;;;10008;10;;;;;10000.0;3719.0
-2;171400;INTARIAN_PEPPER_ROOT;10166;10;10163;24;;;10177;10;10180;24;;;10171.5;12940.0
-2;171500;ASH_COATED_OSMIUM;;;;;;;10011;30;;;;;10011.0;2938.0
-2;171500;INTARIAN_PEPPER_ROOT;10166;12;10163;25;;;10180;25;;;;;10173.0;13060.0
-2;171600;ASH_COATED_OSMIUM;9992;15;;;;;10008;15;10011;23;;;10000.0;3719.0
-2;171600;INTARIAN_PEPPER_ROOT;10166;11;10163;18;;;10177;11;;;;;10171.5;12940.0
-2;171700;ASH_COATED_OSMIUM;9992;10;9990;27;;;10008;10;10011;27;;;10000.0;3719.0
-2;171700;INTARIAN_PEPPER_ROOT;10166;10;;;;;10180;20;;;;;10173.0;13060.0
-2;171800;ASH_COATED_OSMIUM;9992;11;;;;;10010;28;;;;;10001.0;3648.0
-2;171800;INTARIAN_PEPPER_ROOT;10166;12;10164;22;;;10180;22;;;;;10173.0;13060.0
-2;171900;ASH_COATED_OSMIUM;9992;12;;;;;10002;3;10011;23;;;9997.0;3932.0
-2;171900;INTARIAN_PEPPER_ROOT;10166;11;10164;22;;;10177;11;10180;22;;;10171.5;12940.0
-2;172000;ASH_COATED_OSMIUM;9992;15;9989;20;;;10008;15;10010;20;;;10000.0;3719.0
-2;172000;INTARIAN_PEPPER_ROOT;10166;8;;;;;10178;8;;;;;10172.0;12980.0
-2;172100;ASH_COATED_OSMIUM;9991;10;9989;30;;;10001;5;10007;10;10010;30;9996.0;4003.0
-2;172100;INTARIAN_PEPPER_ROOT;;;;;;;10178;8;10180;16;;;10178.0;13460.0
-2;172200;ASH_COATED_OSMIUM;9991;14;9988;29;;;10007;14;10009;29;;;9999.0;3790.0
-2;172200;INTARIAN_PEPPER_ROOT;10167;8;10164;25;;;10180;25;;;;;10173.5;13100.0
-2;172300;ASH_COATED_OSMIUM;9991;10;9989;25;;;10007;10;10010;25;;;9999.0;3790.0
-2;172300;INTARIAN_PEPPER_ROOT;10164;20;;;;;10178;9;10180;20;;;10171.0;12900.0
-2;172400;ASH_COATED_OSMIUM;9992;13;9989;23;;;10008;13;10010;23;;;10000.0;3719.0
-2;172400;INTARIAN_PEPPER_ROOT;10167;8;10164;25;;;10178;8;10181;25;;;10172.5;13020.0
-2;172500;ASH_COATED_OSMIUM;9997;2;;;;;10007;12;10010;21;;;10002.0;3577.0
-2;172500;INTARIAN_PEPPER_ROOT;10167;8;10164;23;;;10178;8;10181;23;;;10172.5;13020.0
-2;172600;ASH_COATED_OSMIUM;9991;14;9989;29;;;10007;14;10010;29;;;9999.0;3790.0
-2;172600;INTARIAN_PEPPER_ROOT;10167;9;10164;24;;;10178;9;;;;;10172.5;13020.0
-2;172700;ASH_COATED_OSMIUM;9989;25;;;;;10007;14;10010;25;;;9998.0;3861.0
-2;172700;INTARIAN_PEPPER_ROOT;10167;8;10165;15;;;10178;8;10181;15;;;10172.5;13020.0
-2;172800;ASH_COATED_OSMIUM;9991;14;9988;23;;;10000;4;10007;14;10009;23;9995.5;4038.5
-2;172800;INTARIAN_PEPPER_ROOT;10167;8;10165;17;;;10178;8;10181;17;;;10172.5;13020.0
-2;172900;ASH_COATED_OSMIUM;9990;15;;;;;10006;15;10009;28;;;9998.0;3861.0
-2;172900;INTARIAN_PEPPER_ROOT;10167;9;10165;16;;;10178;9;10181;16;;;10172.5;13020.0
-2;173000;ASH_COATED_OSMIUM;9988;26;;;;;10006;12;10009;26;;;9997.0;3932.0
-2;173000;INTARIAN_PEPPER_ROOT;;;;;;;10179;11;;;;;10179.0;13540.0
-2;173100;ASH_COATED_OSMIUM;9990;11;9988;24;;;10006;11;10009;24;;;9998.0;3861.0
-2;173100;INTARIAN_PEPPER_ROOT;10168;11;10165;19;;;10179;11;;;;;10173.5;13100.0
-2;173200;ASH_COATED_OSMIUM;9991;10;9988;25;;;10007;10;;;;;9999.0;3790.0
-2;173200;INTARIAN_PEPPER_ROOT;10168;12;10165;19;;;10181;19;;;;;10174.5;13180.0
-2;173300;ASH_COATED_OSMIUM;9991;12;;;;;10007;12;10009;26;;;9999.0;3790.0
-2;173300;INTARIAN_PEPPER_ROOT;10168;11;10165;16;;;10179;11;10181;16;;;10173.5;13100.0
-2;173400;ASH_COATED_OSMIUM;9991;11;9989;28;;;10001;4;10007;11;10010;28;9996.0;4003.0
-2;173400;INTARIAN_PEPPER_ROOT;10165;18;;;;;10179;12;10182;18;;;10172.0;12980.0
-2;173500;ASH_COATED_OSMIUM;10001;10;9991;13;9989;21;10010;21;;;;;10005.5;3288.0
-2;173500;INTARIAN_PEPPER_ROOT;10168;12;10165;20;;;10179;12;10182;20;;;10173.5;13100.0
-2;173600;ASH_COATED_OSMIUM;9992;13;9989;24;;;10008;13;;;;;10000.0;3763.0
-2;173600;INTARIAN_PEPPER_ROOT;10168;11;10165;23;;;10179;11;;;;;10173.5;13100.0
-2;173700;ASH_COATED_OSMIUM;;;;;;;;;;;;;0.0;753763.0
-2;173700;INTARIAN_PEPPER_ROOT;10168;12;10166;18;;;10182;18;;;;;10175.0;13220.0
-2;173800;ASH_COATED_OSMIUM;9989;21;;;;;10008;15;10010;21;;;9998.5;3875.5
-2;173800;INTARIAN_PEPPER_ROOT;10168;11;;;;;10179;11;;;;;10173.5;13100.0
-2;173900;ASH_COATED_OSMIUM;9992;12;9989;22;;;10008;12;10010;22;;;10000.0;3763.0
-2;173900;INTARIAN_PEPPER_ROOT;10168;9;10166;15;;;;;;;;;10168.0;12660.0
-2;174000;ASH_COATED_OSMIUM;9991;10;9989;27;;;10007;10;10010;27;;;9999.0;3838.0
-2;174000;INTARIAN_PEPPER_ROOT;10168;9;10166;25;;;10180;9;10182;25;;;10174.0;13140.0
-2;174100;ASH_COATED_OSMIUM;9991;14;;;;;10007;14;;;;;9999.0;3838.0
-2;174100;INTARIAN_PEPPER_ROOT;10169;9;10166;20;;;10180;9;10182;20;;;10174.5;13180.0
-2;174200;ASH_COATED_OSMIUM;9991;14;;;;;10007;14;10010;28;;;9999.0;3859.0
-2;174200;INTARIAN_PEPPER_ROOT;10166;21;;;;;10171;5;10180;9;10182;21;10168.5;12700.0
-2;174300;ASH_COATED_OSMIUM;9992;10;9989;25;;;10008;10;10010;25;;;10000.0;3781.0
-2;174300;INTARIAN_PEPPER_ROOT;10169;9;10166;21;;;10180;9;10182;21;;;10174.5;13180.0
-2;174400;ASH_COATED_OSMIUM;9992;11;;;;;10008;11;10010;27;;;10000.0;3781.0
-2;174400;INTARIAN_PEPPER_ROOT;10169;12;10166;20;;;10180;12;10183;20;;;10174.5;13180.0
-2;174500;ASH_COATED_OSMIUM;9992;14;9989;30;;;10008;14;10010;30;;;10000.0;3781.0
-2;174500;INTARIAN_PEPPER_ROOT;10166;25;;;;;10180;12;10183;25;;;10173.0;13060.0
-2;174600;ASH_COATED_OSMIUM;9990;27;;;;;10008;10;10011;27;;;9999.0;3859.0
-2;174600;INTARIAN_PEPPER_ROOT;10169;10;;;;;10180;10;10183;21;;;10174.5;13180.0
-2;174700;ASH_COATED_OSMIUM;9993;10;9990;27;;;10009;10;10011;27;;;10001.0;3703.0
-2;174700;INTARIAN_PEPPER_ROOT;10167;18;;;;;10183;18;;;;;10175.0;13220.0
-2;174800;ASH_COATED_OSMIUM;9993;11;9990;28;;;10011;28;;;;;10002.0;3625.0
-2;174800;INTARIAN_PEPPER_ROOT;10169;8;10167;21;;;10180;8;10183;21;;;10174.5;13180.0
-2;174900;ASH_COATED_OSMIUM;9992;12;9990;28;;;10008;12;10011;28;;;10000.0;3781.0
-2;174900;INTARIAN_PEPPER_ROOT;10169;9;10167;25;;;10180;9;10183;25;;;10174.5;13180.0
-2;175000;ASH_COATED_OSMIUM;9998;5;9992;14;;;10008;14;10011;28;;;10003.0;3559.0
-2;175000;INTARIAN_PEPPER_ROOT;10169;11;10167;19;;;10181;11;10183;19;;;10175.0;13220.0
-2;175100;ASH_COATED_OSMIUM;9993;13;;;;;9998;8;10011;25;;;9995.5;4101.5
-2;175100;INTARIAN_PEPPER_ROOT;10170;11;10167;24;;;10181;11;10183;24;;;10175.5;13260.0
-2;175200;ASH_COATED_OSMIUM;9992;11;9990;25;;;10008;11;10011;25;;;10000.0;3800.0
-2;175200;INTARIAN_PEPPER_ROOT;10170;9;;;;;10181;9;10183;20;;;10175.5;13260.0
-2;175300;ASH_COATED_OSMIUM;9993;14;9990;28;;;10009;14;;;;;10001.0;3733.0
-2;175300;INTARIAN_PEPPER_ROOT;;;;;;;10183;24;;;;;10183.0;13860.0
-2;175400;ASH_COATED_OSMIUM;9993;14;9990;26;;;10011;26;;;;;10002.0;3698.0
-2;175400;INTARIAN_PEPPER_ROOT;10170;8;10167;17;;;10181;8;10184;17;;;10175.5;13260.0
-2;175500;ASH_COATED_OSMIUM;9993;15;9990;22;;;10009;15;10011;22;;;10001.0;3769.0
-2;175500;INTARIAN_PEPPER_ROOT;10167;23;;;;;10181;11;10184;23;;;10174.0;13140.0
-2;175600;ASH_COATED_OSMIUM;9990;24;;;;;10009;13;10011;24;;;9999.5;3875.5
-2;175600;INTARIAN_PEPPER_ROOT;10170;10;10167;18;;;10181;10;10184;18;;;10175.5;13260.0
-2;175700;ASH_COATED_OSMIUM;;;;;;;10011;22;;;;;10011.0;3059.0
-2;175700;INTARIAN_PEPPER_ROOT;10170;9;10168;16;;;10181;9;10184;16;;;10175.5;13260.0
-2;175800;ASH_COATED_OSMIUM;9993;12;9991;23;;;10003;4;10009;12;10012;23;9998.0;3982.0
-2;175800;INTARIAN_PEPPER_ROOT;10168;17;;;;;10181;9;10184;17;;;10174.5;13180.0
-2;175900;ASH_COATED_OSMIUM;9992;11;9990;21;;;10008;11;10011;21;;;10000.0;3840.0
-2;175900;INTARIAN_PEPPER_ROOT;10170;10;10168;25;;;10181;10;10184;25;;;10175.5;13260.0
-2;176000;ASH_COATED_OSMIUM;9992;15;9990;24;;;10008;15;;;;;10000.0;3840.0
-2;176000;INTARIAN_PEPPER_ROOT;10170;12;10168;19;;;10182;12;10184;19;;;10176.0;13300.0
-2;176100;ASH_COATED_OSMIUM;9992;11;9990;26;;;10008;11;10011;26;;;10000.0;3840.0
-2;176100;INTARIAN_PEPPER_ROOT;10171;9;10168;22;;;10182;9;;;;;10176.5;13340.0
-2;176200;ASH_COATED_OSMIUM;9993;10;9990;22;;;10009;10;10011;22;;;10001.0;3769.0
-2;176200;INTARIAN_PEPPER_ROOT;10171;8;10168;22;;;10182;8;10184;22;;;10176.5;13340.0
-2;176300;ASH_COATED_OSMIUM;9992;12;;;;;10002;5;10008;12;10011;21;9997.0;4053.0
-2;176300;INTARIAN_PEPPER_ROOT;10171;11;;;;;;;;;;;10171.0;12900.0
-2;176400;ASH_COATED_OSMIUM;9992;13;9989;27;;;10010;27;;;;;10001.0;3769.0
-2;176400;INTARIAN_PEPPER_ROOT;10168;15;;;;;10182;12;10185;15;;;10175.0;13220.0
-2;176500;ASH_COATED_OSMIUM;9992;10;9989;22;;;10008;10;;;;;10000.0;3840.0
-2;176500;INTARIAN_PEPPER_ROOT;10171;11;10168;17;;;10182;11;10185;17;;;10176.5;13340.0
-2;176600;ASH_COATED_OSMIUM;9989;30;;;;;10007;13;10010;30;;;9998.0;3982.0
-2;176600;INTARIAN_PEPPER_ROOT;10171;10;10168;20;;;10185;20;;;;;10178.0;13460.0
-2;176700;ASH_COATED_OSMIUM;9991;15;;;;;10007;15;;;;;9999.0;3911.0
-2;176700;INTARIAN_PEPPER_ROOT;10169;18;;;;;10185;18;;;;;10177.0;13380.0
-2;176800;ASH_COATED_OSMIUM;9997;5;9989;27;;;10007;14;10010;27;;;10002.0;3698.0
-2;176800;INTARIAN_PEPPER_ROOT;10171;11;;;;;10182;11;10185;24;;;10176.5;13340.0
-2;176900;ASH_COATED_OSMIUM;9991;15;9988;23;;;10007;15;;;;;9999.0;3911.0
-2;176900;INTARIAN_PEPPER_ROOT;10174;6;10171;10;;;10182;10;10185;22;;;10178.0;13460.0
-2;177000;ASH_COATED_OSMIUM;9991;10;;;;;10007;10;10010;21;;;9999.0;3911.0
-2;177000;INTARIAN_PEPPER_ROOT;10171;9;10169;24;;;;;;;;;10171.0;12900.0
-2;177100;ASH_COATED_OSMIUM;9989;30;;;;;10010;30;;;;;9999.5;3875.5
-2;177100;INTARIAN_PEPPER_ROOT;;;;;;;10183;8;10185;17;;;10183.0;13860.0
-2;177200;ASH_COATED_OSMIUM;9988;20;;;;;10009;20;;;;;9998.5;3946.5
-2;177200;INTARIAN_PEPPER_ROOT;10169;24;;;;;10185;24;;;;;10177.0;13380.0
-2;177300;ASH_COATED_OSMIUM;9991;12;9989;29;;;10010;29;;;;;10000.5;3804.5
-2;177300;INTARIAN_PEPPER_ROOT;10169;22;;;;;10183;8;10185;22;;;10176.0;13300.0
-2;177400;ASH_COATED_OSMIUM;9992;12;9989;22;;;10008;12;10010;22;;;10000.0;3840.0
-2;177400;INTARIAN_PEPPER_ROOT;10169;25;;;;;10183;8;10186;25;;;10176.0;13300.0
-2;177500;ASH_COATED_OSMIUM;9989;27;;;;;10010;27;;;;;9999.5;3875.5
-2;177500;INTARIAN_PEPPER_ROOT;10169;15;;;;;10183;11;10186;15;;;10176.0;13300.0
-2;177600;ASH_COATED_OSMIUM;9992;14;9989;22;;;10010;22;;;;;10001.0;3769.0
-2;177600;INTARIAN_PEPPER_ROOT;10172;10;10169;17;;;10183;10;10186;17;;;10177.5;13420.0
-2;177700;ASH_COATED_OSMIUM;9992;13;;;;;10008;13;10011;23;;;10000.0;3840.0
-2;177700;INTARIAN_PEPPER_ROOT;10172;10;10170;17;;;10183;10;10186;17;;;10177.5;13420.0
-2;177800;ASH_COATED_OSMIUM;9992;12;9990;20;;;10008;12;10011;20;;;10000.0;3840.0
-2;177800;INTARIAN_PEPPER_ROOT;10172;12;10170;15;;;10183;12;;;;;10177.5;13420.0
-2;177900;ASH_COATED_OSMIUM;9993;12;;;;;10009;12;10011;29;;;10001.0;3769.0
-2;177900;INTARIAN_PEPPER_ROOT;;;;;;;10183;10;10186;23;;;10183.0;13860.0
-2;178000;ASH_COATED_OSMIUM;9993;12;9990;24;;;10011;24;;;;;10002.0;3698.0
-2;178000;INTARIAN_PEPPER_ROOT;10172;10;10170;21;;;10186;21;;;;;10179.0;13540.0
-2;178100;ASH_COATED_OSMIUM;9993;13;9990;22;;;10009;13;;;;;10001.0;3769.0
-2;178100;INTARIAN_PEPPER_ROOT;;;;;;;10184;12;10186;19;;;10184.0;13940.0
-2;178200;ASH_COATED_OSMIUM;9993;13;9990;25;;;10009;13;10011;25;;;10001.0;3769.0
-2;178200;INTARIAN_PEPPER_ROOT;10170;23;;;;;10184;10;10186;23;;;10177.0;13380.0
-2;178300;ASH_COATED_OSMIUM;9991;26;;;;;10009;14;10012;26;;;10000.0;3840.0
-2;178300;INTARIAN_PEPPER_ROOT;10173;10;10170;15;;;10186;15;;;;;10179.5;13580.0
-2;178400;ASH_COATED_OSMIUM;9993;13;9990;23;;;10009;13;10011;23;;;10001.0;3769.0
-2;178400;INTARIAN_PEPPER_ROOT;10173;8;10170;17;;;10184;8;10187;17;;;10178.5;13500.0
-2;178500;ASH_COATED_OSMIUM;;;;;;;10009;11;10012;22;;;10009.0;3201.0
-2;178500;INTARIAN_PEPPER_ROOT;10173;12;10170;23;;;10184;12;10187;23;;;10178.5;13500.0
-2;178600;ASH_COATED_OSMIUM;;;;;;;10009;10;10012;22;;;10009.0;3201.0
-2;178600;INTARIAN_PEPPER_ROOT;10170;21;;;;;10175;4;10184;10;10187;21;10172.5;13020.0
-2;178700;ASH_COATED_OSMIUM;9993;14;;;;;10009;14;10012;20;;;10001.0;3769.0
-2;178700;INTARIAN_PEPPER_ROOT;10171;18;;;;;10184;12;10187;18;;;10177.5;13420.0
-2;178800;ASH_COATED_OSMIUM;9991;25;;;;;10012;25;;;;;10001.5;3733.5
-2;178800;INTARIAN_PEPPER_ROOT;10173;10;;;;;10184;10;;;;;10178.5;13500.0
-2;178900;ASH_COATED_OSMIUM;9993;11;;;;;10009;11;;;;;10001.0;3769.0
-2;178900;INTARIAN_PEPPER_ROOT;10173;11;10171;16;;;10184;11;10187;16;;;10178.5;13500.0
-2;179000;ASH_COATED_OSMIUM;9993;14;9991;28;;;10009;14;10012;28;;;10001.0;3769.0
-2;179000;INTARIAN_PEPPER_ROOT;10173;10;10171;25;;;10185;10;10187;25;;;10179.0;13540.0
-2;179100;ASH_COATED_OSMIUM;9993;10;9991;29;;;10009;10;10012;29;;;10001.0;3769.0
-2;179100;INTARIAN_PEPPER_ROOT;10174;11;10171;15;;;10185;11;10187;15;;;10179.5;13580.0
-2;179200;ASH_COATED_OSMIUM;9993;10;9991;22;;;10009;10;10012;22;;;10001.0;3769.0
-2;179200;INTARIAN_PEPPER_ROOT;10171;23;;;;;10185;11;10187;23;;;10178.0;13460.0
-2;179300;ASH_COATED_OSMIUM;9993;13;;;;;10009;13;10011;23;;;10001.0;3769.0
-2;179300;INTARIAN_PEPPER_ROOT;10174;10;10171;22;;;10185;10;;;;;10179.5;13580.0
-2;179400;ASH_COATED_OSMIUM;9993;11;;;;;10009;11;10012;20;;;10001.0;3769.0
-2;179400;INTARIAN_PEPPER_ROOT;10174;12;10171;19;;;;;;;;;10174.0;13140.0
-2;179500;ASH_COATED_OSMIUM;9993;11;9991;23;;;10009;11;;;;;10001.0;3769.0
-2;179500;INTARIAN_PEPPER_ROOT;10174;10;10171;22;;;10185;10;10188;22;;;10179.5;13580.0
-2;179600;ASH_COATED_OSMIUM;9993;14;9991;21;;;10009;14;10012;21;;;10001.0;3832.0
-2;179600;INTARIAN_PEPPER_ROOT;10174;11;10171;23;;;10185;11;10188;23;;;10179.5;13580.0
-2;179700;ASH_COATED_OSMIUM;9993;14;;;;;10009;14;10012;30;;;10001.0;3832.0
-2;179700;INTARIAN_PEPPER_ROOT;10172;21;;;;;10185;8;;;;;10178.5;13500.0
-2;179800;ASH_COATED_OSMIUM;9993;12;9991;24;;;10009;12;;;;;10001.0;3832.0
-2;179800;INTARIAN_PEPPER_ROOT;10174;11;;;;;10185;11;10188;21;;;10179.5;13580.0
-2;179900;ASH_COATED_OSMIUM;9993;10;9990;30;;;10009;10;10011;30;;;10001.0;3832.0
-2;179900;INTARIAN_PEPPER_ROOT;10172;21;;;;;10185;9;;;;;10178.5;13500.0
-2;180000;ASH_COATED_OSMIUM;9993;10;9990;21;;;10002;5;;;;;9997.5;4112.0
-2;180000;INTARIAN_PEPPER_ROOT;10174;10;10172;24;;;10188;24;;;;;10181.0;13700.0
-2;180100;ASH_COATED_OSMIUM;9993;10;9991;25;;;10009;10;;;;;10001.0;3832.0
-2;180100;INTARIAN_PEPPER_ROOT;10175;11;10172;19;;;10186;11;10188;19;;;10180.5;13660.0
-2;180200;ASH_COATED_OSMIUM;9990;24;;;;;10009;15;10011;24;;;9999.5;3952.0
-2;180200;INTARIAN_PEPPER_ROOT;10175;8;10172;24;;;10186;8;;;;;10180.5;13660.0
-2;180300;ASH_COATED_OSMIUM;9991;27;;;;;10009;15;;;;;10000.0;3912.0
-2;180300;INTARIAN_PEPPER_ROOT;10175;12;10172;24;;;10186;12;10188;24;;;10180.5;13660.0
-2;180400;ASH_COATED_OSMIUM;9993;15;9991;21;;;10012;21;;;;;10002.5;3712.0
-2;180400;INTARIAN_PEPPER_ROOT;10172;16;;;;;10186;9;10189;16;;;10179.0;13540.0
-2;180500;ASH_COATED_OSMIUM;9993;11;9991;21;;;10009;11;;;;;10001.0;3832.0
-2;180500;INTARIAN_PEPPER_ROOT;10175;12;;;;;10189;18;;;;;10182.0;13780.0
-2;180600;ASH_COATED_OSMIUM;9994;13;9991;25;;;10010;13;10012;25;;;10002.0;3752.0
-2;180600;INTARIAN_PEPPER_ROOT;10175;9;10172;17;;;10186;9;10189;17;;;10180.5;13660.0
-2;180700;ASH_COATED_OSMIUM;9994;13;9991;25;;;10010;13;10012;25;;;10002.0;3752.0
-2;180700;INTARIAN_PEPPER_ROOT;10175;9;10173;21;;;10186;9;10189;21;;;10180.5;13660.0
-2;180800;ASH_COATED_OSMIUM;9993;11;;;;;10009;11;;;;;10001.0;3832.0
-2;180800;INTARIAN_PEPPER_ROOT;10175;10;10173;21;;;10186;10;;;;;10180.5;13660.0
-2;180900;ASH_COATED_OSMIUM;9994;15;9991;21;;;10010;15;10012;21;;;10002.0;3752.0
-2;180900;INTARIAN_PEPPER_ROOT;10175;9;;;;;;;;;;;10175.0;13220.0
-2;181000;ASH_COATED_OSMIUM;;;;;;;10009;14;10012;27;;;10009.0;3192.0
-2;181000;INTARIAN_PEPPER_ROOT;10173;16;;;;;10189;16;;;;;10181.0;13700.0
-2;181100;ASH_COATED_OSMIUM;9993;10;;;;;10009;10;10012;27;;;10001.0;3832.0
-2;181100;INTARIAN_PEPPER_ROOT;10176;8;10173;21;;;10187;8;10189;21;;;10181.5;13740.0
-2;181200;ASH_COATED_OSMIUM;9990;25;;;;;10009;13;10011;25;;;9999.5;3952.0
-2;181200;INTARIAN_PEPPER_ROOT;10176;9;10173;20;;;10189;20;;;;;10182.5;13820.0
-2;181300;ASH_COATED_OSMIUM;9993;10;9990;28;;;10011;28;;;;;10002.0;3752.0
-2;181300;INTARIAN_PEPPER_ROOT;10176;9;10173;19;;;10187;9;;;;;10181.5;13740.0
-2;181400;ASH_COATED_OSMIUM;9992;12;9990;25;;;10008;12;10011;25;;;10000.0;3912.0
-2;181400;INTARIAN_PEPPER_ROOT;10176;9;;;;;10187;9;;;;;10181.5;13740.0
-2;181500;ASH_COATED_OSMIUM;9992;11;9989;29;;;10010;29;;;;;10001.0;3832.0
-2;181500;INTARIAN_PEPPER_ROOT;10173;19;;;;;10187;10;10190;19;;;10180.0;13620.0
-2;181600;ASH_COATED_OSMIUM;9991;12;9989;27;;;10007;12;10010;27;;;9999.0;3992.0
-2;181600;INTARIAN_PEPPER_ROOT;10176;10;10173;25;;;10187;10;10190;25;;;10181.5;13740.0
-2;181700;ASH_COATED_OSMIUM;9992;14;9989;26;;;10001;3;10008;14;10010;26;9996.5;4192.0
-2;181700;INTARIAN_PEPPER_ROOT;10176;11;10174;17;;;10187;11;10190;17;;;10181.5;13740.0
-2;181800;ASH_COATED_OSMIUM;9998;2;9992;10;;;10008;10;10011;27;;;10003.0;3672.0
-2;181800;INTARIAN_PEPPER_ROOT;10176;10;10174;25;;;10187;10;10190;25;;;10181.5;13740.0
-2;181900;ASH_COATED_OSMIUM;9992;14;;;;;10008;14;10011;22;;;10000.0;3912.0
-2;181900;INTARIAN_PEPPER_ROOT;10176;10;;;;;10187;10;10190;20;;;10181.5;13740.0
-2;182000;ASH_COATED_OSMIUM;9990;23;;;;;10009;15;;;;;9999.5;3952.0
-2;182000;INTARIAN_PEPPER_ROOT;10176;10;;;;;;;;;;;10176.0;13300.0
-2;182100;ASH_COATED_OSMIUM;9992;10;9990;29;;;10008;10;;;;;10000.0;3912.0
-2;182100;INTARIAN_PEPPER_ROOT;10177;11;10174;19;;;10188;11;10190;19;;;10182.5;13820.0
-2;182200;ASH_COATED_OSMIUM;9993;10;9990;23;;;10009;10;10011;23;;;10001.0;3832.0
-2;182200;INTARIAN_PEPPER_ROOT;10174;22;;;;;10188;10;10190;22;;;10181.0;13700.0
-2;182300;ASH_COATED_OSMIUM;9993;12;;;;;10009;12;10012;27;;;10001.0;3832.0
-2;182300;INTARIAN_PEPPER_ROOT;10177;8;10174;18;;;10188;8;;;;;10182.5;13820.0
-2;182400;ASH_COATED_OSMIUM;9993;14;9991;25;;;10012;25;;;;;10002.5;3712.0
-2;182400;INTARIAN_PEPPER_ROOT;10177;10;10174;18;;;10191;18;;;;;10184.0;13940.0
-2;182500;ASH_COATED_OSMIUM;9991;30;;;;;10010;11;10012;30;;;10000.5;3872.0
-2;182500;INTARIAN_PEPPER_ROOT;10177;8;10174;19;;;10188;8;10191;19;;;10182.5;13820.0
-2;182600;ASH_COATED_OSMIUM;9993;12;9991;25;;;10009;12;10012;25;;;10001.0;3832.0
-2;182600;INTARIAN_PEPPER_ROOT;10177;10;10174;25;;;10191;25;;;;;10184.0;13940.0
-2;182700;ASH_COATED_OSMIUM;9994;15;9991;25;;;10012;25;;;;;10003.0;3672.0
-2;182700;INTARIAN_PEPPER_ROOT;10177;12;10175;24;;;10188;12;10191;24;;;10182.5;13820.0
-2;182800;ASH_COATED_OSMIUM;9993;14;9991;24;;;10009;14;10012;24;;;10001.0;3832.0
-2;182800;INTARIAN_PEPPER_ROOT;10177;9;10175;17;;;10191;17;;;;;10184.0;13940.0
-2;182900;ASH_COATED_OSMIUM;9993;14;9991;28;;;10009;14;;;;;10001.0;3832.0
-2;182900;INTARIAN_PEPPER_ROOT;10175;21;;;;;10188;12;10191;21;;;10181.5;13740.0
-2;183000;ASH_COATED_OSMIUM;9993;15;9991;20;;;10009;15;10012;20;;;10001.0;3832.0
-2;183000;INTARIAN_PEPPER_ROOT;10177;11;10175;24;;;10191;24;;;;;10184.0;13940.0
-2;183100;ASH_COATED_OSMIUM;9993;13;9991;25;;;10009;13;10012;25;;;10001.0;3832.0
-2;183100;INTARIAN_PEPPER_ROOT;10178;12;10175;19;;;10189;12;10191;19;;;10183.5;13900.0
-2;183200;ASH_COATED_OSMIUM;9993;15;;;;;10012;21;;;;;10002.5;3712.0
-2;183200;INTARIAN_PEPPER_ROOT;10178;11;10175;19;;;10189;11;;;;;10183.5;13900.0
-2;183300;ASH_COATED_OSMIUM;9994;11;9991;28;;;10010;11;10012;28;;;10002.0;3752.0
-2;183300;INTARIAN_PEPPER_ROOT;10181;12;10178;9;10175;20;10189;9;10191;20;;;10185.0;14020.0
-2;183400;ASH_COATED_OSMIUM;9994;12;9991;28;;;10010;12;10012;28;;;10002.0;3752.0
-2;183400;INTARIAN_PEPPER_ROOT;10178;12;;;;;10189;12;;;;;10183.5;13900.0
-2;183500;ASH_COATED_OSMIUM;9994;12;9992;27;;;10010;12;10013;27;;;10002.0;3752.0
-2;183500;INTARIAN_PEPPER_ROOT;10178;9;10175;19;;;10189;9;10192;19;;;10183.5;13900.0
-2;183600;ASH_COATED_OSMIUM;9994;14;9991;22;;;10010;14;10012;22;;;10002.0;3752.0
-2;183600;INTARIAN_PEPPER_ROOT;10178;10;;;;;10192;23;;;;;10185.0;14020.0
-2;183700;ASH_COATED_OSMIUM;9994;12;9992;29;;;10010;12;10013;29;;;10002.0;3752.0
-2;183700;INTARIAN_PEPPER_ROOT;10176;19;;;;;10189;11;;;;;10182.5;13820.0
-2;183800;ASH_COATED_OSMIUM;9994;14;9991;20;;;10010;14;10012;20;;;10002.0;3752.0
-2;183800;INTARIAN_PEPPER_ROOT;10178;10;10176;17;;;10189;10;10192;17;;;10183.5;13900.0
-2;183900;ASH_COATED_OSMIUM;9994;14;;;;;10010;14;10013;25;;;10002.0;3752.0
-2;183900;INTARIAN_PEPPER_ROOT;10178;12;10176;15;;;10189;12;10192;15;;;10183.5;13900.0
-2;184000;ASH_COATED_OSMIUM;;;;;;;10012;21;;;;;10012.0;2952.0
-2;184000;INTARIAN_PEPPER_ROOT;10178;12;;;;;10190;12;10192;18;;;10184.0;13940.0
-2;184100;ASH_COATED_OSMIUM;9994;12;9992;25;;;10010;12;;;;;10002.0;3752.0
-2;184100;INTARIAN_PEPPER_ROOT;10179;12;;;;;10190;12;10192;16;;;10184.5;13980.0
-2;184200;ASH_COATED_OSMIUM;9994;11;9992;23;;;10010;11;10013;23;;;10002.0;3752.0
-2;184200;INTARIAN_PEPPER_ROOT;10179;9;10176;15;;;10192;15;;;;;10185.5;14060.0
-2;184300;ASH_COATED_OSMIUM;9991;24;;;;;10010;13;;;;;10000.5;3872.0
-2;184300;INTARIAN_PEPPER_ROOT;10179;9;10176;19;;;10190;9;10192;19;;;10184.5;13980.0
-2;184400;ASH_COATED_OSMIUM;9994;13;;;;;10010;13;10012;28;;;10002.0;3752.0
-2;184400;INTARIAN_PEPPER_ROOT;10179;9;;;;;10190;9;10193;25;;;10184.5;13980.0
-2;184500;ASH_COATED_OSMIUM;9994;15;;;;;10012;26;;;;;10003.0;3672.0
-2;184500;INTARIAN_PEPPER_ROOT;10179;12;;;;;10190;12;10193;24;;;10184.5;13980.0
-2;184600;ASH_COATED_OSMIUM;9993;11;9991;25;;;;;;;;;9993.0;4472.0
-2;184600;INTARIAN_PEPPER_ROOT;10176;17;;;;;10190;10;;;;;10183.0;13860.0
-2;184700;ASH_COATED_OSMIUM;9993;10;9991;23;;;10009;10;;;;;10001.0;3832.0
-2;184700;INTARIAN_PEPPER_ROOT;10179;9;10177;19;;;;;;;;;10179.0;13540.0
-2;184800;ASH_COATED_OSMIUM;9993;10;;;;;10009;10;10012;23;;;10001.0;3846.0
-2;184800;INTARIAN_PEPPER_ROOT;10179;9;10177;16;;;10190;9;10193;16;;;10184.5;13980.0
-2;184900;ASH_COATED_OSMIUM;9993;15;9991;27;;;10012;27;;;;;10002.5;3729.0
-2;184900;INTARIAN_PEPPER_ROOT;10177;21;;;;;10190;11;;;;;10183.5;13900.0
-2;185000;ASH_COATED_OSMIUM;9993;12;9990;29;;;10009;12;10011;29;;;10001.0;3846.0
-2;185000;INTARIAN_PEPPER_ROOT;;;;;;;10191;12;10193;15;;;10191.0;14500.0
-2;185100;ASH_COATED_OSMIUM;9993;15;9990;21;;;10009;15;10011;21;;;10001.0;3846.0
-2;185100;INTARIAN_PEPPER_ROOT;10180;10;10177;16;;;10191;10;10193;16;;;10185.5;14060.0
-2;185200;ASH_COATED_OSMIUM;9990;30;;;;;10009;13;;;;;9999.5;3963.0
-2;185200;INTARIAN_PEPPER_ROOT;10180;9;10177;24;;;10191;9;10193;24;;;10185.5;14060.0
-2;185300;ASH_COATED_OSMIUM;9992;14;9989;23;;;10008;14;10010;23;;;10000.0;3924.0
-2;185300;INTARIAN_PEPPER_ROOT;10180;11;10177;24;;;10191;11;10193;24;;;10185.5;14060.0
-2;185400;ASH_COATED_OSMIUM;9993;13;;;;;10009;13;10011;20;;;10001.0;3846.0
-2;185400;INTARIAN_PEPPER_ROOT;10177;15;;;;;10191;8;10194;15;;;10184.0;13940.0
-2;185500;ASH_COATED_OSMIUM;9993;13;9990;28;;;10009;13;10011;28;;;10001.0;3846.0
-2;185500;INTARIAN_PEPPER_ROOT;10180;10;10177;24;;;10191;10;10194;24;;;10185.5;14060.0
-2;185600;ASH_COATED_OSMIUM;;;;;;;10009;10;10011;28;;;10009.0;3222.0
-2;185600;INTARIAN_PEPPER_ROOT;10180;8;10177;16;;;10191;8;10194;16;;;10185.5;14060.0
-2;185700;ASH_COATED_OSMIUM;9993;10;9990;24;;;10009;10;;;;;10001.0;3846.0
-2;185700;INTARIAN_PEPPER_ROOT;10180;9;;;;;10191;9;10194;15;;;10185.5;14060.0
-2;185800;ASH_COATED_OSMIUM;9993;13;9991;29;;;10009;13;10012;29;;;10001.0;3846.0
-2;185800;INTARIAN_PEPPER_ROOT;10180;9;10178;15;;;10191;9;10194;15;;;10185.5;14060.0
-2;185900;ASH_COATED_OSMIUM;10003;5;;;;;10009;12;10012;30;;;10006.0;3450.0
-2;185900;INTARIAN_PEPPER_ROOT;10178;15;;;;;10191;8;10194;15;;;10184.5;13980.0
-2;186000;ASH_COATED_OSMIUM;9993;13;;;;;10012;30;;;;;10002.5;3730.0
-2;186000;INTARIAN_PEPPER_ROOT;10180;12;10178;15;;;10192;12;10194;15;;;10186.0;14100.0
-2;186100;ASH_COATED_OSMIUM;9993;14;;;;;10009;14;10011;24;;;10001.0;3850.0
-2;186100;INTARIAN_PEPPER_ROOT;10181;11;10178;23;;;10194;23;;;;;10187.5;14220.0
-2;186200;ASH_COATED_OSMIUM;9992;11;9990;23;;;10008;11;;;;;10000.0;3930.0
-2;186200;INTARIAN_PEPPER_ROOT;10181;11;10178;20;;;10194;20;;;;;10187.5;14220.0
-2;186300;ASH_COATED_OSMIUM;9992;12;;;;;10008;12;10011;25;;;10000.0;3930.0
-2;186300;INTARIAN_PEPPER_ROOT;10181;9;10178;19;;;10192;9;10194;19;;;10186.5;14140.0
-2;186400;ASH_COATED_OSMIUM;9992;12;9990;28;;;10008;12;10011;28;;;10000.0;3965.0
-2;186400;INTARIAN_PEPPER_ROOT;;;;;;;10192;9;10195;24;;;10192.0;14580.0
-2;186500;ASH_COATED_OSMIUM;9992;13;9990;21;;;;;;;;;9992.0;4565.0
-2;186500;INTARIAN_PEPPER_ROOT;10181;10;10178;21;;;10195;21;;;;;10188.0;14260.0
-2;186600;ASH_COATED_OSMIUM;9993;11;9990;21;;;10009;11;10011;21;;;10001.0;3890.0
-2;186600;INTARIAN_PEPPER_ROOT;10181;11;10178;16;;;10192;11;10195;16;;;10186.5;14140.0
-2;186700;ASH_COATED_OSMIUM;9992;14;9990;26;;;10008;14;;;;;10000.0;3965.0
-2;186700;INTARIAN_PEPPER_ROOT;10181;11;10179;19;;;10195;19;;;;;10188.0;14260.0
-2;186800;ASH_COATED_OSMIUM;9992;13;9990;30;;;10008;13;10011;30;;;10000.0;3965.0
-2;186800;INTARIAN_PEPPER_ROOT;10181;10;10179;20;;;10192;10;10195;20;;;10186.5;14140.0
-2;186900;ASH_COATED_OSMIUM;9997;2;9992;14;9989;27;10008;14;10010;27;;;10002.5;3777.5
-2;186900;INTARIAN_PEPPER_ROOT;10179;21;;;;;10192;8;10195;21;;;10185.5;14060.0
-2;187000;ASH_COATED_OSMIUM;9991;11;;;;;10007;11;10010;20;;;9999.0;4040.0
-2;187000;INTARIAN_PEPPER_ROOT;10181;9;10179;18;;;10193;9;10195;18;;;10187.0;14180.0
-2;187100;ASH_COATED_OSMIUM;9992;11;9989;30;;;10008;11;10010;30;;;10000.0;3965.0
-2;187100;INTARIAN_PEPPER_ROOT;10182;10;;;;;10193;10;10195;20;;;10187.5;14220.0
-2;187200;ASH_COATED_OSMIUM;9992;15;9989;22;;;10008;15;10010;22;;;10000.0;3965.0
-2;187200;INTARIAN_PEPPER_ROOT;10182;12;10179;25;;;10193;12;10195;25;;;10187.5;14220.0
-2;187300;ASH_COATED_OSMIUM;9998;5;9990;22;;;10008;12;10011;22;;;10003.0;3740.0
-2;187300;INTARIAN_PEPPER_ROOT;10182;10;;;;;10193;10;10195;20;;;10187.5;14220.0
-2;187400;ASH_COATED_OSMIUM;9992;10;9990;22;;;10008;10;10011;22;;;10000.0;3965.0
-2;187400;INTARIAN_PEPPER_ROOT;10182;10;10179;18;;;10193;10;10196;18;;;10187.5;14220.0
-2;187500;ASH_COATED_OSMIUM;9992;14;9990;20;;;10008;14;10011;20;;;10000.0;3965.0
-2;187500;INTARIAN_PEPPER_ROOT;10182;9;10179;25;;;10193;9;10196;25;;;10187.5;14220.0
-2;187600;ASH_COATED_OSMIUM;9993;13;;;;;10009;13;10011;23;;;10001.0;3890.0
-2;187600;INTARIAN_PEPPER_ROOT;10182;10;10179;15;;;10193;10;10196;15;;;10187.5;14220.0
-2;187700;ASH_COATED_OSMIUM;9993;12;9991;23;;;10012;23;;;;;10002.5;3777.5
-2;187700;INTARIAN_PEPPER_ROOT;10182;12;10180;16;;;10196;16;;;;;10189.0;14340.0
-2;187800;ASH_COATED_OSMIUM;9993;15;9990;28;;;10009;15;;;;;10001.0;3890.0
-2;187800;INTARIAN_PEPPER_ROOT;10182;8;10180;25;;;10193;8;10196;25;;;10187.5;14220.0
-2;187900;ASH_COATED_OSMIUM;9990;27;;;;;10009;11;10011;27;;;9999.5;4002.5
-2;187900;INTARIAN_PEPPER_ROOT;10190;8;10182;12;10180;19;10193;12;10196;19;;;10191.5;14540.0
-2;188000;ASH_COATED_OSMIUM;9993;14;;;;;10009;14;10011;20;;;10001.0;3890.0
-2;188000;INTARIAN_PEPPER_ROOT;10182;9;;;;;10194;9;;;;;10188.0;14260.0
-2;188100;ASH_COATED_OSMIUM;9993;12;9990;30;;;10009;12;10011;30;;;10001.0;3890.0
-2;188100;INTARIAN_PEPPER_ROOT;10180;22;;;;;10196;22;;;;;10188.0;14260.0
-2;188200;ASH_COATED_OSMIUM;;;;;;;10009;13;;;;;10009.0;3290.0
-2;188200;INTARIAN_PEPPER_ROOT;10183;12;10180;24;;;10194;12;10196;24;;;10188.5;14300.0
-2;188300;ASH_COATED_OSMIUM;9992;10;9990;28;;;10008;10;10011;28;;;10000.0;3965.0
-2;188300;INTARIAN_PEPPER_ROOT;10180;16;;;;;10196;16;;;;;10188.0;14260.0
-2;188400;ASH_COATED_OSMIUM;9992;13;9990;26;;;10008;13;;;;;10000.0;3965.0
-2;188400;INTARIAN_PEPPER_ROOT;10183;8;;;;;10194;8;10197;24;;;10188.5;14300.0
-2;188500;ASH_COATED_OSMIUM;9992;13;9990;21;;;10008;13;10011;21;;;10000.0;3965.0
-2;188500;INTARIAN_PEPPER_ROOT;10183;11;;;;;10194;11;10197;15;;;10188.5;14300.0
-2;188600;ASH_COATED_OSMIUM;9993;15;9990;23;;;10009;15;;;;;10001.0;3890.0
-2;188600;INTARIAN_PEPPER_ROOT;10183;10;10180;20;;;10194;10;10197;20;;;10188.5;14300.0
-2;188700;ASH_COATED_OSMIUM;9993;15;9990;27;;;10009;15;10011;27;;;10001.0;3890.0
-2;188700;INTARIAN_PEPPER_ROOT;10183;8;10181;17;;;10185;5;10194;8;10197;17;10184.0;13940.0
-2;188800;ASH_COATED_OSMIUM;9993;12;9990;24;;;10009;12;10011;24;;;10001.0;3890.0
-2;188800;INTARIAN_PEPPER_ROOT;10183;9;10181;23;;;10194;9;10197;23;;;10188.5;14300.0
-2;188900;ASH_COATED_OSMIUM;9991;21;;;;;10009;12;10012;21;;;10000.0;3965.0
-2;188900;INTARIAN_PEPPER_ROOT;10183;8;10181;20;;;10194;8;10197;20;;;10188.5;14300.0
-2;189000;ASH_COATED_OSMIUM;9993;11;9990;24;;;10009;11;10011;24;;;10001.0;3890.0
-2;189000;INTARIAN_PEPPER_ROOT;;;;;;;;;;;;;0.0;-800780.0
-2;189100;ASH_COATED_OSMIUM;9993;15;9990;20;;;10009;15;10011;20;;;10001.0;3890.0
-2;189100;INTARIAN_PEPPER_ROOT;10184;9;10181;18;;;10186;5;10195;9;10197;18;10185.0;14020.0
-2;189200;ASH_COATED_OSMIUM;9990;27;;;;;10009;13;10011;27;;;9999.5;4002.5
-2;189200;INTARIAN_PEPPER_ROOT;10184;8;10181;15;;;10195;8;10197;15;;;10189.5;14380.0
-2;189300;ASH_COATED_OSMIUM;9993;10;;;;;10009;10;10011;28;;;10001.0;3890.0
-2;189300;INTARIAN_PEPPER_ROOT;10184;8;10181;15;;;10195;8;10197;15;;;10189.5;14380.0
-2;189400;ASH_COATED_OSMIUM;9993;12;9991;24;;;10009;12;10012;24;;;10001.0;3890.0
-2;189400;INTARIAN_PEPPER_ROOT;;;;;;;10198;21;;;;;10198.0;15060.0
-2;189500;ASH_COATED_OSMIUM;9991;29;;;;;10010;11;10012;29;;;10000.5;3927.5
-2;189500;INTARIAN_PEPPER_ROOT;10184;9;10181;17;;;10195;9;10198;17;;;10189.5;14380.0
-2;189600;ASH_COATED_OSMIUM;9993;14;9990;28;;;10009;14;10011;28;;;10001.0;3890.0
-2;189600;INTARIAN_PEPPER_ROOT;10184;12;10181;24;;;10195;12;10198;24;;;10189.5;14380.0
-2;189700;ASH_COATED_OSMIUM;9993;11;9990;28;;;;;;;;;9993.0;4490.0
-2;189700;INTARIAN_PEPPER_ROOT;10192;6;10184;8;10182;16;;;;;;;10192.0;14580.0
-2;189800;ASH_COATED_OSMIUM;9992;12;9990;23;;;10008;12;10011;23;;;10000.0;3965.0
-2;189800;INTARIAN_PEPPER_ROOT;10184;8;;;;;10195;8;10198;23;;;10189.5;14380.0
-2;189900;ASH_COATED_OSMIUM;9992;13;9990;29;;;10008;13;;;;;10000.0;3965.0
-2;189900;INTARIAN_PEPPER_ROOT;10184;12;10182;24;;;10195;12;10198;24;;;10189.5;14380.0
-2;190000;ASH_COATED_OSMIUM;9990;28;;;;;10009;10;;;;;9999.5;4002.5
-2;190000;INTARIAN_PEPPER_ROOT;10182;18;;;;;10196;9;10198;18;;;10189.0;14340.0
-2;190100;ASH_COATED_OSMIUM;9993;15;9990;23;;;10009;15;10011;23;;;10001.0;3911.0
-2;190100;INTARIAN_PEPPER_ROOT;10185;9;10182;16;;;10196;9;10198;16;;;10190.5;14460.0
-2;190200;ASH_COATED_OSMIUM;9992;12;9990;30;;;10008;12;10011;30;;;10000.0;3989.0
-2;190200;INTARIAN_PEPPER_ROOT;10185;12;;;;;10196;12;;;;;10190.5;14460.0
-2;190300;ASH_COATED_OSMIUM;9992;12;9990;22;;;10008;12;10011;22;;;10000.0;3989.0
-2;190300;INTARIAN_PEPPER_ROOT;10185;12;10182;19;;;10196;12;;;;;10190.5;14460.0
-2;190400;ASH_COATED_OSMIUM;9992;10;9989;27;;;10008;10;10010;27;;;10000.0;3989.0
-2;190400;INTARIAN_PEPPER_ROOT;10188;9;10182;20;;;10196;11;10199;20;;;10192.0;14580.0
-2;190500;ASH_COATED_OSMIUM;9992;11;;;;;10008;11;10010;20;;;10000.0;3989.0
-2;190500;INTARIAN_PEPPER_ROOT;10185;9;10182;18;;;10196;9;;;;;10190.5;14460.0
-2;190600;ASH_COATED_OSMIUM;9991;15;9989;21;;;10007;15;10010;21;;;9999.0;4067.0
-2;190600;INTARIAN_PEPPER_ROOT;10182;16;;;;;10196;11;;;;;10189.0;14340.0
-2;190700;ASH_COATED_OSMIUM;9992;14;;;;;10011;22;;;;;10001.5;3872.0
-2;190700;INTARIAN_PEPPER_ROOT;10185;8;10183;20;;;10196;8;;;;;10190.5;14460.0
-2;190800;ASH_COATED_OSMIUM;9991;15;9989;24;;;10007;15;10010;24;;;9999.0;4109.0
-2;190800;INTARIAN_PEPPER_ROOT;10185;12;10183;24;;;10196;12;;;;;10190.5;14460.0
-2;190900;ASH_COATED_OSMIUM;9992;11;9989;20;;;10008;11;10010;20;;;10000.0;4037.0
-2;190900;INTARIAN_PEPPER_ROOT;10185;9;;;;;10196;9;10199;18;;;10190.5;14460.0
-2;191000;ASH_COATED_OSMIUM;9991;10;9989;23;;;10010;23;;;;;10000.5;4001.0
-2;191000;INTARIAN_PEPPER_ROOT;10185;12;10183;18;;;10197;12;10199;18;;;10191.0;14500.0
-2;191100;ASH_COATED_OSMIUM;9991;14;9989;27;;;10007;14;10010;27;;;9999.0;4109.0
-2;191100;INTARIAN_PEPPER_ROOT;10183;19;;;;;10197;10;10199;19;;;10190.0;14420.0
-2;191200;ASH_COATED_OSMIUM;9991;12;9989;21;;;10010;21;;;;;10000.5;4001.0
-2;191200;INTARIAN_PEPPER_ROOT;10186;11;10183;21;;;10197;11;10199;21;;;10191.5;14540.0
-2;191300;ASH_COATED_OSMIUM;9989;30;;;;;10007;11;10010;30;;;9998.0;4181.0
-2;191300;INTARIAN_PEPPER_ROOT;10183;25;;;;;10197;10;10199;25;;;10190.0;14420.0
-2;191400;ASH_COATED_OSMIUM;9992;14;9989;27;;;10008;14;10010;27;;;10000.0;4037.0
-2;191400;INTARIAN_PEPPER_ROOT;10186;11;10183;25;;;10197;11;10200;25;;;10191.5;14540.0
-2;191500;ASH_COATED_OSMIUM;9989;21;;;;;10008;10;10010;21;;;9998.5;4145.0
-2;191500;INTARIAN_PEPPER_ROOT;10186;8;10183;17;;;10197;8;10200;17;;;10191.5;14540.0
-2;191600;ASH_COATED_OSMIUM;9991;12;9989;29;;;10007;12;10010;29;;;9999.0;4109.0
-2;191600;INTARIAN_PEPPER_ROOT;10183;21;;;;;10197;11;;;;;10190.0;14420.0
-2;191700;ASH_COATED_OSMIUM;9991;10;9988;21;;;10009;21;;;;;10000.0;4037.0
-2;191700;INTARIAN_PEPPER_ROOT;10186;11;;;;;10197;11;10200;24;;;10191.5;14540.0
-2;191800;ASH_COATED_OSMIUM;9996;3;9991;14;9988;23;10007;14;;;;;10001.5;3929.0
-2;191800;INTARIAN_PEPPER_ROOT;10184;16;;;;;10200;16;;;;;10192.0;14580.0
-2;191900;ASH_COATED_OSMIUM;9991;10;9988;27;;;10007;10;;;;;9999.0;4109.0
-2;191900;INTARIAN_PEPPER_ROOT;10184;18;;;;;10197;10;10200;18;;;10190.5;14460.0
-2;192000;ASH_COATED_OSMIUM;9990;10;9988;29;;;10009;29;;;;;9999.5;4073.0
-2;192000;INTARIAN_PEPPER_ROOT;10186;10;10184;21;;;10198;10;10200;21;;;10192.0;14580.0
-2;192100;ASH_COATED_OSMIUM;9988;26;;;;;10007;14;10009;26;;;9997.5;4217.0
-2;192100;INTARIAN_PEPPER_ROOT;10187;9;10184;19;;;10198;9;10200;19;;;10192.5;14620.0
-2;192200;ASH_COATED_OSMIUM;9991;13;;;;;9996;9;10007;13;10009;20;9993.5;4482.5
-2;192200;INTARIAN_PEPPER_ROOT;10187;10;10184;22;;;10198;10;10200;22;;;10192.5;14620.0
-2;192300;ASH_COATED_OSMIUM;9991;11;9989;24;;;10007;11;10010;24;;;9999.0;4136.0
-2;192300;INTARIAN_PEPPER_ROOT;10187;12;10184;22;;;;;;;;;10187.0;14180.0
-2;192400;ASH_COATED_OSMIUM;9991;13;9988;22;;;10009;22;;;;;10000.0;4073.0
-2;192400;INTARIAN_PEPPER_ROOT;10187;10;;;;;10198;10;10201;19;;;10192.5;14620.0
-2;192500;ASH_COATED_OSMIUM;9991;10;9988;30;;;10007;10;10009;30;;;9999.0;4136.0
-2;192500;INTARIAN_PEPPER_ROOT;10187;10;10184;21;;;10198;10;10201;21;;;10192.5;14620.0
-2;192600;ASH_COATED_OSMIUM;9988;27;;;;;10007;10;10009;27;;;9997.5;4230.5
-2;192600;INTARIAN_PEPPER_ROOT;10187;10;;;;;10198;10;10201;25;;;10192.5;14620.0
-2;192700;ASH_COATED_OSMIUM;9991;13;9988;26;;;10007;13;10009;26;;;9999.0;4136.0
-2;192700;INTARIAN_PEPPER_ROOT;10187;9;10185;24;;;10198;9;10201;24;;;10192.5;14620.0
-2;192800;ASH_COATED_OSMIUM;9990;11;9988;26;;;10006;11;;;;;9998.0;4234.0
-2;192800;INTARIAN_PEPPER_ROOT;10185;19;;;;;10201;19;;;;;10193.0;14660.0
-2;192900;ASH_COATED_OSMIUM;9990;14;9988;23;;;10006;14;;;;;9998.0;4234.0
-2;192900;INTARIAN_PEPPER_ROOT;10187;9;10185;18;;;10198;9;10201;18;;;10192.5;14620.0
-2;193000;ASH_COATED_OSMIUM;9990;11;9987;26;;;10006;11;;;;;9998.0;4234.0
-2;193000;INTARIAN_PEPPER_ROOT;10187;8;;;;;10201;15;;;;;10194.0;14740.0
-2;193100;ASH_COATED_OSMIUM;9995;5;9990;11;9987;27;10008;27;;;;;10001.5;3996.0
-2;193100;INTARIAN_PEPPER_ROOT;10188;12;10185;18;;;10199;12;10201;18;;;10193.5;14700.0
-2;193200;ASH_COATED_OSMIUM;9990;14;9988;24;;;10006;14;10009;24;;;9998.0;4234.0
-2;193200;INTARIAN_PEPPER_ROOT;10188;10;10185;17;;;10199;10;10201;17;;;10193.5;14700.0
-2;193300;ASH_COATED_OSMIUM;;;;;;;10006;12;;;;;10006.0;3690.0
-2;193300;INTARIAN_PEPPER_ROOT;10188;9;10185;25;;;10201;25;;;;;10194.5;14780.0
-2;193400;ASH_COATED_OSMIUM;9990;15;;;;;10006;15;;;;;9998.0;4234.0
-2;193400;INTARIAN_PEPPER_ROOT;10188;10;10185;24;;;10199;10;10202;24;;;10193.5;14700.0
-2;193500;ASH_COATED_OSMIUM;;;;;;;10006;12;10008;20;;;10006.0;3690.0
-2;193500;INTARIAN_PEPPER_ROOT;10188;11;10185;21;;;10202;21;;;;;10195.0;14820.0
-2;193600;ASH_COATED_OSMIUM;9990;11;9987;23;;;10006;11;10008;23;;;9998.0;4234.0
-2;193600;INTARIAN_PEPPER_ROOT;10185;15;;;;;10199;12;10202;15;;;10192.0;14580.0
-2;193700;ASH_COATED_OSMIUM;9990;15;;;;;;;;;;;9990.0;4778.0
-2;193700;INTARIAN_PEPPER_ROOT;10188;8;10186;17;;;10199;8;;;;;10193.5;14700.0
-2;193800;ASH_COATED_OSMIUM;9995;3;9990;11;9987;28;10006;11;10008;28;;;10000.5;4064.0
-2;193800;INTARIAN_PEPPER_ROOT;10186;20;;;;;10202;20;;;;;10194.0;14740.0
-2;193900;ASH_COATED_OSMIUM;9990;11;;;;;10006;11;10008;20;;;9998.0;4234.0
-2;193900;INTARIAN_PEPPER_ROOT;10188;11;;;;;10199;11;;;;;10193.5;14700.0
-2;194000;ASH_COATED_OSMIUM;9990;12;9987;30;;;10006;12;;;;;9998.0;4234.0
-2;194000;INTARIAN_PEPPER_ROOT;10188;11;10186;17;;;10202;17;;;;;10195.0;14820.0
-2;194100;ASH_COATED_OSMIUM;9989;14;9987;23;;;10005;14;10008;23;;;9997.0;4302.0
-2;194100;INTARIAN_PEPPER_ROOT;10189;8;10186;17;;;10202;17;;;;;10195.5;14860.0
-2;194200;ASH_COATED_OSMIUM;9987;20;;;;;10005;15;10008;20;;;9996.0;4370.0
-2;194200;INTARIAN_PEPPER_ROOT;10189;10;10186;24;;;10200;10;10202;24;;;10194.5;14780.0
-2;194300;ASH_COATED_OSMIUM;9990;10;9987;26;;;10006;10;10008;26;;;9998.0;4234.0
-2;194300;INTARIAN_PEPPER_ROOT;10189;9;;;;;10200;9;10202;20;;;10194.5;14780.0
-2;194400;ASH_COATED_OSMIUM;9990;10;9987;27;;;10006;10;;;;;9998.0;4234.0
-2;194400;INTARIAN_PEPPER_ROOT;10189;9;;;;;10200;9;10203;16;;;10194.5;14780.0
-2;194500;ASH_COATED_OSMIUM;9987;26;;;;;10006;15;;;;;9996.5;4336.0
-2;194500;INTARIAN_PEPPER_ROOT;10189;8;10186;18;;;10203;18;;;;;10196.0;14900.0
-2;194600;ASH_COATED_OSMIUM;9989;11;9987;23;;;10005;11;10008;23;;;9997.0;4302.0
-2;194600;INTARIAN_PEPPER_ROOT;10186;16;;;;;;;;;;;10186.0;14100.0
-2;194700;ASH_COATED_OSMIUM;9989;10;9986;22;;;10007;22;;;;;9998.0;4306.0
-2;194700;INTARIAN_PEPPER_ROOT;10187;18;;;;;10203;18;;;;;10195.0;14820.0
-2;194800;ASH_COATED_OSMIUM;9989;12;9986;29;;;10005;12;10007;29;;;9997.0;4365.0
-2;194800;INTARIAN_PEPPER_ROOT;10189;12;10187;22;;;10200;12;10203;22;;;10194.5;14780.0
-2;194900;ASH_COATED_OSMIUM;9989;14;9986;23;;;10007;23;;;;;9998.0;4306.0
-2;194900;INTARIAN_PEPPER_ROOT;10189;8;;;;;10200;8;;;;;10194.5;14780.0
-2;195000;ASH_COATED_OSMIUM;9989;15;;;;;10007;26;;;;;9998.0;4306.0
-2;195000;INTARIAN_PEPPER_ROOT;10189;8;10187;17;;;;;;;;;10189.0;14340.0
-2;195100;ASH_COATED_OSMIUM;9989;12;9986;20;;;10007;20;;;;;9998.0;4306.0
-2;195100;INTARIAN_PEPPER_ROOT;10190;9;;;;;10201;9;10203;20;;;10195.5;14860.0
-2;195200;ASH_COATED_OSMIUM;9989;15;9987;22;;;10005;15;10008;22;;;9997.0;4365.0
-2;195200;INTARIAN_PEPPER_ROOT;10190;11;;;;;10201;11;10203;20;;;10195.5;14860.0
-2;195300;ASH_COATED_OSMIUM;9989;12;9987;22;;;10005;12;;;;;9997.0;4365.0
-2;195300;INTARIAN_PEPPER_ROOT;10190;8;10187;19;;;10201;8;10203;19;;;10195.5;14860.0
-2;195400;ASH_COATED_OSMIUM;9998;8;9989;13;9986;25;10005;13;;;;;10001.5;4071.5
-2;195400;INTARIAN_PEPPER_ROOT;10187;20;;;;;10201;8;10204;20;;;10194.0;14740.0
-2;195500;ASH_COATED_OSMIUM;9989;15;;;;;10005;15;10007;20;;;9997.0;4373.0
-2;195500;INTARIAN_PEPPER_ROOT;10187;24;;;;;10201;11;10204;24;;;10194.0;14740.0
-2;195600;ASH_COATED_OSMIUM;9989;10;9986;26;;;10005;10;;;;;9997.0;4373.0
-2;195600;INTARIAN_PEPPER_ROOT;10190;12;10187;22;;;10201;12;10204;22;;;10195.5;14860.0
-2;195700;ASH_COATED_OSMIUM;9988;13;;;;;10007;24;;;;;9997.5;4339.5
-2;195700;INTARIAN_PEPPER_ROOT;10188;22;;;;;10201;9;10204;22;;;10194.5;14780.0
-2;195800;ASH_COATED_OSMIUM;9988;10;;;;;10004;10;;;;;9996.0;4440.0
-2;195800;INTARIAN_PEPPER_ROOT;10190;9;;;;;10201;9;10204;23;;;10195.5;14860.0
-2;195900;ASH_COATED_OSMIUM;9988;12;9985;30;;;10004;12;10006;30;;;9996.0;4440.0
-2;195900;INTARIAN_PEPPER_ROOT;10190;8;10188;18;;;10204;18;;;;;10197.0;14980.0
-2;196000;ASH_COATED_OSMIUM;9988;13;9986;20;;;10004;13;;;;;9996.0;4440.0
-2;196000;INTARIAN_PEPPER_ROOT;10190;8;10188;20;;;10202;8;10204;20;;;10196.0;14900.0
-2;196100;ASH_COATED_OSMIUM;9993;3;9988;10;9985;29;10004;10;10006;29;;;9998.5;4272.5
-2;196100;INTARIAN_PEPPER_ROOT;10188;17;;;;;10204;17;;;;;10196.0;14900.0
-2;196200;ASH_COATED_OSMIUM;9987;12;;;;;10003;12;10006;29;;;9995.0;4507.0
-2;196200;INTARIAN_PEPPER_ROOT;10191;11;10188;23;;;10204;23;;;;;10197.5;15020.0
-2;196300;ASH_COATED_OSMIUM;9987;10;9985;22;;;10006;22;;;;;9996.5;4406.5
-2;196300;INTARIAN_PEPPER_ROOT;10188;20;;;;;10202;12;10204;20;;;10195.0;14820.0
-2;196400;ASH_COATED_OSMIUM;9987;11;;;;;10003;11;10006;23;;;9995.0;4507.0
-2;196400;INTARIAN_PEPPER_ROOT;10191;11;;;;;10205;16;;;;;10198.0;15060.0
-2;196500;ASH_COATED_OSMIUM;9987;11;9985;30;;;10003;11;10006;30;;;9995.0;4507.0
-2;196500;INTARIAN_PEPPER_ROOT;10191;12;10188;15;;;10202;12;;;;;10196.5;14940.0
-2;196600;ASH_COATED_OSMIUM;9987;15;9985;22;;;10003;15;10006;22;;;9995.0;4507.0
-2;196600;INTARIAN_PEPPER_ROOT;10191;10;10188;19;;;10202;10;10205;19;;;10196.5;14940.0
-2;196700;ASH_COATED_OSMIUM;9987;11;;;;;10003;11;10006;28;;;9995.0;4507.0
-2;196700;INTARIAN_PEPPER_ROOT;10189;18;;;;;10202;11;10205;18;;;10195.5;14860.0
-2;196800;ASH_COATED_OSMIUM;9987;14;9985;24;;;10006;24;;;;;9996.5;4406.5
-2;196800;INTARIAN_PEPPER_ROOT;10191;10;10189;16;;;10202;10;10205;16;;;10196.5;14940.0
-2;196900;ASH_COATED_OSMIUM;9987;11;9985;26;;;10003;11;10006;26;;;9995.0;4507.0
-2;196900;INTARIAN_PEPPER_ROOT;10191;10;10189;24;;;10202;10;10205;24;;;10196.5;14940.0
-2;197000;ASH_COATED_OSMIUM;9987;10;9984;23;;;10003;10;;;;;9995.0;4507.0
-2;197000;INTARIAN_PEPPER_ROOT;10191;8;10189;16;;;10203;8;10205;16;;;10197.0;14980.0
-2;197100;ASH_COATED_OSMIUM;9987;12;9984;22;;;10003;12;10005;22;;;9995.0;4528.0
-2;197100;INTARIAN_PEPPER_ROOT;10192;12;10189;16;;;10203;12;10205;16;;;10197.5;15020.0
-2;197200;ASH_COATED_OSMIUM;9986;12;9984;29;;;9996;2;10002;12;10005;29;9991.0;4784.0
-2;197200;INTARIAN_PEPPER_ROOT;10192;9;10189;22;;;10203;9;10205;22;;;10197.5;15020.0
-2;197300;ASH_COATED_OSMIUM;9985;12;;;;;10001;12;10004;22;;;9993.0;4656.0
-2;197300;INTARIAN_PEPPER_ROOT;10192;12;10189;20;;;10203;12;10205;20;;;10197.5;15020.0
-2;197400;ASH_COATED_OSMIUM;9986;14;9983;21;;;10002;14;10004;21;;;9994.0;4592.0
-2;197400;INTARIAN_PEPPER_ROOT;10192;8;10189;21;;;10203;8;10206;21;;;10197.5;15020.0
-2;197500;ASH_COATED_OSMIUM;9986;15;9984;24;;;10002;15;10005;24;;;9994.0;4592.0
-2;197500;INTARIAN_PEPPER_ROOT;10192;11;10189;16;;;10203;11;10206;16;;;10197.5;15020.0
-2;197600;ASH_COATED_OSMIUM;9986;14;;;;;10002;14;10005;22;;;9994.0;4592.0
-2;197600;INTARIAN_PEPPER_ROOT;10192;8;10189;25;;;10203;8;10206;25;;;10197.5;15020.0
-2;197700;ASH_COATED_OSMIUM;9986;13;9984;26;;;9996;2;10002;13;;;9991.0;4784.0
-2;197700;INTARIAN_PEPPER_ROOT;10190;20;;;;;10203;9;10206;20;;;10196.5;14940.0
-2;197800;ASH_COATED_OSMIUM;9986;10;9983;23;;;10002;10;;;;;9994.0;4592.0
-2;197800;INTARIAN_PEPPER_ROOT;10190;17;;;;;10203;12;10206;17;;;10196.5;14940.0
-2;197900;ASH_COATED_OSMIUM;9986;10;9983;24;;;10002;10;10004;24;;;9994.0;4592.0
-2;197900;INTARIAN_PEPPER_ROOT;10192;9;10190;19;;;10203;9;10206;19;;;10197.5;15020.0
-2;198000;ASH_COATED_OSMIUM;9986;12;9984;25;;;;;;;;;9986.0;5104.0
-2;198000;INTARIAN_PEPPER_ROOT;10192;9;10190;17;;;10204;9;10206;17;;;10198.0;15060.0
-2;198100;ASH_COATED_OSMIUM;9984;26;;;;;10003;13;10005;26;;;9993.5;4624.0
-2;198100;INTARIAN_PEPPER_ROOT;10190;17;;;;;10204;11;10206;17;;;10197.0;14980.0
-2;198200;ASH_COATED_OSMIUM;9987;11;9984;20;;;10003;11;10005;20;;;9995.0;4528.0
-2;198200;INTARIAN_PEPPER_ROOT;10193;9;10190;16;;;10204;9;10206;16;;;10198.5;15100.0
-2;198300;ASH_COATED_OSMIUM;9986;14;9984;20;;;10002;14;;;;;9994.0;4592.0
-2;198300;INTARIAN_PEPPER_ROOT;10193;8;10190;19;;;10206;19;;;;;10199.5;15180.0
-2;198400;ASH_COATED_OSMIUM;9986;12;9983;25;;;10002;12;10004;25;;;9994.0;4592.0
-2;198400;INTARIAN_PEPPER_ROOT;10193;9;10190;21;;;10204;9;10207;21;;;10198.5;15100.0
-2;198500;ASH_COATED_OSMIUM;9986;14;9983;28;;;10002;14;10004;28;;;9994.0;4592.0
-2;198500;INTARIAN_PEPPER_ROOT;10193;11;10190;15;;;10204;11;;;;;10198.5;15100.0
-2;198600;ASH_COATED_OSMIUM;9986;13;9983;26;;;9995;4;10004;26;;;9990.5;4816.0
-2;198600;INTARIAN_PEPPER_ROOT;10193;9;10190;16;;;10207;16;;;;;10200.0;15220.0
-2;198700;ASH_COATED_OSMIUM;9985;15;9983;24;;;10001;15;;;;;9993.0;4656.0
-2;198700;INTARIAN_PEPPER_ROOT;10193;10;10191;22;;;10204;10;;;;;10198.5;15100.0
-2;198800;ASH_COATED_OSMIUM;9985;15;9982;21;;;10001;15;;;;;9993.0;4656.0
-2;198800;INTARIAN_PEPPER_ROOT;10191;17;;;;;10204;8;10207;17;;;10197.5;15020.0
-2;198900;ASH_COATED_OSMIUM;9985;15;9982;20;;;10001;15;10003;20;;;9993.0;4656.0
-2;198900;INTARIAN_PEPPER_ROOT;10193;12;10191;19;;;10204;12;;;;;10198.5;15100.0
-2;199000;ASH_COATED_OSMIUM;9984;12;9982;23;;;10000;12;10003;23;;;9992.0;4720.0
-2;199000;INTARIAN_PEPPER_ROOT;10193;9;10191;20;;;10205;9;;;;;10199.0;15140.0
-2;199100;ASH_COATED_OSMIUM;9985;14;9982;25;;;;;;;;;9985.0;5168.0
-2;199100;INTARIAN_PEPPER_ROOT;10194;12;10191;15;;;10205;12;10207;15;;;10199.5;15180.0
-2;199200;ASH_COATED_OSMIUM;9985;12;9982;20;;;10001;12;10003;20;;;9993.0;4656.0
-2;199200;INTARIAN_PEPPER_ROOT;10194;11;10191;20;;;10205;11;;;;;10199.5;15180.0
-2;199300;ASH_COATED_OSMIUM;9982;28;;;;;10000;10;10003;28;;;9991.0;4784.0
-2;199300;INTARIAN_PEPPER_ROOT;10194;8;10191;22;;;10207;22;;;;;10200.5;15260.0
-2;199400;ASH_COATED_OSMIUM;9984;12;9982;25;;;10003;25;;;;;9993.5;4624.0
-2;199400;INTARIAN_PEPPER_ROOT;10194;11;;;;;10205;11;10208;19;;;10199.5;15180.0
-2;199500;ASH_COATED_OSMIUM;9985;12;9982;29;;;9990;7;10001;12;10003;29;9987.5;4990.5
-2;199500;INTARIAN_PEPPER_ROOT;10194;8;10191;25;;;10205;8;10208;25;;;10199.5;15180.0
-2;199600;ASH_COATED_OSMIUM;9985;11;;;;;10001;11;10003;23;;;9993.0;4677.0
-2;199600;INTARIAN_PEPPER_ROOT;10194;9;10191;20;;;10205;9;;;;;10199.5;15180.0
-2;199700;ASH_COATED_OSMIUM;;;;;;;9995;4;10001;14;10004;28;9995.0;4563.0
-2;199700;INTARIAN_PEPPER_ROOT;10192;22;;;;;10205;10;10208;22;;;10198.5;15100.0
-2;199800;ASH_COATED_OSMIUM;;;;;;;10001;13;10004;23;;;10001.0;4221.0
-2;199800;INTARIAN_PEPPER_ROOT;10194;9;10192;22;;;10205;9;;;;;10199.5;15180.0
-2;199900;ASH_COATED_OSMIUM;;;;;;;10002;15;10004;20;;;10002.0;4164.0
-2;199900;INTARIAN_PEPPER_ROOT;10194;8;10192;24;;;10208;24;;;;;10201.0;15300.0
-2;200000;ASH_COATED_OSMIUM;;;;;;;10001;14;10004;22;;;10001.0;4221.0
-2;200000;INTARIAN_PEPPER_ROOT;10194;11;10192;24;;;10206;11;10208;24;;;10200.0;15220.0
-2;200100;ASH_COATED_OSMIUM;9985;13;9983;26;;;10001;13;10003;26;;;9993.0;4677.0
-2;200100;INTARIAN_PEPPER_ROOT;10194;9;;;;;10206;9;10208;22;;;10200.0;15220.0
-2;200200;ASH_COATED_OSMIUM;9985;13;;;;;10001;13;;;;;9993.0;4677.0
-2;200200;INTARIAN_PEPPER_ROOT;10195;12;10192;20;;;10206;12;;;;;10200.5;15260.0
-2;200300;ASH_COATED_OSMIUM;9984;10;9982;27;;;10000;10;10003;27;;;9992.0;4734.0
-2;200300;INTARIAN_PEPPER_ROOT;10195;8;10192;19;;;10206;8;10208;19;;;10200.5;15260.0
-2;200400;ASH_COATED_OSMIUM;9984;10;9982;29;;;10000;10;10003;29;;;9992.0;4734.0
-2;200400;INTARIAN_PEPPER_ROOT;10195;12;;;;;10206;12;10209;15;;;10200.5;15260.0
-2;200500;ASH_COATED_OSMIUM;9984;15;9981;28;;;10000;15;10002;28;;;9992.0;4734.0
-2;200500;INTARIAN_PEPPER_ROOT;10195;11;10192;20;;;10206;11;10209;20;;;10200.5;15260.0
-2;200600;ASH_COATED_OSMIUM;9984;15;;;;;10000;15;10002;25;;;9992.0;4776.0
-2;200600;INTARIAN_PEPPER_ROOT;10203;8;10198;7;10195;8;10206;8;10209;15;;;10204.5;15580.0
-2;200700;ASH_COATED_OSMIUM;9981;27;;;;;10000;15;10002;27;;;9990.5;4870.5
-2;200700;INTARIAN_PEPPER_ROOT;10195;8;10193;18;;;10206;8;;;;;10200.5;15260.0
-2;200800;ASH_COATED_OSMIUM;9983;12;;;;;9999;12;;;;;9991.0;4839.0
-2;200800;INTARIAN_PEPPER_ROOT;10195;12;;;;;10206;12;10209;24;;;10200.5;15260.0
-2;200900;ASH_COATED_OSMIUM;9981;20;;;;;10002;20;;;;;9991.5;4807.5
-2;200900;INTARIAN_PEPPER_ROOT;10195;8;10193;17;;;10206;8;;;;;10200.5;15260.0
-2;201000;ASH_COATED_OSMIUM;9984;10;;;;;10000;10;10002;30;;;9992.0;4776.0
-2;201000;INTARIAN_PEPPER_ROOT;10195;10;10193;23;;;10207;10;10209;23;;;10201.0;15300.0
-2;201100;ASH_COATED_OSMIUM;9983;15;9981;30;;;9999;15;10002;30;;;9991.0;4839.0
-2;201100;INTARIAN_PEPPER_ROOT;10195;10;;;;;10207;10;;;;;10201.0;15300.0
-2;201200;ASH_COATED_OSMIUM;9984;12;9981;24;;;10000;12;;;;;9992.0;4776.0
-2;201200;INTARIAN_PEPPER_ROOT;10196;11;10193;17;;;10207;11;;;;;10201.5;15340.0
-2;201300;ASH_COATED_OSMIUM;9984;13;9982;24;;;10000;13;10003;24;;;9992.0;4776.0
-2;201300;INTARIAN_PEPPER_ROOT;10196;12;;;;;10207;12;;;;;10201.5;15340.0
-2;201400;ASH_COATED_OSMIUM;9984;10;9982;30;;;10000;10;10003;30;;;9992.0;4776.0
-2;201400;INTARIAN_PEPPER_ROOT;10193;19;;;;;10207;10;10210;19;;;10200.0;15220.0
-2;201500;ASH_COATED_OSMIUM;9985;11;9982;21;;;10003;21;;;;;9994.0;4650.0
-2;201500;INTARIAN_PEPPER_ROOT;;;;;;;10207;9;10210;21;;;10207.0;15780.0
-2;201600;ASH_COATED_OSMIUM;9982;28;;;;;10000;15;10003;28;;;9991.0;4839.0
-2;201600;INTARIAN_PEPPER_ROOT;10196;10;10193;18;;;10207;10;10210;18;;;10201.5;15340.0
-2;201700;ASH_COATED_OSMIUM;9982;29;;;;;10000;11;10003;29;;;9991.0;4839.0
-2;201700;INTARIAN_PEPPER_ROOT;10196;11;10194;23;;;10207;11;;;;;10201.5;15340.0
-2;201800;ASH_COATED_OSMIUM;9982;22;;;;;10001;10;;;;;9991.5;4807.5
-2;201800;INTARIAN_PEPPER_ROOT;;;;;;;10207;10;10210;22;;;10207.0;15780.0
-2;201900;ASH_COATED_OSMIUM;9984;10;;;;;10000;10;10003;27;;;9992.0;4776.0
-2;201900;INTARIAN_PEPPER_ROOT;10196;9;10194;24;;;10208;9;10210;24;;;10202.0;15380.0
-2;202000;ASH_COATED_OSMIUM;9985;15;9983;24;;;10004;24;;;;;9994.5;4618.5
-2;202000;INTARIAN_PEPPER_ROOT;10196;10;10194;18;;;10208;10;10210;18;;;10202.0;15380.0
-2;202100;ASH_COATED_OSMIUM;9985;10;;;;;10001;10;10003;22;;;9993.0;4713.0
-2;202100;INTARIAN_PEPPER_ROOT;10196;12;10194;16;;;10208;12;10210;16;;;10202.0;15380.0
-2;202200;ASH_COATED_OSMIUM;9985;10;9982;28;;;10001;10;10003;28;;;9993.0;4713.0
-2;202200;INTARIAN_PEPPER_ROOT;10205;3;10194;25;;;10210;25;;;;;10207.5;15820.0
-2;202300;ASH_COATED_OSMIUM;9985;12;;;;;10004;30;;;;;9994.5;4618.5
-2;202300;INTARIAN_PEPPER_ROOT;10197;8;10194;18;;;10208;8;10210;18;;;10202.5;15420.0
-2;202400;ASH_COATED_OSMIUM;9986;14;9983;27;;;10002;14;10004;27;;;9994.0;4650.0
-2;202400;INTARIAN_PEPPER_ROOT;10197;11;10194;19;;;10208;11;;;;;10202.5;15420.0
-2;202500;ASH_COATED_OSMIUM;9986;13;9984;27;;;10002;13;10005;27;;;9994.0;4650.0
-2;202500;INTARIAN_PEPPER_ROOT;10197;10;10194;21;;;10208;10;10211;21;;;10202.5;15420.0
-2;202600;ASH_COATED_OSMIUM;9986;12;9984;25;;;10005;25;;;;;9995.5;4555.5
-2;202600;INTARIAN_PEPPER_ROOT;10197;10;10194;24;;;10208;10;10211;24;;;10202.5;15420.0
-2;202700;ASH_COATED_OSMIUM;9987;12;9984;29;;;10003;12;10005;29;;;9995.0;4601.0
-2;202700;INTARIAN_PEPPER_ROOT;10197;8;10195;19;;;10208;8;10211;19;;;10202.5;15420.0
-2;202800;ASH_COATED_OSMIUM;9987;10;;;;;10003;10;10006;23;;;9995.0;4601.0
-2;202800;INTARIAN_PEPPER_ROOT;10197;11;10195;18;;;10208;11;10211;18;;;10202.5;15420.0
-2;202900;ASH_COATED_OSMIUM;9987;15;;;;;;;;;;;9987.0;5089.0
-2;202900;INTARIAN_PEPPER_ROOT;10195;22;;;;;10209;11;10211;22;;;10202.0;15380.0
-2;203000;ASH_COATED_OSMIUM;9987;11;9985;30;;;10003;11;10006;30;;;9995.0;4601.0
-2;203000;INTARIAN_PEPPER_ROOT;10197;11;;;;;10209;11;10211;25;;;10203.0;15460.0
-2;203100;ASH_COATED_OSMIUM;9987;10;9984;27;;;10003;10;10005;27;;;9995.0;4601.0
-2;203100;INTARIAN_PEPPER_ROOT;10197;8;10195;19;;;10209;8;;;;;10203.0;15460.0
-2;203200;ASH_COATED_OSMIUM;9987;14;9984;23;;;10003;14;10005;23;;;9995.0;4601.0
-2;203200;INTARIAN_PEPPER_ROOT;10198;10;10195;16;;;10209;10;10211;16;;;10203.5;15500.0
-2;203300;ASH_COATED_OSMIUM;9987;10;9984;20;;;10003;10;10005;20;;;9995.0;4601.0
-2;203300;INTARIAN_PEPPER_ROOT;10198;9;10195;24;;;10209;9;10211;24;;;10203.5;15500.0
-2;203400;ASH_COATED_OSMIUM;9987;15;9984;21;;;10003;15;10005;21;;;9995.0;4601.0
-2;203400;INTARIAN_PEPPER_ROOT;10198;10;10195;23;;;10212;23;;;;;10205.0;15620.0
-2;203500;ASH_COATED_OSMIUM;9986;13;9984;27;;;9996;3;10002;13;;;9991.0;4845.0
-2;203500;INTARIAN_PEPPER_ROOT;10198;9;10195;25;;;10209;9;10212;25;;;10203.5;15500.0
-2;203600;ASH_COATED_OSMIUM;9986;10;9984;22;;;10002;10;10005;22;;;9994.0;4662.0
-2;203600;INTARIAN_PEPPER_ROOT;10195;23;;;;;10209;8;10212;23;;;10202.0;15380.0
-2;203700;ASH_COATED_OSMIUM;9984;24;;;;;10002;15;10005;24;;;9993.0;4723.0
-2;203700;INTARIAN_PEPPER_ROOT;10198;12;10196;21;;;10209;12;10212;21;;;10203.5;15500.0
-2;203800;ASH_COATED_OSMIUM;9987;11;;;;;10003;11;;;;;9995.0;4601.0
-2;203800;INTARIAN_PEPPER_ROOT;10198;12;10196;18;;;10205;12;10209;12;10212;18;10201.5;15340.0
-2;203900;ASH_COATED_OSMIUM;9987;13;9984;26;;;;;;;;;9987.0;5089.0
-2;203900;INTARIAN_PEPPER_ROOT;10206;3;10198;10;10196;23;;;;;;;10206.0;15700.0
-2;204000;ASH_COATED_OSMIUM;9986;10;9984;22;;;10002;10;;;;;9994.0;4662.0
-2;204000;INTARIAN_PEPPER_ROOT;10198;9;10196;22;;;10210;9;10212;22;;;10204.0;15540.0
-2;204100;ASH_COATED_OSMIUM;9984;30;;;;;10003;11;10005;30;;;9993.5;4692.5
-2;204100;INTARIAN_PEPPER_ROOT;10198;10;10196;17;;;10210;10;;;;;10204.0;15540.0
-2;204200;ASH_COATED_OSMIUM;9996;5;9987;12;9984;30;10003;12;10005;30;;;9999.5;4309.0
-2;204200;INTARIAN_PEPPER_ROOT;10199;12;10196;22;;;10210;12;;;;;10204.5;15580.0
-2;204300;ASH_COATED_OSMIUM;9986;10;;;;;10002;10;10005;29;;;9994.0;4672.0
-2;204300;INTARIAN_PEPPER_ROOT;10199;8;10196;23;;;10210;8;10212;23;;;10204.5;15580.0
-2;204400;ASH_COATED_OSMIUM;9986;13;;;;;10005;23;;;;;9995.5;4573.0
-2;204400;INTARIAN_PEPPER_ROOT;;;;;;;10210;10;;;;;10210.0;16020.0
-2;204500;ASH_COATED_OSMIUM;9986;15;9984;28;;;10005;28;;;;;9995.5;4573.0
-2;204500;INTARIAN_PEPPER_ROOT;10199;9;10196;23;;;10201;8;10210;9;10213;23;10200.0;15220.0
-2;204600;ASH_COATED_OSMIUM;9987;12;9984;27;;;10005;27;;;;;9996.0;4540.0
-2;204600;INTARIAN_PEPPER_ROOT;10199;9;;;;;10210;9;10213;25;;;10204.5;15580.0
-2;204700;ASH_COATED_OSMIUM;9986;15;9984;22;;;10002;15;10005;22;;;9994.0;4672.0
-2;204700;INTARIAN_PEPPER_ROOT;10199;11;10197;21;;;;;;;;;10199.0;15140.0
-2;204800;ASH_COATED_OSMIUM;9986;10;9984;30;;;10002;10;10005;30;;;9994.0;4672.0
-2;204800;INTARIAN_PEPPER_ROOT;10199;9;10197;16;;;10210;9;10213;16;;;10204.5;15580.0
-2;204900;ASH_COATED_OSMIUM;9987;15;9984;27;;;10003;15;10005;27;;;9995.0;4606.0
-2;204900;INTARIAN_PEPPER_ROOT;10197;22;;;;;10211;10;10213;22;;;10204.0;15540.0
-2;205000;ASH_COATED_OSMIUM;9987;15;9985;21;;;10003;15;10006;21;;;9995.0;4606.0
-2;205000;INTARIAN_PEPPER_ROOT;10199;11;10197;25;;;10207;1;10211;11;10213;25;10203.0;15460.0
-2;205100;ASH_COATED_OSMIUM;9988;13;9985;25;;;10006;25;;;;;9997.0;4474.0
-2;205100;INTARIAN_PEPPER_ROOT;10199;8;10197;16;;;10213;16;;;;;10206.0;15700.0
-2;205200;ASH_COATED_OSMIUM;9985;24;;;;;10004;13;10006;24;;;9994.5;4639.0
-2;205200;INTARIAN_PEPPER_ROOT;10200;10;10197;24;;;10211;10;10213;24;;;10205.5;15660.0
-2;205300;ASH_COATED_OSMIUM;9985;28;;;;;10004;14;10006;28;;;9994.5;4639.0
-2;205300;INTARIAN_PEPPER_ROOT;10200;9;10197;16;;;10211;9;10213;16;;;10205.5;15660.0
-2;205400;ASH_COATED_OSMIUM;9988;14;9985;20;;;10004;14;;;;;9996.0;4540.0
-2;205400;INTARIAN_PEPPER_ROOT;10200;9;10197;18;;;10211;9;10214;18;;;10205.5;15660.0
-2;205500;ASH_COATED_OSMIUM;9988;12;;;;;10004;12;10007;23;;;9996.0;4540.0
-2;205500;INTARIAN_PEPPER_ROOT;10200;9;10197;16;;;10211;9;10214;16;;;10205.5;15660.0
-2;205600;ASH_COATED_OSMIUM;9987;13;9985;28;;;10003;13;10006;28;;;9995.0;4606.0
-2;205600;INTARIAN_PEPPER_ROOT;10200;11;10197;22;;;10211;11;10214;22;;;10205.5;15660.0
-2;205700;ASH_COATED_OSMIUM;9988;12;9985;26;;;10004;12;10006;26;;;9996.0;4540.0
-2;205700;INTARIAN_PEPPER_ROOT;10200;10;10198;25;;;10211;10;10214;25;;;10205.5;15660.0
-2;205800;ASH_COATED_OSMIUM;9988;14;9985;25;;;10004;14;10006;25;;;9996.0;4540.0
-2;205800;INTARIAN_PEPPER_ROOT;10200;10;;;;;10211;10;10214;15;;;10205.5;15660.0
-2;205900;ASH_COATED_OSMIUM;9987;11;;;;;10003;11;10006;20;;;9995.0;4606.0
-2;205900;INTARIAN_PEPPER_ROOT;10200;9;10198;23;;;10212;9;10214;23;;;10206.0;15700.0
-2;206000;ASH_COATED_OSMIUM;9987;10;;;;;10003;10;10006;25;;;9995.0;4606.0
-2;206000;INTARIAN_PEPPER_ROOT;10200;10;10198;25;;;10212;10;10214;25;;;10206.0;15700.0
-2;206100;ASH_COATED_OSMIUM;9987;14;9985;25;;;10003;14;;;;;9995.0;4606.0
-2;206100;INTARIAN_PEPPER_ROOT;10200;11;10198;22;;;10203;6;10212;11;10214;22;10201.5;15340.0
-2;206200;ASH_COATED_OSMIUM;9988;10;;;;;10006;21;;;;;9997.0;4474.0
-2;206200;INTARIAN_PEPPER_ROOT;10201;12;10198;24;;;10212;12;10214;24;;;10206.5;15740.0
-2;206300;ASH_COATED_OSMIUM;9987;14;9985;20;;;10003;14;10006;20;;;9995.0;4606.0
-2;206300;INTARIAN_PEPPER_ROOT;10201;8;10198;24;;;10212;8;10214;24;;;10206.5;15740.0
-2;206400;ASH_COATED_OSMIUM;9987;10;9985;20;;;10003;10;10006;20;;;9995.0;4606.0
-2;206400;INTARIAN_PEPPER_ROOT;10201;9;10198;24;;;10203;4;10212;9;;;10202.0;15380.0
-2;206500;ASH_COATED_OSMIUM;9985;26;;;;;10003;11;10006;26;;;9994.0;4696.0
-2;206500;INTARIAN_PEPPER_ROOT;10198;21;;;;;10215;21;;;;;10206.5;15740.0
-2;206600;ASH_COATED_OSMIUM;9985;26;;;;;10004;12;;;;;9994.5;4664.5
-2;206600;INTARIAN_PEPPER_ROOT;10201;10;10198;23;;;10215;23;;;;;10208.0;15860.0
-2;206700;ASH_COATED_OSMIUM;9988;10;9986;26;;;10004;10;10007;26;;;9996.0;4570.0
-2;206700;INTARIAN_PEPPER_ROOT;10201;10;;;;;10212;10;10215;20;;;10206.5;15740.0
-2;206800;ASH_COATED_OSMIUM;9988;13;9985;29;;;10004;13;;;;;9996.0;4570.0
-2;206800;INTARIAN_PEPPER_ROOT;10201;9;10199;22;;;10212;9;10215;22;;;10206.5;15740.0
-2;206900;ASH_COATED_OSMIUM;9988;12;9985;27;;;;;;;;;9988.0;5074.0
-2;206900;INTARIAN_PEPPER_ROOT;10201;12;;;;;10213;12;;;;;10207.0;15780.0
-2;207000;ASH_COATED_OSMIUM;9988;11;9985;20;;;10004;11;;;;;9996.0;4570.0
-2;207000;INTARIAN_PEPPER_ROOT;10201;10;10199;23;;;10213;10;10215;23;;;10207.0;15780.0
-2;207100;ASH_COATED_OSMIUM;9987;10;9985;22;;;10003;10;10006;22;;;9995.0;4633.0
-2;207100;INTARIAN_PEPPER_ROOT;10201;12;10199;16;;;10213;12;;;;;10207.0;15780.0
-2;207200;ASH_COATED_OSMIUM;;;;;;;10006;20;;;;;10006.0;3940.0
-2;207200;INTARIAN_PEPPER_ROOT;10202;9;10199;23;;;10213;9;10215;23;;;10207.5;15820.0
-2;207300;ASH_COATED_OSMIUM;;;;;;;10003;14;10006;24;;;10003.0;4129.0
-2;207300;INTARIAN_PEPPER_ROOT;10202;12;;;;;10213;12;;;;;10207.5;15820.0
-2;207400;ASH_COATED_OSMIUM;9987;15;9984;22;;;10003;15;10005;22;;;9995.0;4633.0
-2;207400;INTARIAN_PEPPER_ROOT;10202;11;10199;17;;;10213;11;10216;17;;;10207.5;15820.0
-2;207500;ASH_COATED_OSMIUM;9987;11;9985;21;;;10003;11;;;;;9995.0;4633.0
-2;207500;INTARIAN_PEPPER_ROOT;10202;12;10199;15;;;10213;12;10216;15;;;10207.5;15820.0
-2;207600;ASH_COATED_OSMIUM;9987;11;9985;29;;;10003;11;10006;29;;;9995.0;4647.0
-2;207600;INTARIAN_PEPPER_ROOT;10202;12;10199;25;;;10216;25;;;;;10209.0;15940.0
-2;207700;ASH_COATED_OSMIUM;9987;14;9985;25;;;10003;14;10006;25;;;9995.0;4647.0
-2;207700;INTARIAN_PEPPER_ROOT;10200;24;;;;;10216;24;;;;;10208.0;15860.0
-2;207800;ASH_COATED_OSMIUM;9987;14;9985;22;;;10003;14;;;;;9995.0;4647.0
-2;207800;INTARIAN_PEPPER_ROOT;10202;12;10200;17;;;10213;12;;;;;10207.5;15820.0
-2;207900;ASH_COATED_OSMIUM;9987;13;9984;30;;;9996;2;;;;;9991.5;4874.5
-2;207900;INTARIAN_PEPPER_ROOT;10202;11;10200;22;;;10214;11;10216;22;;;10208.0;15860.0
-2;208000;ASH_COATED_OSMIUM;9987;15;;;;;10003;15;;;;;9995.0;4647.0
-2;208000;INTARIAN_PEPPER_ROOT;10202;12;;;;;10214;12;10216;21;;;10208.0;15860.0
-2;208100;ASH_COATED_OSMIUM;9987;11;9985;28;;;10003;11;10006;28;;;9995.0;4647.0
-2;208100;INTARIAN_PEPPER_ROOT;10202;11;10200;24;;;10214;11;;;;;10208.0;15860.0
-2;208200;ASH_COATED_OSMIUM;9987;14;9985;26;;;10003;14;10006;26;;;9995.0;4647.0
-2;208200;INTARIAN_PEPPER_ROOT;10203;12;10200;25;;;10216;25;;;;;10209.5;15980.0
-2;208300;ASH_COATED_OSMIUM;9988;12;9985;20;;;10006;20;;;;;9997.0;4517.0
-2;208300;INTARIAN_PEPPER_ROOT;10203;9;10200;23;;;10214;9;;;;;10208.5;15900.0
-2;208400;ASH_COATED_OSMIUM;9987;14;9985;27;;;10006;27;;;;;9996.5;4549.5
-2;208400;INTARIAN_PEPPER_ROOT;10203;12;10200;23;;;10217;23;;;;;10210.0;16020.0
-2;208500;ASH_COATED_OSMIUM;9985;29;;;;;10003;13;10006;29;;;9994.0;4784.0
-2;208500;INTARIAN_PEPPER_ROOT;10203;10;10200;15;;;10214;10;10217;15;;;10208.5;15900.0
-2;208600;ASH_COATED_OSMIUM;9988;14;9985;27;;;10004;14;10006;27;;;9996.0;4636.0
-2;208600;INTARIAN_PEPPER_ROOT;10200;17;;;;;10214;11;10217;17;;;10207.0;15780.0
-2;208700;ASH_COATED_OSMIUM;9987;12;9985;20;;;10003;12;10006;20;;;9995.0;4710.0
-2;208700;INTARIAN_PEPPER_ROOT;10203;12;;;;;;;;;;;10203.0;15460.0
-2;208800;ASH_COATED_OSMIUM;9988;13;9985;22;;;10004;13;10006;22;;;9996.0;4636.0
-2;208800;INTARIAN_PEPPER_ROOT;10203;10;10201;19;;;10214;10;;;;;10208.5;15900.0
-2;208900;ASH_COATED_OSMIUM;9988;12;9985;22;;;10006;22;;;;;9997.0;4562.0
-2;208900;INTARIAN_PEPPER_ROOT;10203;12;10201;25;;;10217;25;;;;;10210.0;16020.0
-2;209000;ASH_COATED_OSMIUM;9993;3;9988;10;9985;20;10006;20;;;;;9999.5;4377.0
-2;209000;INTARIAN_PEPPER_ROOT;10203;12;10201;23;;;10215;12;10217;23;;;10209.0;15940.0
-2;209100;ASH_COATED_OSMIUM;9988;14;;;;;10004;14;;;;;9996.0;4636.0
-2;209100;INTARIAN_PEPPER_ROOT;10203;12;10201;15;;;10215;12;10217;15;;;10209.0;15940.0
-2;209200;ASH_COATED_OSMIUM;9989;14;9986;24;;;;;;;;;9989.0;5154.0
-2;209200;INTARIAN_PEPPER_ROOT;10204;11;10201;24;;;10206;7;10215;11;10217;24;10205.0;15620.0
-2;209300;ASH_COATED_OSMIUM;9986;21;;;;;;;;;;;9986.0;5376.0
-2;209300;INTARIAN_PEPPER_ROOT;10204;8;10201;24;;;10215;8;10217;24;;;10209.5;15980.0
-2;209400;ASH_COATED_OSMIUM;9986;21;;;;;10004;10;10007;21;;;9995.0;4710.0
-2;209400;INTARIAN_PEPPER_ROOT;10204;8;10201;21;;;10215;8;10218;21;;;10209.5;15980.0
-2;209500;ASH_COATED_OSMIUM;9988;11;;;;;10004;11;;;;;9996.0;4636.0
-2;209500;INTARIAN_PEPPER_ROOT;10204;11;10201;18;;;10215;11;10218;18;;;10209.5;15980.0
-2;209600;ASH_COATED_OSMIUM;9988;11;;;;;10004;11;;;;;9996.0;4636.0
-2;209600;INTARIAN_PEPPER_ROOT;10204;12;10201;23;;;10215;12;10218;23;;;10209.5;15980.0
-2;209700;ASH_COATED_OSMIUM;9988;10;9985;30;;;10004;10;10006;30;;;9996.0;4636.0
-2;209700;INTARIAN_PEPPER_ROOT;10204;9;10202;20;;;10215;9;10218;20;;;10209.5;15980.0
-2;209800;ASH_COATED_OSMIUM;9988;12;;;;;10006;20;;;;;9997.0;4562.0
-2;209800;INTARIAN_PEPPER_ROOT;10204;9;10202;23;;;10215;9;10218;23;;;10209.5;15980.0
-2;209900;ASH_COATED_OSMIUM;9985;24;;;;;10004;15;10006;24;;;9994.5;4747.0
-2;209900;INTARIAN_PEPPER_ROOT;10204;10;10202;25;;;10216;10;10218;25;;;10210.0;16020.0
-2;210000;ASH_COATED_OSMIUM;9985;26;;;;;10006;26;;;;;9995.5;4673.0
-2;210000;INTARIAN_PEPPER_ROOT;10204;8;10202;15;;;10216;8;10218;15;;;10210.0;16020.0
-2;210100;ASH_COATED_OSMIUM;9988;11;9986;21;;;10004;11;10007;21;;;9996.0;4636.0
-2;210100;INTARIAN_PEPPER_ROOT;10202;16;;;;;10216;9;;;;;10209.0;15940.0
-2;210200;ASH_COATED_OSMIUM;9988;15;9985;26;;;10006;26;;;;;9997.0;4562.0
-2;210200;INTARIAN_PEPPER_ROOT;10205;11;10202;18;;;10216;11;10218;18;;;10210.5;16060.0
-2;210300;ASH_COATED_OSMIUM;9988;11;9985;25;;;10006;25;;;;;9997.0;4562.0
-2;210300;INTARIAN_PEPPER_ROOT;10205;11;10202;19;;;10216;11;10218;19;;;10210.5;16060.0
-2;210400;ASH_COATED_OSMIUM;9988;14;9985;29;;;9997;2;10004;14;10006;29;9992.5;4895.0
-2;210400;INTARIAN_PEPPER_ROOT;10205;8;10202;15;;;10216;8;10219;15;;;10210.5;16060.0
-2;210500;ASH_COATED_OSMIUM;9987;10;9985;24;;;10003;10;10006;24;;;9995.0;4710.0
-2;210500;INTARIAN_PEPPER_ROOT;10205;11;10202;24;;;10216;11;10219;24;;;10210.5;16060.0
-2;210600;ASH_COATED_OSMIUM;9987;11;;;;;10003;11;10006;26;;;9995.0;4710.0
-2;210600;INTARIAN_PEPPER_ROOT;10205;9;;;;;10216;9;10219;24;;;10210.5;16060.0
-2;210700;ASH_COATED_OSMIUM;9987;15;9985;24;;;9997;2;10003;15;10006;24;9992.0;4932.0
-2;210700;INTARIAN_PEPPER_ROOT;10205;10;10203;16;;;10216;10;10219;16;;;10210.5;16060.0
-2;210800;ASH_COATED_OSMIUM;9988;11;;;;;10004;11;10006;27;;;9996.0;4636.0
-2;210800;INTARIAN_PEPPER_ROOT;10205;8;;;;;10216;8;;;;;10210.5;16060.0
-2;210900;ASH_COATED_OSMIUM;9987;12;;;;;10003;12;;;;;9995.0;4710.0
-2;210900;INTARIAN_PEPPER_ROOT;10205;9;10203;22;;;10219;22;;;;;10212.0;16180.0
-2;211000;ASH_COATED_OSMIUM;9987;10;9985;29;;;10003;10;10006;29;;;9995.0;4724.0
-2;211000;INTARIAN_PEPPER_ROOT;10205;11;10203;15;;;10217;11;10219;15;;;10211.0;16100.0
-2;211100;ASH_COATED_OSMIUM;9988;12;9985;29;;;10004;12;10006;29;;;9996.0;4652.0
-2;211100;INTARIAN_PEPPER_ROOT;10205;8;10203;24;;;10217;8;10219;24;;;10211.0;16100.0
-2;211200;ASH_COATED_OSMIUM;9988;15;9985;29;;;10004;15;10006;29;;;9996.0;4652.0
-2;211200;INTARIAN_PEPPER_ROOT;10206;8;10203;18;;;10217;8;10219;18;;;10211.5;16140.0
-2;211300;ASH_COATED_OSMIUM;9986;15;9984;23;;;9996;2;10002;15;10005;23;9991.0;5012.0
-2;211300;INTARIAN_PEPPER_ROOT;10206;10;10203;17;;;10208;3;10219;17;;;10207.0;15780.0
-2;211400;ASH_COATED_OSMIUM;9984;26;;;;;10003;14;10005;26;;;9993.5;4832.0
-2;211400;INTARIAN_PEPPER_ROOT;10206;12;10203;22;;;10220;22;;;;;10213.0;16260.0
-2;211500;ASH_COATED_OSMIUM;9986;12;9984;29;;;10002;12;;;;;9994.0;4796.0
-2;211500;INTARIAN_PEPPER_ROOT;10206;8;10203;24;;;10220;24;;;;;10213.0;16260.0
-2;211600;ASH_COATED_OSMIUM;9987;14;;;;;10003;14;10005;28;;;9995.0;4724.0
-2;211600;INTARIAN_PEPPER_ROOT;10206;11;10203;21;;;10220;21;;;;;10213.0;16260.0
-2;211700;ASH_COATED_OSMIUM;9987;14;9984;28;;;10003;14;10005;28;;;9995.0;4724.0
-2;211700;INTARIAN_PEPPER_ROOT;10206;12;10204;17;;;10217;12;10220;17;;;10211.5;16140.0
-2;211800;ASH_COATED_OSMIUM;9987;12;9984;20;;;10003;12;10005;20;;;9995.0;4724.0
-2;211800;INTARIAN_PEPPER_ROOT;10206;12;10204;20;;;10217;12;;;;;10211.5;16140.0
-2;211900;ASH_COATED_OSMIUM;9986;15;9984;26;;;10002;15;;;;;9994.0;4796.0
-2;211900;INTARIAN_PEPPER_ROOT;10204;16;;;;;10218;9;;;;;10211.0;16100.0
-2;212000;ASH_COATED_OSMIUM;9983;22;;;;;10004;22;;;;;9993.5;4832.0
-2;212000;INTARIAN_PEPPER_ROOT;10206;10;10204;21;;;10218;10;;;;;10212.0;16180.0
-2;212100;ASH_COATED_OSMIUM;9986;14;9984;24;;;10002;14;10005;24;;;9994.0;4796.0
-2;212100;INTARIAN_PEPPER_ROOT;10206;11;10204;21;;;10218;11;10220;21;;;10212.0;16180.0
-2;212200;ASH_COATED_OSMIUM;9986;14;;;;;10002;14;10005;25;;;9994.0;4796.0
-2;212200;INTARIAN_PEPPER_ROOT;10207;8;10204;22;;;10218;8;;;;;10212.5;16220.0
-2;212300;ASH_COATED_OSMIUM;9987;11;9984;20;;;10003;11;10005;20;;;9995.0;4724.0
-2;212300;INTARIAN_PEPPER_ROOT;10207;11;10204;19;;;10218;11;10220;19;;;10212.5;16220.0
-2;212400;ASH_COATED_OSMIUM;;;;;;;10003;12;10005;27;;;10003.0;4148.0
-2;212400;INTARIAN_PEPPER_ROOT;10207;12;10204;22;;;10218;12;10221;22;;;10212.5;16220.0
-2;212500;ASH_COATED_OSMIUM;9987;15;;;;;10003;15;;;;;9995.0;4724.0
-2;212500;INTARIAN_PEPPER_ROOT;10207;8;10204;21;;;10218;8;10221;21;;;10212.5;16220.0
-2;212600;ASH_COATED_OSMIUM;9987;13;9984;21;;;10003;13;10005;21;;;9995.0;4724.0
-2;212600;INTARIAN_PEPPER_ROOT;10204;16;;;;;10218;9;10221;16;;;10211.0;16100.0
-2;212700;ASH_COATED_OSMIUM;9986;15;9984;24;;;10002;15;10005;24;;;9994.0;4796.0
-2;212700;INTARIAN_PEPPER_ROOT;10205;23;;;;;10221;23;;;;;10213.0;16260.0
-2;212800;ASH_COATED_OSMIUM;9987;14;9984;22;;;10003;14;;;;;9995.0;4724.0
-2;212800;INTARIAN_PEPPER_ROOT;10207;8;;;;;10218;8;;;;;10212.5;16220.0
-2;212900;ASH_COATED_OSMIUM;9984;23;;;;;10003;12;10005;23;;;9993.5;4832.0
-2;212900;INTARIAN_PEPPER_ROOT;10207;10;;;;;10219;10;10221;16;;;10213.0;16260.0
-2;213000;ASH_COATED_OSMIUM;9987;14;;;;;10005;20;;;;;9996.0;4652.0
-2;213000;INTARIAN_PEPPER_ROOT;10207;11;10205;16;;;10219;11;10221;16;;;10213.0;16260.0
-2;213100;ASH_COATED_OSMIUM;9987;11;9985;27;;;10003;11;10006;27;;;9995.0;4724.0
-2;213100;INTARIAN_PEPPER_ROOT;10205;22;;;;;10221;22;;;;;10213.0;16260.0
-2;213200;ASH_COATED_OSMIUM;;;;;;;10004;12;;;;;10004.0;4076.0
-2;213200;INTARIAN_PEPPER_ROOT;10216;4;10208;12;10205;23;10219;12;10221;23;;;10217.5;16620.0
-2;213300;ASH_COATED_OSMIUM;9985;25;;;;;10003;14;10006;25;;;9994.0;4796.0
-2;213300;INTARIAN_PEPPER_ROOT;;;;;;;10219;9;;;;;10219.0;16740.0
-2;213400;ASH_COATED_OSMIUM;9987;15;9985;22;;;10003;15;10006;22;;;9995.0;4724.0
-2;213400;INTARIAN_PEPPER_ROOT;10208;11;10205;19;;;10219;11;10222;19;;;10213.5;16300.0
-2;213500;ASH_COATED_OSMIUM;9985;22;;;;;10004;10;;;;;9994.5;4760.0
-2;213500;INTARIAN_PEPPER_ROOT;10208;10;10205;23;;;10222;23;;;;;10215.0;16420.0
-2;213600;ASH_COATED_OSMIUM;9988;10;9985;22;;;10004;10;10006;22;;;9996.0;4652.0
-2;213600;INTARIAN_PEPPER_ROOT;10208;8;10205;20;;;10219;8;;;;;10213.5;16300.0
-2;213700;ASH_COATED_OSMIUM;9988;14;9986;28;;;10004;14;10007;28;;;9996.0;4652.0
-2;213700;INTARIAN_PEPPER_ROOT;10208;10;10206;19;;;10219;10;;;;;10213.5;16300.0
-2;213800;ASH_COATED_OSMIUM;9988;14;;;;;10004;14;;;;;9996.0;4652.0
-2;213800;INTARIAN_PEPPER_ROOT;10208;10;;;;;10219;10;10222;24;;;10213.5;16300.0
-2;213900;ASH_COATED_OSMIUM;9986;30;;;;;;;;;;;9986.0;5372.0
-2;213900;INTARIAN_PEPPER_ROOT;10208;10;10206;24;;;10220;10;10222;24;;;10214.0;16340.0
-2;214000;ASH_COATED_OSMIUM;9989;12;9986;28;;;10005;12;10007;28;;;9997.0;4580.0
-2;214000;INTARIAN_PEPPER_ROOT;10208;10;10206;20;;;10220;10;10222;20;;;10214.0;16340.0
-2;214100;ASH_COATED_OSMIUM;9989;10;9986;26;;;10005;10;10007;26;;;9997.0;4580.0
-2;214100;INTARIAN_PEPPER_ROOT;;;;;;;10222;24;;;;;10222.0;16980.0
-2;214200;ASH_COATED_OSMIUM;9988;10;9986;29;;;10004;10;;;;;9996.0;4652.0
-2;214200;INTARIAN_PEPPER_ROOT;10206;17;;;;;10220;11;10222;17;;;10213.0;16260.0
-2;214300;ASH_COATED_OSMIUM;9988;13;9986;28;;;10007;28;;;;;9997.5;4544.0
-2;214300;INTARIAN_PEPPER_ROOT;10209;11;10206;16;;;10220;11;10222;16;;;10214.5;16380.0
-2;214400;ASH_COATED_OSMIUM;9989;10;9986;27;;;10005;10;10007;27;;;9997.0;4580.0
-2;214400;INTARIAN_PEPPER_ROOT;10209;8;10206;23;;;10220;8;10223;23;;;10214.5;16380.0
-2;214500;ASH_COATED_OSMIUM;9986;24;;;;;10005;11;10007;24;;;9995.5;4688.0
-2;214500;INTARIAN_PEPPER_ROOT;10209;8;10206;21;;;10220;8;10223;21;;;10214.5;16380.0
-2;214600;ASH_COATED_OSMIUM;9989;12;;;;;10005;12;10007;22;;;9997.0;4580.0
-2;214600;INTARIAN_PEPPER_ROOT;10209;8;10206;24;;;10220;8;;;;;10214.5;16380.0
-2;214700;ASH_COATED_OSMIUM;9986;30;;;;;10005;11;10007;30;;;9995.5;4688.0
-2;214700;INTARIAN_PEPPER_ROOT;10209;9;10207;16;;;10220;9;10223;16;;;10214.5;16380.0
-2;214800;ASH_COATED_OSMIUM;9989;11;9986;30;;;10005;11;;;;;9997.0;4580.0
-2;214800;INTARIAN_PEPPER_ROOT;10207;15;;;;;10220;9;;;;;10213.5;16300.0
-2;214900;ASH_COATED_OSMIUM;9989;13;9986;22;;;10005;13;10007;22;;;9997.0;4580.0
-2;214900;INTARIAN_PEPPER_ROOT;10209;8;10207;16;;;10221;8;10223;16;;;10215.0;16420.0
-2;215000;ASH_COATED_OSMIUM;9989;14;9986;22;;;10005;14;10007;22;;;9997.0;4580.0
-2;215000;INTARIAN_PEPPER_ROOT;10209;10;10207;16;;;10221;10;;;;;10215.0;16420.0
-2;215100;ASH_COATED_OSMIUM;9989;11;;;;;10005;11;10008;26;;;9997.0;4580.0
-2;215100;INTARIAN_PEPPER_ROOT;10209;8;10207;22;;;10223;22;;;;;10216.0;16500.0
-2;215200;ASH_COATED_OSMIUM;9989;10;9987;25;;;10008;25;;;;;9998.5;4472.0
-2;215200;INTARIAN_PEPPER_ROOT;10207;21;;;;;10221;10;10223;21;;;10214.0;16340.0
-2;215300;ASH_COATED_OSMIUM;9989;14;9987;29;;;10005;14;10008;29;;;9997.0;4580.0
-2;215300;INTARIAN_PEPPER_ROOT;10210;12;10207;21;;;10221;12;;;;;10215.5;16460.0
-2;215400;ASH_COATED_OSMIUM;9989;12;9986;26;;;10005;12;10007;26;;;9997.0;4580.0
-2;215400;INTARIAN_PEPPER_ROOT;10210;12;10207;16;;;10224;16;;;;;10217.0;16580.0
-2;215500;ASH_COATED_OSMIUM;9989;13;9987;22;;;10005;13;;;;;9997.0;4580.0
-2;215500;INTARIAN_PEPPER_ROOT;10210;10;10207;17;;;10221;10;10224;17;;;10215.5;16460.0
-2;215600;ASH_COATED_OSMIUM;9989;10;;;;;10005;10;10008;26;;;9997.0;4580.0
-2;215600;INTARIAN_PEPPER_ROOT;10207;17;;;;;10221;10;10224;17;;;10214.0;16340.0
-2;215700;ASH_COATED_OSMIUM;9989;13;9987;26;;;10008;26;;;;;9998.5;4472.0
-2;215700;INTARIAN_PEPPER_ROOT;10210;12;10208;21;;;10221;12;10224;21;;;10215.5;16460.0
-2;215800;ASH_COATED_OSMIUM;9987;30;;;;;;;;;;;9987.0;5300.0
-2;215800;INTARIAN_PEPPER_ROOT;10208;23;;;;;10221;12;;;;;10214.5;16380.0
-2;215900;ASH_COATED_OSMIUM;9990;11;9987;20;;;10006;11;10008;20;;;9998.0;4508.0
-2;215900;INTARIAN_PEPPER_ROOT;10210;12;10208;25;;;10222;12;;;;;10216.0;16500.0
-2;216000;ASH_COATED_OSMIUM;9990;13;9987;22;;;10006;13;10008;22;;;9998.0;4550.0
-2;216000;INTARIAN_PEPPER_ROOT;10210;8;;;;;10224;24;;;;;10217.0;16580.0
-2;216100;ASH_COATED_OSMIUM;9990;15;9987;26;;;10006;15;10008;26;;;9998.0;4550.0
-2;216100;INTARIAN_PEPPER_ROOT;10210;11;10208;19;;;10222;11;10224;19;;;10216.0;16500.0
-2;216200;ASH_COATED_OSMIUM;9990;11;9987;21;;;10006;11;10008;21;;;9998.0;4550.0
-2;216200;INTARIAN_PEPPER_ROOT;10211;8;10208;18;;;10222;8;10224;18;;;10216.5;16540.0
-2;216300;ASH_COATED_OSMIUM;9990;15;9988;20;;;10006;15;10009;20;;;9998.0;4550.0
-2;216300;INTARIAN_PEPPER_ROOT;10208;15;;;;;10222;9;10224;15;;;10215.0;16420.0
-2;216400;ASH_COATED_OSMIUM;9987;28;;;;;10006;11;10008;28;;;9996.5;4649.0
-2;216400;INTARIAN_PEPPER_ROOT;10211;12;10208;15;;;10222;12;10225;15;;;10216.5;16540.0
-2;216500;ASH_COATED_OSMIUM;9989;14;9987;30;;;10005;14;10008;30;;;9997.0;4616.0
-2;216500;INTARIAN_PEPPER_ROOT;10211;10;10208;15;;;10222;10;10225;15;;;10216.5;16540.0
-2;216600;ASH_COATED_OSMIUM;9990;14;9987;26;;;10006;14;10008;26;;;9998.0;4585.0
-2;216600;INTARIAN_PEPPER_ROOT;10211;8;10208;16;;;10222;8;10225;16;;;10216.5;16540.0
-2;216700;ASH_COATED_OSMIUM;9990;14;9987;27;;;10006;14;10008;27;;;9998.0;4585.0
-2;216700;INTARIAN_PEPPER_ROOT;10211;12;10209;20;;;10222;12;10225;20;;;10216.5;16540.0
-2;216800;ASH_COATED_OSMIUM;9989;10;9987;29;;;10005;10;10008;29;;;9997.0;4656.0
-2;216800;INTARIAN_PEPPER_ROOT;;;;;;;10222;8;10225;20;;;10222.0;16980.0
-2;216900;ASH_COATED_OSMIUM;9990;15;9987;26;;;9995;4;10006;15;10008;26;9992.5;4965.5
-2;216900;INTARIAN_PEPPER_ROOT;10211;11;10209;24;;;10223;11;10225;24;;;10217.0;16580.0
-2;217000;ASH_COATED_OSMIUM;9989;15;9986;22;;;10005;15;10007;22;;;9997.0;4664.0
-2;217000;INTARIAN_PEPPER_ROOT;10211;9;10209;19;;;10225;19;;;;;10218.0;16660.0
-2;217100;ASH_COATED_OSMIUM;9989;13;9987;24;;;10005;13;10008;24;;;9997.0;4664.0
-2;217100;INTARIAN_PEPPER_ROOT;10211;8;;;;;10225;25;;;;;10218.0;16660.0
-2;217200;ASH_COATED_OSMIUM;9989;13;9986;24;;;10005;13;10007;24;;;9997.0;4664.0
-2;217200;INTARIAN_PEPPER_ROOT;10209;21;;;;;10223;8;10225;21;;;10216.0;16500.0
-2;217300;ASH_COATED_OSMIUM;9989;10;9987;22;;;10008;22;;;;;9998.5;4563.5
-2;217300;INTARIAN_PEPPER_ROOT;10212;9;10209;24;;;10223;9;10225;24;;;10217.5;16620.0
-2;217400;ASH_COATED_OSMIUM;9989;15;9987;29;;;10005;15;10008;29;;;9997.0;4664.0
-2;217400;INTARIAN_PEPPER_ROOT;10212;11;;;;;10223;11;10226;23;;;10217.5;16620.0
-2;217500;ASH_COATED_OSMIUM;9990;12;9987;22;;;10006;12;10008;22;;;9998.0;4597.0
-2;217500;INTARIAN_PEPPER_ROOT;10212;12;;;;;10223;12;10226;18;;;10217.5;16620.0
-2;217600;ASH_COATED_OSMIUM;9987;21;;;;;10006;11;10008;21;;;9996.5;4697.5
-2;217600;INTARIAN_PEPPER_ROOT;10212;9;10209;24;;;10223;9;10226;24;;;10217.5;16620.0
-2;217700;ASH_COATED_OSMIUM;9990;11;9988;24;;;10006;11;;;;;9998.0;4597.0
-2;217700;INTARIAN_PEPPER_ROOT;10212;11;10210;15;;;10223;11;10226;15;;;10217.5;16620.0
-2;217800;ASH_COATED_OSMIUM;9990;12;9987;24;;;10006;12;;;;;9998.0;4597.0
-2;217800;INTARIAN_PEPPER_ROOT;10212;11;10210;22;;;10223;11;;;;;10217.5;16620.0
-2;217900;ASH_COATED_OSMIUM;9990;14;9988;21;;;10006;14;10009;21;;;9998.0;4597.0
-2;217900;INTARIAN_PEPPER_ROOT;10212;10;10210;20;;;10224;10;;;;;10218.0;16660.0
-2;218000;ASH_COATED_OSMIUM;9990;10;9988;24;;;10006;10;;;;;9998.0;4597.0
-2;218000;INTARIAN_PEPPER_ROOT;10212;9;10210;25;;;10224;9;10226;25;;;10218.0;16660.0
-2;218100;ASH_COATED_OSMIUM;9991;11;9988;28;;;10009;28;;;;;10000.0;4463.0
-2;218100;INTARIAN_PEPPER_ROOT;10212;8;;;;;10224;8;10226;19;;;10218.0;16660.0
-2;218200;ASH_COATED_OSMIUM;9990;11;;;;;10006;11;10009;20;;;9998.0;4597.0
-2;218200;INTARIAN_PEPPER_ROOT;10210;20;;;;;10224;11;10226;20;;;10217.0;16580.0
-2;218300;ASH_COATED_OSMIUM;9990;10;;;;;10006;10;10009;20;;;9998.0;4597.0
-2;218300;INTARIAN_PEPPER_ROOT;10213;12;;;;;10224;12;10226;16;;;10218.5;16700.0
-2;218400;ASH_COATED_OSMIUM;9996;4;9990;10;9988;29;10006;10;10009;29;;;10001.0;4396.0
-2;218400;INTARIAN_PEPPER_ROOT;10213;9;10210;15;;;10224;9;10227;15;;;10218.5;16700.0
-2;218500;ASH_COATED_OSMIUM;9988;21;;;;;;;;;;;9988.0;5267.0
-2;218500;INTARIAN_PEPPER_ROOT;10213;8;10210;16;;;10224;8;10227;16;;;10218.5;16700.0
-2;218600;ASH_COATED_OSMIUM;;;;;;;10009;27;;;;;10009.0;3860.0
-2;218600;INTARIAN_PEPPER_ROOT;10213;10;;;;;10227;18;;;;;10220.0;16820.0
-2;218700;ASH_COATED_OSMIUM;9988;24;;;;;10007;11;10009;24;;;9997.5;4630.5
-2;218700;INTARIAN_PEPPER_ROOT;10213;9;10211;20;;;10224;9;;;;;10218.5;16700.0
-2;218800;ASH_COATED_OSMIUM;9988;26;;;;;10009;26;;;;;9998.5;4563.5
-2;218800;INTARIAN_PEPPER_ROOT;10213;9;10211;15;;;10224;9;10227;15;;;10218.5;16700.0
-2;218900;ASH_COATED_OSMIUM;9991;14;9988;22;;;10007;14;10009;22;;;9999.0;4530.0
-2;218900;INTARIAN_PEPPER_ROOT;10213;11;10211;22;;;10225;11;;;;;10219.0;16740.0
-2;219000;ASH_COATED_OSMIUM;9991;15;9989;25;;;10010;25;;;;;10000.5;4429.5
-2;219000;INTARIAN_PEPPER_ROOT;10213;9;10211;22;;;10225;9;;;;;10219.0;16740.0
-2;219100;ASH_COATED_OSMIUM;9991;12;9988;26;;;10007;12;10009;26;;;9999.0;4530.0
-2;219100;INTARIAN_PEPPER_ROOT;10213;9;10211;15;;;10225;9;10227;15;;;10219.0;16740.0
-2;219200;ASH_COATED_OSMIUM;9990;13;;;;;10006;13;10009;24;;;9998.0;4597.0
-2;219200;INTARIAN_PEPPER_ROOT;10214;10;10211;15;;;10225;10;10227;15;;;10219.5;16780.0
-2;219300;ASH_COATED_OSMIUM;9990;15;9988;20;;;10006;15;10009;20;;;9998.0;4597.0
-2;219300;INTARIAN_PEPPER_ROOT;10214;9;10211;25;;;10225;9;10227;25;;;10219.5;16780.0
-2;219400;ASH_COATED_OSMIUM;9990;15;;;;;10006;15;10009;23;;;9998.0;4597.0
-2;219400;INTARIAN_PEPPER_ROOT;10214;12;10211;17;;;10225;12;10228;17;;;10219.5;16780.0
-2;219500;ASH_COATED_OSMIUM;9991;15;9988;24;;;10007;15;10009;24;;;9999.0;4530.0
-2;219500;INTARIAN_PEPPER_ROOT;10214;10;10211;16;;;10225;10;10228;16;;;10219.5;16780.0
-2;219600;ASH_COATED_OSMIUM;9991;12;9988;21;;;10007;12;10009;21;;;9999.0;4530.0
-2;219600;INTARIAN_PEPPER_ROOT;10214;8;10211;22;;;10225;8;10228;22;;;10219.5;16780.0
-2;219700;ASH_COATED_OSMIUM;9991;14;9989;25;;;10007;14;10010;25;;;9999.0;4530.0
-2;219700;INTARIAN_PEPPER_ROOT;10214;9;10212;16;;;10225;9;10228;16;;;10219.5;16780.0
-2;219800;ASH_COATED_OSMIUM;9991;10;9989;23;;;10010;23;;;;;10000.5;4429.5
-2;219800;INTARIAN_PEPPER_ROOT;10214;12;10212;22;;;10225;12;10228;22;;;10219.5;16780.0
-2;219900;ASH_COATED_OSMIUM;9991;10;9988;30;;;10007;10;10009;30;;;9999.0;4530.0
-2;219900;INTARIAN_PEPPER_ROOT;10214;9;10212;21;;;10228;21;;;;;10221.0;16900.0
-2;220000;ASH_COATED_OSMIUM;9991;13;9989;30;;;10010;30;;;;;10000.5;4429.5
-2;220000;INTARIAN_PEPPER_ROOT;;;;;;;10226;10;10228;20;;;10226.0;17300.0
-2;220100;ASH_COATED_OSMIUM;9991;11;;;;;10007;11;10009;26;;;9999.0;4530.0
-2;220100;INTARIAN_PEPPER_ROOT;10212;16;;;;;10226;11;10228;16;;;10219.0;16740.0
-2;220200;ASH_COATED_OSMIUM;9991;11;9988;30;;;10007;11;;;;;9999.0;4530.0
-2;220200;INTARIAN_PEPPER_ROOT;10215;11;10212;19;;;10226;11;10228;19;;;10220.5;16860.0
-2;220300;ASH_COATED_OSMIUM;10000;4;9991;12;;;10007;12;10009;26;;;10003.5;4214.5
-2;220300;INTARIAN_PEPPER_ROOT;10215;9;;;;;;;;;;;10215.0;16420.0
-2;220400;ASH_COATED_OSMIUM;9991;11;9988;23;;;10007;11;10009;23;;;9999.0;4534.0
-2;220400;INTARIAN_PEPPER_ROOT;10215;12;;;;;;;;;;;10215.0;16420.0
-2;220500;ASH_COATED_OSMIUM;;;;;;;10001;4;10007;13;10010;23;10001.0;4392.0
-2;220500;INTARIAN_PEPPER_ROOT;10215;8;10212;22;;;10226;8;10229;22;;;10220.5;16860.0
-2;220600;ASH_COATED_OSMIUM;9996;4;;;;;10007;10;10009;22;;;10001.5;4356.5
-2;220600;INTARIAN_PEPPER_ROOT;10212;22;;;;;10226;11;;;;;10219.0;16740.0
-2;220700;ASH_COATED_OSMIUM;9989;22;;;;;10007;13;10010;22;;;9998.0;4605.0
-2;220700;INTARIAN_PEPPER_ROOT;;;;;;;10226;11;10229;24;;;10226.0;17300.0
-2;220800;ASH_COATED_OSMIUM;9992;14;;;;;10008;14;10010;23;;;10000.0;4463.0
-2;220800;INTARIAN_PEPPER_ROOT;10215;8;;;;;10226;8;10229;17;;;10220.5;16860.0
-2;220900;ASH_COATED_OSMIUM;9992;14;9990;20;;;10011;20;;;;;10001.5;4356.5
-2;220900;INTARIAN_PEPPER_ROOT;10215;12;10213;23;;;10222;8;10227;12;10229;23;10218.5;16700.0
-2;221000;ASH_COATED_OSMIUM;10002;7;9990;26;;;10008;14;10011;26;;;10005.0;4087.0
-2;221000;INTARIAN_PEPPER_ROOT;10215;11;10213;24;;;10227;11;10229;24;;;10221.0;16900.0
-2;221100;ASH_COATED_OSMIUM;;;;;;;10008;10;;;;;10008.0;3853.0
-2;221100;INTARIAN_PEPPER_ROOT;10215;12;10213;16;;;10229;16;;;;;10222.0;16980.0
-2;221200;ASH_COATED_OSMIUM;9992;15;;;;;10001;4;10008;15;;;9996.5;4760.5
-2;221200;INTARIAN_PEPPER_ROOT;10216;10;;;;;10218;8;10227;10;10229;19;10217.0;16580.0
-2;221300;ASH_COATED_OSMIUM;9992;11;9989;24;;;10008;11;10010;24;;;10000.0;4498.0
-2;221300;INTARIAN_PEPPER_ROOT;10213;20;;;;;10229;20;;;;;10221.0;16900.0
-2;221400;ASH_COATED_OSMIUM;9992;10;9989;25;;;10001;4;;;;;9996.5;4760.5
-2;221400;INTARIAN_PEPPER_ROOT;10216;9;10213;21;;;10227;9;;;;;10221.5;16940.0
-2;221500;ASH_COATED_OSMIUM;9992;12;9990;28;;;9998;4;10008;12;10011;28;9995.0;4861.0
-2;221500;INTARIAN_PEPPER_ROOT;10216;9;10213;19;;;10227;9;;;;;10221.5;16940.0
-2;221600;ASH_COATED_OSMIUM;9992;15;9990;29;;;10008;15;10011;29;;;10000.0;4506.0
-2;221600;INTARIAN_PEPPER_ROOT;10216;10;10213;20;;;10227;10;10230;20;;;10221.5;16940.0
-2;221700;ASH_COATED_OSMIUM;9993;14;9990;20;;;10009;14;10011;20;;;10001.0;4435.0
-2;221700;INTARIAN_PEPPER_ROOT;10216;11;10214;15;;;10218;8;10227;11;10230;15;10217.0;16580.0
-2;221800;ASH_COATED_OSMIUM;9992;11;9990;28;;;10008;11;10011;28;;;10000.0;4506.0
-2;221800;INTARIAN_PEPPER_ROOT;10216;9;;;;;10227;9;10230;18;;;10221.5;16940.0
-2;221900;ASH_COATED_OSMIUM;9992;14;9990;24;;;10008;14;10011;24;;;10000.0;4506.0
-2;221900;INTARIAN_PEPPER_ROOT;10216;11;;;;;10228;11;10230;18;;;10222.0;16980.0
-2;222000;ASH_COATED_OSMIUM;9992;15;9989;22;;;10008;15;10010;22;;;10000.0;4506.0
-2;222000;INTARIAN_PEPPER_ROOT;10216;10;10214;18;;;10228;10;10230;18;;;10222.0;16980.0
-2;222100;ASH_COATED_OSMIUM;9992;12;9989;28;;;10008;12;;;;;10000.0;4506.0
-2;222100;INTARIAN_PEPPER_ROOT;10214;22;;;;;10228;12;10230;22;;;10221.0;16900.0
-2;222200;ASH_COATED_OSMIUM;9991;15;9989;22;;;10007;15;10010;22;;;9999.0;4577.0
-2;222200;INTARIAN_PEPPER_ROOT;10217;8;10214;23;;;10228;8;10230;23;;;10222.5;17020.0
-2;222300;ASH_COATED_OSMIUM;9991;13;9988;30;;;10007;13;10009;30;;;9999.0;4577.0
-2;222300;INTARIAN_PEPPER_ROOT;10217;10;10214;20;;;10228;10;10230;20;;;10222.5;17020.0
-2;222400;ASH_COATED_OSMIUM;9988;24;;;;;10006;12;10009;24;;;9997.0;4719.0
-2;222400;INTARIAN_PEPPER_ROOT;10217;8;10214;20;;;10228;8;10231;20;;;10222.5;17020.0
-2;222500;ASH_COATED_OSMIUM;10000;10;9991;15;9988;23;10007;15;;;;;10003.5;4226.0
-2;222500;INTARIAN_PEPPER_ROOT;10217;8;;;;;10228;8;10231;18;;;10222.5;17020.0
-2;222600;ASH_COATED_OSMIUM;;;;;;;10007;11;10009;20;;;10007.0;3946.0
-2;222600;INTARIAN_PEPPER_ROOT;10217;10;;;;;10228;10;10231;22;;;10222.5;17020.0
-2;222700;ASH_COATED_OSMIUM;9991;13;;;;;10007;13;10010;23;;;9999.0;4586.0
-2;222700;INTARIAN_PEPPER_ROOT;10217;8;10215;15;;;10228;8;10231;15;;;10222.5;17020.0
-2;222800;ASH_COATED_OSMIUM;9989;21;;;;;10010;21;;;;;9999.5;4546.0
-2;222800;INTARIAN_PEPPER_ROOT;10217;12;10215;25;;;10228;12;;;;;10222.5;17020.0
-2;222900;ASH_COATED_OSMIUM;9991;15;9989;29;;;10007;15;10010;29;;;9999.0;4586.0
-2;222900;INTARIAN_PEPPER_ROOT;10217;8;10215;25;;;10229;8;10231;25;;;10223.0;17060.0
-2;223000;ASH_COATED_OSMIUM;;;;;;;10010;26;;;;;10010.0;3706.0
-2;223000;INTARIAN_PEPPER_ROOT;10217;11;10215;20;;;10229;11;10231;20;;;10223.0;17060.0
-2;223100;ASH_COATED_OSMIUM;9992;14;9990;22;;;10008;14;10011;22;;;10000.0;4506.0
-2;223100;INTARIAN_PEPPER_ROOT;10217;11;10215;24;;;10229;11;10231;24;;;10223.0;17060.0
-2;223200;ASH_COATED_OSMIUM;9992;13;9990;24;;;10008;13;10011;24;;;10000.0;4506.0
-2;223200;INTARIAN_PEPPER_ROOT;10218;9;10215;18;;;10231;18;;;;;10224.5;17180.0
-2;223300;ASH_COATED_OSMIUM;9992;13;9990;28;;;10008;13;10011;28;;;10000.0;4506.0
-2;223300;INTARIAN_PEPPER_ROOT;10218;8;10215;19;;;10229;8;;;;;10223.5;17100.0
-2;223400;ASH_COATED_OSMIUM;9992;12;9990;30;;;10008;12;10011;30;;;10000.0;4506.0
-2;223400;INTARIAN_PEPPER_ROOT;10215;21;;;;;10229;8;10232;21;;;10222.0;16980.0
-2;223500;ASH_COATED_OSMIUM;9992;15;9989;20;;;10008;15;10010;20;;;10000.0;4506.0
-2;223500;INTARIAN_PEPPER_ROOT;10218;9;10215;23;;;10229;9;10232;23;;;10223.5;17100.0
-2;223600;ASH_COATED_OSMIUM;9992;15;9990;22;;;10008;15;10011;22;;;10000.0;4506.0
-2;223600;INTARIAN_PEPPER_ROOT;10218;11;10215;23;;;10229;11;;;;;10223.5;17100.0
-2;223700;ASH_COATED_OSMIUM;9992;13;9990;21;;;10008;13;10011;21;;;10000.0;4506.0
-2;223700;INTARIAN_PEPPER_ROOT;10218;12;;;;;10229;12;;;;;10223.5;17100.0
-2;223800;ASH_COATED_OSMIUM;9993;15;;;;;10011;25;;;;;10002.0;4346.0
-2;223800;INTARIAN_PEPPER_ROOT;10218;8;;;;;10229;8;10232;21;;;10223.5;17100.0
-2;223900;ASH_COATED_OSMIUM;9992;14;9990;20;;;10008;14;;;;;10000.0;4506.0
-2;223900;INTARIAN_PEPPER_ROOT;10218;9;10216;22;;;10230;9;10232;22;;;10224.0;17140.0
-2;224000;ASH_COATED_OSMIUM;9993;12;;;;;10009;12;;;;;10001.0;4426.0
-2;224000;INTARIAN_PEPPER_ROOT;10218;9;10216;24;;;10230;9;10232;24;;;10224.0;17140.0
-2;224100;ASH_COATED_OSMIUM;9993;12;9990;30;;;10009;12;;;;;10001.0;4426.0
-2;224100;INTARIAN_PEPPER_ROOT;10218;12;10216;24;;;10230;12;10232;24;;;10224.0;17140.0
-2;224200;ASH_COATED_OSMIUM;9993;13;9990;23;;;10009;13;10011;23;;;10001.0;4426.0
-2;224200;INTARIAN_PEPPER_ROOT;10216;16;;;;;;;;;;;10216.0;16500.0
-2;224300;ASH_COATED_OSMIUM;9998;3;9990;28;;;10009;12;10011;28;;;10003.5;4226.0
-2;224300;INTARIAN_PEPPER_ROOT;10219;8;10216;16;;;10230;8;10232;16;;;10224.5;17180.0
-2;224400;ASH_COATED_OSMIUM;9992;11;9990;29;;;10008;11;10011;29;;;10000.0;4506.0
-2;224400;INTARIAN_PEPPER_ROOT;10219;9;10216;17;;;10230;9;10233;17;;;10224.5;17180.0
-2;224500;ASH_COATED_OSMIUM;9992;14;9989;22;;;10008;14;10010;22;;;10000.0;4506.0
-2;224500;INTARIAN_PEPPER_ROOT;10216;17;;;;;10230;12;10233;17;;;10223.0;17060.0
-2;224600;ASH_COATED_OSMIUM;9992;14;9989;25;;;10008;14;10010;25;;;10000.0;4506.0
-2;224600;INTARIAN_PEPPER_ROOT;10219;12;10216;25;;;10233;25;;;;;10226.0;17300.0
-2;224700;ASH_COATED_OSMIUM;9992;12;9989;21;;;10008;12;;;;;10000.0;4506.0
-2;224700;INTARIAN_PEPPER_ROOT;10219;11;;;;;;;;;;;10219.0;16740.0
-2;224800;ASH_COATED_OSMIUM;9992;11;9989;28;;;10008;11;;;;;10000.0;4506.0
-2;224800;INTARIAN_PEPPER_ROOT;10219;11;10217;15;;;10230;11;10233;15;;;10224.5;17180.0
-2;224900;ASH_COATED_OSMIUM;9991;13;;;;;10007;13;;;;;9999.0;4586.0
-2;224900;INTARIAN_PEPPER_ROOT;10219;12;10217;17;;;10231;12;10233;17;;;10225.0;17220.0
-2;225000;ASH_COATED_OSMIUM;9991;15;9989;27;;;10007;15;10010;27;;;9999.0;4586.0
-2;225000;INTARIAN_PEPPER_ROOT;10219;11;10217;24;;;10231;11;;;;;10225.0;17220.0
-2;225100;ASH_COATED_OSMIUM;9997;2;9991;14;9989;21;10007;14;;;;;10002.0;4346.0
-2;225100;INTARIAN_PEPPER_ROOT;;;;;;;10231;9;10233;20;;;10231.0;17700.0
-2;225200;ASH_COATED_OSMIUM;9989;21;;;;;10008;11;10010;21;;;9998.5;4626.0
-2;225200;INTARIAN_PEPPER_ROOT;10220;8;10217;20;;;10231;8;;;;;10225.5;17260.0
-2;225300;ASH_COATED_OSMIUM;9991;10;9989;22;;;10010;22;;;;;10000.5;4466.0
-2;225300;INTARIAN_PEPPER_ROOT;10217;15;;;;;10233;15;;;;;10225.0;17220.0
-2;225400;ASH_COATED_OSMIUM;9991;10;;;;;10007;10;10010;21;;;9999.0;4586.0
-2;225400;INTARIAN_PEPPER_ROOT;10228;3;10217;21;;;10231;12;10234;21;;;10229.5;17580.0
-2;225500;ASH_COATED_OSMIUM;9991;13;;;;;10010;22;;;;;10000.5;4466.0
-2;225500;INTARIAN_PEPPER_ROOT;;;;;;;;;;;;;0.0;-800780.0
-2;225600;ASH_COATED_OSMIUM;9991;10;9989;23;;;10007;10;;;;;9999.0;4586.0
-2;225600;INTARIAN_PEPPER_ROOT;10220;8;;;;;10231;8;10234;25;;;10225.5;17260.0
-2;225700;ASH_COATED_OSMIUM;9989;20;;;;;10007;10;10010;20;;;9998.0;4666.0
-2;225700;INTARIAN_PEPPER_ROOT;10220;10;10218;23;;;10231;10;10234;23;;;10225.5;17260.0
-2;225800;ASH_COATED_OSMIUM;9991;15;9989;28;;;10007;15;;;;;9999.0;4586.0
-2;225800;INTARIAN_PEPPER_ROOT;10220;10;10218;22;;;10231;10;10234;22;;;10225.5;17260.0
-2;225900;ASH_COATED_OSMIUM;9991;11;9988;25;;;10009;25;;;;;10000.0;4506.0
-2;225900;INTARIAN_PEPPER_ROOT;10220;8;;;;;10232;8;10234;17;;;10226.0;17300.0
-2;226000;ASH_COATED_OSMIUM;10000;10;9996;3;9991;11;;;;;;;10000.0;4506.0
-2;226000;INTARIAN_PEPPER_ROOT;10220;12;10218;17;;;10234;17;;;;;10227.0;17380.0
-2;226100;ASH_COATED_OSMIUM;9988;30;;;;;10007;12;10009;30;;;9997.5;4706.0
-2;226100;INTARIAN_PEPPER_ROOT;10220;10;10218;15;;;10232;10;;;;;10226.0;17300.0
-2;226200;ASH_COATED_OSMIUM;9991;10;;;;;9996;4;10007;10;10009;25;9993.5;5016.0
-2;226200;INTARIAN_PEPPER_ROOT;10221;10;10218;24;;;;;;;;;10221.0;16900.0
-2;226300;ASH_COATED_OSMIUM;9991;14;9988;20;;;10007;14;;;;;9999.0;4598.0
-2;226300;INTARIAN_PEPPER_ROOT;10221;8;10218;15;;;10232;8;10234;15;;;10226.5;17340.0
-2;226400;ASH_COATED_OSMIUM;9988;28;;;;;10007;11;10009;28;;;9997.5;4712.0
-2;226400;INTARIAN_PEPPER_ROOT;10221;11;10218;16;;;10232;11;10235;16;;;10226.5;17340.0
-2;226500;ASH_COATED_OSMIUM;9990;10;;;;;10006;10;;;;;9998.0;4674.0
-2;226500;INTARIAN_PEPPER_ROOT;10221;9;10218;20;;;10232;9;10235;20;;;10226.5;17340.0
-2;226600;ASH_COATED_OSMIUM;9990;13;9988;27;;;10006;13;10009;27;;;9998.0;4674.0
-2;226600;INTARIAN_PEPPER_ROOT;10221;10;;;;;10235;18;;;;;10228.0;17460.0
-2;226700;ASH_COATED_OSMIUM;9990;13;9987;20;;;10006;13;10008;20;;;9998.0;4674.0
-2;226700;INTARIAN_PEPPER_ROOT;10221;8;10219;16;;;10232;8;10235;16;;;10226.5;17340.0
-2;226800;ASH_COATED_OSMIUM;9995;2;9990;14;9987;25;10008;25;;;;;10001.5;4408.0
-2;226800;INTARIAN_PEPPER_ROOT;10219;25;;;;;10232;10;10235;25;;;10225.5;17260.0
-2;226900;ASH_COATED_OSMIUM;9987;25;;;;;9999;2;10006;11;;;9993.0;5054.0
-2;226900;INTARIAN_PEPPER_ROOT;10221;8;;;;;10233;8;;;;;10227.0;17380.0
-2;227000;ASH_COATED_OSMIUM;9990;10;9987;23;;;10006;10;;;;;9998.0;4674.0
-2;227000;INTARIAN_PEPPER_ROOT;10221;12;10219;19;;;10233;12;10235;19;;;10227.0;17380.0
-2;227100;ASH_COATED_OSMIUM;9987;30;;;;;10005;10;10008;30;;;9996.0;4826.0
-2;227100;INTARIAN_PEPPER_ROOT;10221;10;10219;23;;;10233;10;10235;23;;;10227.0;17380.0
-2;227200;ASH_COATED_OSMIUM;9990;13;9987;20;;;10006;13;10008;20;;;9998.0;4674.0
-2;227200;INTARIAN_PEPPER_ROOT;10222;9;10219;17;;;10233;9;;;;;10227.5;17420.0
-2;227300;ASH_COATED_OSMIUM;9990;10;9988;20;;;10006;10;10009;20;;;9998.0;4674.0
-2;227300;INTARIAN_PEPPER_ROOT;10222;8;;;;;10233;8;10235;19;;;10227.5;17420.0
-2;227400;ASH_COATED_OSMIUM;9990;12;9987;23;;;10006;12;10008;23;;;9998.0;4674.0
-2;227400;INTARIAN_PEPPER_ROOT;10222;11;;;;;10233;11;10236;24;;;10227.5;17420.0
-2;227500;ASH_COATED_OSMIUM;9990;11;9988;22;;;10006;11;10009;22;;;9998.0;4674.0
-2;227500;INTARIAN_PEPPER_ROOT;10222;12;10219;19;;;10233;12;10236;19;;;10227.5;17420.0
-2;227600;ASH_COATED_OSMIUM;9988;23;;;;;10006;12;10009;23;;;9997.0;4750.0
-2;227600;INTARIAN_PEPPER_ROOT;10222;12;10219;20;;;10233;12;10236;20;;;10227.5;17420.0
-2;227700;ASH_COATED_OSMIUM;9988;20;;;;;10007;12;10009;20;;;9997.5;4712.0
-2;227700;INTARIAN_PEPPER_ROOT;10222;10;;;;;10236;15;;;;;10229.0;17540.0
-2;227800;ASH_COATED_OSMIUM;9991;12;9988;28;;;10007;12;;;;;9999.0;4598.0
-2;227800;INTARIAN_PEPPER_ROOT;10220;18;;;;;10233;8;;;;;10226.5;17340.0
-2;227900;ASH_COATED_OSMIUM;9991;14;;;;;10007;14;10009;30;;;9999.0;4598.0
-2;227900;INTARIAN_PEPPER_ROOT;10222;9;10220;21;;;10234;9;10236;21;;;10228.0;17460.0
-2;228000;ASH_COATED_OSMIUM;9991;13;9988;26;;;10009;26;;;;;10000.0;4522.0
-2;228000;INTARIAN_PEPPER_ROOT;10222;9;10220;19;;;10236;19;;;;;10229.0;17540.0
-2;228100;ASH_COATED_OSMIUM;9991;12;9989;23;;;10001;3;10007;12;10010;23;9996.0;4826.0
-2;228100;INTARIAN_PEPPER_ROOT;;;;;;;10234;12;;;;;10234.0;17940.0
-2;228200;ASH_COATED_OSMIUM;9991;11;;;;;10007;11;;;;;9999.0;4598.0
-2;228200;INTARIAN_PEPPER_ROOT;10223;12;10220;19;;;10234;12;10236;19;;;10228.5;17500.0
-2;228300;ASH_COATED_OSMIUM;;;;;;;9996;7;10007;13;10009;22;9996.0;4826.0
-2;228300;INTARIAN_PEPPER_ROOT;10223;10;10220;24;;;10236;24;;;;;10229.5;17580.0
-2;228400;ASH_COATED_OSMIUM;9996;2;9991;13;9988;21;10007;13;10009;21;;;10001.5;4446.5
-2;228400;INTARIAN_PEPPER_ROOT;10223;11;;;;;10234;11;10237;15;;;10228.5;17500.0
-2;228500;ASH_COATED_OSMIUM;9991;12;9988;21;;;10007;12;;;;;9999.0;4619.0
-2;228500;INTARIAN_PEPPER_ROOT;10220;19;;;;;10234;9;;;;;10227.0;17380.0
-2;228600;ASH_COATED_OSMIUM;9991;12;;;;;10007;12;10009;20;;;9999.0;4619.0
-2;228600;INTARIAN_PEPPER_ROOT;10223;10;10220;17;;;10234;10;10237;17;;;10228.5;17500.0
-2;228700;ASH_COATED_OSMIUM;9991;12;9989;30;;;10007;12;10010;30;;;9999.0;4619.0
-2;228700;INTARIAN_PEPPER_ROOT;10223;11;10221;20;;;10234;11;10237;20;;;10228.5;17500.0
-2;228800;ASH_COATED_OSMIUM;9991;11;;;;;10007;11;10010;21;;;9999.0;4619.0
-2;228800;INTARIAN_PEPPER_ROOT;10223;11;10221;25;;;10234;11;10237;25;;;10228.5;17500.0
-2;228900;ASH_COATED_OSMIUM;;;;;;;10010;25;;;;;10010.0;3860.0
-2;228900;INTARIAN_PEPPER_ROOT;10223;9;10221;20;;;10235;9;10237;20;;;10229.0;17540.0
-2;229000;ASH_COATED_OSMIUM;9992;12;9990;23;;;10008;12;;;;;10000.0;4550.0
-2;229000;INTARIAN_PEPPER_ROOT;;;;;;;10235;11;10237;15;;;10235.0;18020.0
-2;229100;ASH_COATED_OSMIUM;9997;5;9992;15;9989;29;10008;15;10010;29;;;10002.5;4377.5
-2;229100;INTARIAN_PEPPER_ROOT;10223;10;10221;16;;;10235;10;10237;16;;;10229.0;17540.0
-2;229200;ASH_COATED_OSMIUM;9991;11;9989;22;;;10007;11;10010;22;;;9999.0;4619.0
-2;229200;INTARIAN_PEPPER_ROOT;10221;25;;;;;10235;10;10237;25;;;10228.0;17460.0
-2;229300;ASH_COATED_OSMIUM;9992;13;9989;22;;;10010;22;;;;;10001.0;4481.0
-2;229300;INTARIAN_PEPPER_ROOT;10221;24;;;;;10235;10;10237;24;;;10228.0;17460.0
-2;229400;ASH_COATED_OSMIUM;9991;10;9989;20;;;10007;10;10010;20;;;9999.0;4619.0
-2;229400;INTARIAN_PEPPER_ROOT;10221;25;;;;;10235;9;10238;25;;;10228.0;17460.0
-2;229500;ASH_COATED_OSMIUM;9991;14;9989;22;;;10007;14;10010;22;;;9999.0;4619.0
-2;229500;INTARIAN_PEPPER_ROOT;10224;8;;;;;10235;8;10238;18;;;10229.5;17580.0
-2;229600;ASH_COATED_OSMIUM;9992;11;9989;29;;;10008;11;10010;29;;;10000.0;4550.0
-2;229600;INTARIAN_PEPPER_ROOT;10224;8;10221;22;;;10235;8;;;;;10229.5;17580.0
-2;229700;ASH_COATED_OSMIUM;9992;13;9989;25;;;;;;;;;9992.0;5102.0
-2;229700;INTARIAN_PEPPER_ROOT;10222;16;;;;;10235;8;;;;;10228.5;17500.0
-2;229800;ASH_COATED_OSMIUM;9992;13;9989;22;;;10008;13;10010;22;;;10000.0;4550.0
-2;229800;INTARIAN_PEPPER_ROOT;10224;8;10222;25;;;10235;8;10238;25;;;10229.5;17580.0
-2;229900;ASH_COATED_OSMIUM;9992;10;;;;;10008;10;10011;22;;;10000.0;4550.0
-2;229900;INTARIAN_PEPPER_ROOT;10224;8;10222;21;;;10236;8;10238;21;;;10230.0;17620.0
-2;230000;ASH_COATED_OSMIUM;9992;15;9989;27;;;10008;15;10010;27;;;10000.0;4550.0
-2;230000;INTARIAN_PEPPER_ROOT;10224;9;10222;24;;;10236;9;10238;24;;;10230.0;17620.0
-2;230100;ASH_COATED_OSMIUM;9997;5;9991;10;9989;26;10007;10;10010;26;;;10002.0;4412.0
-2;230100;INTARIAN_PEPPER_ROOT;10222;17;;;;;10227;6;10236;12;10238;17;10224.5;17180.0
-2;230200;ASH_COATED_OSMIUM;9991;10;9989;29;;;10007;10;10010;29;;;9999.0;4619.0
-2;230200;INTARIAN_PEPPER_ROOT;10225;11;;;;;10236;11;10238;20;;;10230.5;17660.0
-2;230300;ASH_COATED_OSMIUM;9997;4;9992;10;9989;24;10010;24;;;;;10003.5;4308.5
-2;230300;INTARIAN_PEPPER_ROOT;10225;11;10222;24;;;;;;;;;10225.0;17220.0
-2;230400;ASH_COATED_OSMIUM;9991;15;9989;20;;;10007;15;10010;20;;;9999.0;4619.0
-2;230400;INTARIAN_PEPPER_ROOT;10225;9;10222;21;;;10236;9;10239;21;;;10230.5;17660.0
-2;230500;ASH_COATED_OSMIUM;9991;15;9989;30;;;10010;30;;;;;10000.5;4515.5
-2;230500;INTARIAN_PEPPER_ROOT;10225;12;10222;23;;;10236;12;10239;23;;;10230.5;17660.0
-2;230600;ASH_COATED_OSMIUM;9991;11;9989;27;;;10007;11;10010;27;;;9999.0;4619.0
-2;230600;INTARIAN_PEPPER_ROOT;10225;12;10222;15;;;10236;12;10239;15;;;10230.5;17660.0
-2;230700;ASH_COATED_OSMIUM;9997;5;9989;22;;;10007;11;10010;22;;;10002.0;4412.0
-2;230700;INTARIAN_PEPPER_ROOT;10223;21;;;;;10236;9;10239;21;;;10229.5;17580.0
-2;230800;ASH_COATED_OSMIUM;9991;15;9988;26;;;10007;15;10009;26;;;9999.0;4619.0
-2;230800;INTARIAN_PEPPER_ROOT;10225;8;10223;21;;;10236;8;;;;;10230.5;17660.0
-2;230900;ASH_COATED_OSMIUM;9991;12;9988;23;;;10007;12;10009;23;;;9999.0;4619.0
-2;230900;INTARIAN_PEPPER_ROOT;10225;10;10223;20;;;10237;10;10239;20;;;10231.0;17700.0
-2;231000;ASH_COATED_OSMIUM;9991;13;;;;;10009;27;;;;;10000.0;4550.0
-2;231000;INTARIAN_PEPPER_ROOT;10225;12;10223;19;;;10237;12;10239;19;;;10231.0;17700.0
-2;231100;ASH_COATED_OSMIUM;10000;7;9991;10;9988;25;10007;10;10009;25;;;10003.5;4284.0
-2;231100;INTARIAN_PEPPER_ROOT;10225;9;10223;21;;;10237;9;10239;21;;;10231.0;17700.0
-2;231200;ASH_COATED_OSMIUM;9991;13;9988;24;;;10007;13;10009;24;;;9999.0;4626.0
-2;231200;INTARIAN_PEPPER_ROOT;10226;10;10223;21;;;10237;10;10239;21;;;10231.5;17740.0
-2;231300;ASH_COATED_OSMIUM;9990;10;9988;26;;;10006;10;;;;;9998.0;4702.0
-2;231300;INTARIAN_PEPPER_ROOT;10234;7;10226;10;10223;22;10239;22;;;;;10236.5;18140.0
-2;231400;ASH_COATED_OSMIUM;;;;;;;10006;12;10009;23;;;10006.0;4094.0
-2;231400;INTARIAN_PEPPER_ROOT;10223;20;;;;;10237;9;10240;20;;;10230.0;17620.0
-2;231500;ASH_COATED_OSMIUM;;;;;;;10006;13;10008;30;;;10006.0;4094.0
-2;231500;INTARIAN_PEPPER_ROOT;10226;8;10223;19;;;10237;8;10240;19;;;10231.5;17740.0
-2;231600;ASH_COATED_OSMIUM;9990;14;;;;;10000;4;10009;25;;;9995.0;4930.0
-2;231600;INTARIAN_PEPPER_ROOT;10223;25;;;;;10237;12;10240;25;;;10230.0;17620.0
-2;231700;ASH_COATED_OSMIUM;;;;;;;10009;24;;;;;10009.0;3866.0
-2;231700;INTARIAN_PEPPER_ROOT;10226;10;10224;21;;;10237;10;10240;21;;;10231.5;17740.0
-2;231800;ASH_COATED_OSMIUM;9990;12;9988;26;;;10006;12;10009;26;;;9998.0;4702.0
-2;231800;INTARIAN_PEPPER_ROOT;10224;24;;;;;10237;8;;;;;10230.5;17660.0
-2;231900;ASH_COATED_OSMIUM;9988;26;;;;;10006;14;;;;;9997.0;4778.0
-2;231900;INTARIAN_PEPPER_ROOT;10226;9;10224;21;;;10238;9;10240;21;;;10232.0;17780.0
-2;232000;ASH_COATED_OSMIUM;9990;11;9987;30;;;10006;11;10008;30;;;9998.0;4730.0
-2;232000;INTARIAN_PEPPER_ROOT;10226;8;10224;25;;;10238;8;10240;25;;;10232.0;17780.0
-2;232100;ASH_COATED_OSMIUM;9990;15;9988;22;;;10000;4;10006;15;;;9995.0;4978.0
-2;232100;INTARIAN_PEPPER_ROOT;10226;10;10224;22;;;10238;10;;;;;10232.0;17780.0
-2;232200;ASH_COATED_OSMIUM;9991;11;;;;;10007;11;10010;20;;;9999.0;4666.0
-2;232200;INTARIAN_PEPPER_ROOT;10227;12;10224;15;;;10238;12;;;;;10232.5;17820.0
-2;232300;ASH_COATED_OSMIUM;;;;;;;10007;11;;;;;10007.0;4042.0
-2;232300;INTARIAN_PEPPER_ROOT;10227;11;10224;25;;;10238;11;10240;25;;;10232.5;17820.0
-2;232400;ASH_COATED_OSMIUM;9991;15;9989;23;;;10007;15;10010;23;;;9999.0;4666.0
-2;232400;INTARIAN_PEPPER_ROOT;10224;23;;;;;10238;8;10241;23;;;10231.0;17700.0
-2;232500;ASH_COATED_OSMIUM;9991;13;9988;29;;;10007;13;10009;29;;;9999.0;4666.0
-2;232500;INTARIAN_PEPPER_ROOT;10224;19;;;;;10234;8;10238;10;10241;19;10229.0;17540.0
-2;232600;ASH_COATED_OSMIUM;9991;15;;;;;10000;5;10007;15;10009;22;9995.5;4939.0
-2;232600;INTARIAN_PEPPER_ROOT;10224;17;;;;;;;;;;;10224.0;17140.0
-2;232700;ASH_COATED_OSMIUM;9991;12;9988;23;;;10007;12;10009;23;;;9999.0;4666.0
-2;232700;INTARIAN_PEPPER_ROOT;10227;8;10225;18;;;10241;18;;;;;10234.0;17940.0
-2;232800;ASH_COATED_OSMIUM;9990;14;9988;29;;;10006;14;10009;29;;;9998.0;4744.0
-2;232800;INTARIAN_PEPPER_ROOT;10225;16;;;;;10241;16;;;;;10233.0;17860.0
-2;232900;ASH_COATED_OSMIUM;9990;13;9988;25;;;10006;13;10009;25;;;9998.0;4744.0
-2;232900;INTARIAN_PEPPER_ROOT;10227;11;10225;24;;;10239;11;;;;;10233.0;17860.0
-2;233000;ASH_COATED_OSMIUM;9988;27;;;;;10006;12;;;;;9997.0;4822.0
-2;233000;INTARIAN_PEPPER_ROOT;10227;8;10225;19;;;10239;8;10241;19;;;10233.0;17860.0
-2;233100;ASH_COATED_OSMIUM;9990;10;9988;24;;;10006;10;;;;;9998.0;4744.0
-2;233100;INTARIAN_PEPPER_ROOT;10227;10;10225;23;;;10239;10;10241;23;;;10233.0;17860.0
-2;233200;ASH_COATED_OSMIUM;9990;11;9988;20;;;10006;11;;;;;9998.0;4744.0
-2;233200;INTARIAN_PEPPER_ROOT;10228;11;10225;18;;;10241;18;;;;;10234.5;17980.0
-2;233300;ASH_COATED_OSMIUM;9990;14;9987;26;;;10006;14;;;;;9998.0;4744.0
-2;233300;INTARIAN_PEPPER_ROOT;10225;24;;;;;10239;8;10241;24;;;10232.0;17780.0
-2;233400;ASH_COATED_OSMIUM;9990;12;9987;27;;;10006;12;10008;27;;;9998.0;4744.0
-2;233400;INTARIAN_PEPPER_ROOT;10228;11;10225;16;;;10239;11;10242;16;;;10233.5;17900.0
-2;233500;ASH_COATED_OSMIUM;9989;13;9987;28;;;10005;13;10008;28;;;9997.0;4822.0
-2;233500;INTARIAN_PEPPER_ROOT;10225;18;;;;;10235;10;10239;9;;;10230.0;17620.0
-2;233600;ASH_COATED_OSMIUM;9988;10;9986;29;;;10004;10;10007;29;;;9996.0;4900.0
-2;233600;INTARIAN_PEPPER_ROOT;10228;10;10225;25;;;10239;10;10242;25;;;10233.5;17900.0
-2;233700;ASH_COATED_OSMIUM;9986;28;;;;;;;;;;;9986.0;5680.0
-2;233700;INTARIAN_PEPPER_ROOT;10228;10;;;;;10239;10;10242;23;;;10233.5;17900.0
-2;233800;ASH_COATED_OSMIUM;9989;15;9986;24;;;10005;15;10007;24;;;9997.0;4822.0
-2;233800;INTARIAN_PEPPER_ROOT;10228;12;10226;20;;;10242;20;;;;;10235.0;18020.0
-2;233900;ASH_COATED_OSMIUM;9988;15;9986;25;;;9998;2;10004;15;10007;25;9993.0;5134.0
-2;233900;INTARIAN_PEPPER_ROOT;;;;;;;10240;9;;;;;10240.0;18420.0
-2;234000;ASH_COATED_OSMIUM;9988;10;9985;29;;;10004;10;10006;29;;;9996.0;4900.0
-2;234000;INTARIAN_PEPPER_ROOT;10228;8;10226;25;;;10240;8;10242;25;;;10234.0;17940.0
-2;234100;ASH_COATED_OSMIUM;9988;10;9985;20;;;10004;10;10006;20;;;9996.0;4900.0
-2;234100;INTARIAN_PEPPER_ROOT;10228;10;10226;15;;;10242;15;;;;;10235.0;18020.0
-2;234200;ASH_COATED_OSMIUM;9987;15;9985;24;;;10003;15;10006;24;;;9995.0;4978.0
-2;234200;INTARIAN_PEPPER_ROOT;10229;8;10226;19;;;10240;8;10242;19;;;10234.5;17980.0
-2;234300;ASH_COATED_OSMIUM;9987;11;9984;20;;;10003;11;;;;;9995.0;4978.0
-2;234300;INTARIAN_PEPPER_ROOT;10229;10;10226;22;;;10240;10;10242;22;;;10234.5;17980.0
-2;234400;ASH_COATED_OSMIUM;9997;10;9988;13;;;10004;13;10006;21;;;10000.5;4542.0
-2;234400;INTARIAN_PEPPER_ROOT;;;;;;;10240;11;;;;;10240.0;18420.0
-2;234500;ASH_COATED_OSMIUM;9988;13;9986;29;;;10007;29;;;;;9997.5;4782.0
-2;234500;INTARIAN_PEPPER_ROOT;10229;12;10226;16;;;10240;12;10243;16;;;10234.5;17980.0
-2;234600;ASH_COATED_OSMIUM;9986;21;;;;;10004;14;;;;;9995.0;4982.0
-2;234600;INTARIAN_PEPPER_ROOT;10229;11;10226;22;;;10240;11;10243;22;;;10234.5;17980.0
-2;234700;ASH_COATED_OSMIUM;9988;11;9986;20;;;10004;11;;;;;9996.0;4902.0
-2;234700;INTARIAN_PEPPER_ROOT;10229;11;10227;17;;;10243;17;;;;;10236.0;18100.0
-2;234800;ASH_COATED_OSMIUM;;;;;;;10004;12;10006;26;;;10004.0;4262.0
-2;234800;INTARIAN_PEPPER_ROOT;10229;9;10227;16;;;10240;9;;;;;10234.5;17980.0
-2;234900;ASH_COATED_OSMIUM;9988;12;;;;;10004;12;10006;26;;;9996.0;4902.0
-2;234900;INTARIAN_PEPPER_ROOT;10229;8;10227;19;;;10241;8;10243;19;;;10235.0;18020.0
-2;235000;ASH_COATED_OSMIUM;9988;15;9986;21;;;10004;15;10007;21;;;9996.0;4902.0
-2;235000;INTARIAN_PEPPER_ROOT;10229;8;10227;16;;;10243;16;;;;;10236.0;18100.0
-2;235100;ASH_COATED_OSMIUM;9988;13;9985;22;;;10004;13;;;;;9996.0;4902.0
-2;235100;INTARIAN_PEPPER_ROOT;10229;11;;;;;;;;;;;10229.0;17540.0
-2;235200;ASH_COATED_OSMIUM;9988;15;9985;24;;;10004;15;10006;24;;;9996.0;4902.0
-2;235200;INTARIAN_PEPPER_ROOT;10230;11;10227;20;;;10241;11;;;;;10235.5;18060.0
-2;235300;ASH_COATED_OSMIUM;9988;13;9985;30;;;10004;13;10006;30;;;9996.0;4902.0
-2;235300;INTARIAN_PEPPER_ROOT;;;;;;;10241;11;10243;17;;;10241.0;18500.0
-2;235400;ASH_COATED_OSMIUM;9988;12;9985;23;;;10004;12;10006;23;;;9996.0;4902.0
-2;235400;INTARIAN_PEPPER_ROOT;10227;18;;;;;10241;11;10244;18;;;10234.0;17940.0
-2;235500;ASH_COATED_OSMIUM;9988;10;;;;;10004;10;10006;25;;;9996.0;4902.0
-2;235500;INTARIAN_PEPPER_ROOT;10227;20;;;;;10241;11;10244;20;;;10234.0;17940.0
-2;235600;ASH_COATED_OSMIUM;9988;11;9986;23;;;10004;11;;;;;9996.0;4902.0
-2;235600;INTARIAN_PEPPER_ROOT;10230;11;10227;15;;;10241;11;10244;15;;;10235.5;18060.0
-2;235700;ASH_COATED_OSMIUM;9988;10;9986;20;;;10004;10;10007;20;;;9996.0;4902.0
-2;235700;INTARIAN_PEPPER_ROOT;10228;21;;;;;10241;8;10244;21;;;10234.5;17980.0
-2;235800;ASH_COATED_OSMIUM;9989;13;9986;23;;;10005;13;10007;23;;;9997.0;4822.0
-2;235800;INTARIAN_PEPPER_ROOT;10228;21;;;;;10241;10;10244;21;;;10234.5;17980.0
-2;235900;ASH_COATED_OSMIUM;9986;23;;;;;10007;23;;;;;9996.5;4862.0
-2;235900;INTARIAN_PEPPER_ROOT;10230;10;10228;23;;;10244;23;;;;;10237.0;18180.0
-2;236000;ASH_COATED_OSMIUM;9989;10;9986;28;;;10005;10;10007;28;;;9997.0;4822.0
-2;236000;INTARIAN_PEPPER_ROOT;10230;10;10228;18;;;10242;10;10244;18;;;10236.0;18100.0
-2;236100;ASH_COATED_OSMIUM;9989;13;9987;30;;;10005;13;10008;30;;;9997.0;4822.0
-2;236100;INTARIAN_PEPPER_ROOT;10230;10;10228;21;;;10242;10;10244;21;;;10236.0;18100.0
-2;236200;ASH_COATED_OSMIUM;9989;12;9987;27;;;10005;12;;;;;9997.0;4822.0
-2;236200;INTARIAN_PEPPER_ROOT;10231;10;10228;19;;;10242;10;10244;19;;;10236.5;18140.0
-2;236300;ASH_COATED_OSMIUM;9989;15;;;;;10005;15;;;;;9997.0;4822.0
-2;236300;INTARIAN_PEPPER_ROOT;10231;9;10228;18;;;;;;;;;10231.0;17700.0
-2;236400;ASH_COATED_OSMIUM;9990;15;;;;;10006;15;10008;25;;;9998.0;4742.0
-2;236400;INTARIAN_PEPPER_ROOT;10231;10;10228;17;;;10242;10;;;;;10236.5;18140.0
-2;236500;ASH_COATED_OSMIUM;9990;15;9987;22;;;10006;15;10008;22;;;9998.0;4742.0
-2;236500;INTARIAN_PEPPER_ROOT;10231;9;;;;;;;;;;;10231.0;17700.0
-2;236600;ASH_COATED_OSMIUM;9990;11;9987;26;;;10006;11;10008;26;;;9998.0;4812.0
-2;236600;INTARIAN_PEPPER_ROOT;10231;9;10228;25;;;10242;9;10245;25;;;10236.5;18140.0
-2;236700;ASH_COATED_OSMIUM;9989;15;9987;30;;;10005;15;10008;30;;;9997.0;4882.0
-2;236700;INTARIAN_PEPPER_ROOT;10231;8;10229;18;;;10242;8;10245;18;;;10236.5;18140.0
-2;236800;ASH_COATED_OSMIUM;9990;14;9987;24;;;10006;14;10008;24;;;9998.0;4826.0
-2;236800;INTARIAN_PEPPER_ROOT;10231;9;;;;;10242;9;10245;19;;;10236.5;18140.0
-2;236900;ASH_COATED_OSMIUM;9990;13;9987;29;;;10006;13;10008;29;;;9998.0;4826.0
-2;236900;INTARIAN_PEPPER_ROOT;10231;11;10229;17;;;10243;11;10245;17;;;10237.0;18180.0
-2;237000;ASH_COATED_OSMIUM;9987;25;;;;;10006;15;10008;25;;;9996.5;4934.0
-2;237000;INTARIAN_PEPPER_ROOT;10229;24;;;;;10243;11;10245;24;;;10236.0;18100.0
-2;237100;ASH_COATED_OSMIUM;9990;13;9988;23;;;10006;13;10009;23;;;9998.0;4826.0
-2;237100;INTARIAN_PEPPER_ROOT;10231;8;10229;15;;;10245;15;;;;;10238.0;18260.0
-2;237200;ASH_COATED_OSMIUM;9987;21;;;;;10006;10;10008;21;;;9996.5;4934.0
-2;237200;INTARIAN_PEPPER_ROOT;10232;10;10229;15;;;10234;3;;;;;10233.0;17860.0
-2;237300;ASH_COATED_OSMIUM;9991;11;9988;24;;;10007;11;10009;24;;;9999.0;4754.0
-2;237300;INTARIAN_PEPPER_ROOT;10232;11;10229;15;;;10243;11;10245;15;;;10237.5;18220.0
-2;237400;ASH_COATED_OSMIUM;9990;11;;;;;10006;11;;;;;9998.0;4826.0
-2;237400;INTARIAN_PEPPER_ROOT;10232;11;10229;19;;;;;;;;;10232.0;17780.0
-2;237500;ASH_COATED_OSMIUM;9990;15;9988;24;;;10006;15;10009;24;;;9998.0;4826.0
-2;237500;INTARIAN_PEPPER_ROOT;10232;12;10229;18;;;10243;12;10246;18;;;10237.5;18220.0
-2;237600;ASH_COATED_OSMIUM;9990;14;9988;20;;;10006;14;10009;20;;;9998.0;4826.0
-2;237600;INTARIAN_PEPPER_ROOT;10232;11;10229;23;;;10246;23;;;;;10239.0;18340.0
-2;237700;ASH_COATED_OSMIUM;9990;10;9988;20;;;10006;10;10009;20;;;9998.0;4826.0
-2;237700;INTARIAN_PEPPER_ROOT;10232;9;10230;24;;;;;;;;;10232.0;17780.0
-2;237800;ASH_COATED_OSMIUM;9991;14;9988;23;;;10007;14;;;;;9999.0;4754.0
-2;237800;INTARIAN_PEPPER_ROOT;10232;9;10230;21;;;10243;9;10246;21;;;10237.5;18220.0
-2;237900;ASH_COATED_OSMIUM;9991;11;9988;22;;;10007;11;10009;22;;;9999.0;4754.0
-2;237900;INTARIAN_PEPPER_ROOT;10232;10;;;;;10244;10;10246;22;;;10238.0;18260.0
-2;238000;ASH_COATED_OSMIUM;9990;10;9988;30;;;10006;10;10009;30;;;9998.0;4826.0
-2;238000;INTARIAN_PEPPER_ROOT;10232;10;10230;17;;;10244;10;10246;17;;;10238.0;18260.0
-2;238100;ASH_COATED_OSMIUM;9990;10;9987;28;;;10006;10;;;;;9998.0;4826.0
-2;238100;INTARIAN_PEPPER_ROOT;10230;18;;;;;10244;12;10246;18;;;10237.0;18180.0
-2;238200;ASH_COATED_OSMIUM;9989;11;9987;30;;;9999;2;10008;30;;;9994.0;5114.0
-2;238200;INTARIAN_PEPPER_ROOT;10233;8;;;;;10244;8;10246;19;;;10238.5;18300.0
-2;238300;ASH_COATED_OSMIUM;9988;20;;;;;10006;15;10009;20;;;9997.0;4898.0
-2;238300;INTARIAN_PEPPER_ROOT;10233;10;10230;23;;;10244;10;10246;23;;;10238.5;18300.0
-2;238400;ASH_COATED_OSMIUM;9987;29;;;;;10006;13;10008;29;;;9996.5;4934.0
-2;238400;INTARIAN_PEPPER_ROOT;10230;21;;;;;10244;10;10247;21;;;10237.0;18180.0
-2;238500;ASH_COATED_OSMIUM;9989;12;9987;29;;;10005;12;10008;29;;;9997.0;4898.0
-2;238500;INTARIAN_PEPPER_ROOT;10233;12;10230;25;;;10247;25;;;;;10240.0;18420.0
-2;238600;ASH_COATED_OSMIUM;9989;15;;;;;10005;15;10008;20;;;9997.0;4898.0
-2;238600;INTARIAN_PEPPER_ROOT;10230;25;;;;;10244;12;10247;25;;;10237.0;18180.0
-2;238700;ASH_COATED_OSMIUM;9989;14;9987;30;;;10005;14;10008;30;;;9997.0;4898.0
-2;238700;INTARIAN_PEPPER_ROOT;10233;8;10231;18;;;10244;8;;;;;10238.5;18300.0
-2;238800;ASH_COATED_OSMIUM;9989;14;9987;21;;;10005;14;10008;21;;;9997.0;4898.0
-2;238800;INTARIAN_PEPPER_ROOT;10233;8;;;;;10244;8;10247;22;;;10238.5;18300.0
-2;238900;ASH_COATED_OSMIUM;9989;12;9987;22;;;10005;12;10008;22;;;9997.0;4898.0
-2;238900;INTARIAN_PEPPER_ROOT;10233;9;10231;15;;;10245;9;10247;15;;;10239.0;18340.0
-2;239000;ASH_COATED_OSMIUM;9989;15;9987;22;;;9995;4;;;;;9992.0;5246.0
-2;239000;INTARIAN_PEPPER_ROOT;10236;12;10233;10;;;10245;10;;;;;10240.5;18460.0
-2;239100;ASH_COATED_OSMIUM;9989;15;9987;23;;;10005;15;10008;23;;;9997.0;4906.0
-2;239100;INTARIAN_PEPPER_ROOT;10233;10;;;;;10245;10;10247;22;;;10239.0;18340.0
-2;239200;ASH_COATED_OSMIUM;9990;10;9987;23;;;10006;10;10008;23;;;9998.0;4838.0
-2;239200;INTARIAN_PEPPER_ROOT;10234;9;10231;23;;;10245;9;10247;23;;;10239.5;18380.0
-2;239300;ASH_COATED_OSMIUM;;;;;;;10000;2;10006;11;10009;20;10000.0;4702.0
-2;239300;INTARIAN_PEPPER_ROOT;10234;10;10231;22;;;10245;10;;;;;10239.5;18380.0
-2;239400;ASH_COATED_OSMIUM;9990;10;9988;28;;;10006;10;10009;28;;;9998.0;4838.0
-2;239400;INTARIAN_PEPPER_ROOT;10234;9;10231;16;;;10245;9;;;;;10239.5;18380.0
-2;239500;ASH_COATED_OSMIUM;9989;10;9987;20;;;10008;20;;;;;9998.5;4804.0
-2;239500;INTARIAN_PEPPER_ROOT;10231;19;;;;;10245;11;10248;19;;;10238.0;18260.0
-2;239600;ASH_COATED_OSMIUM;9989;10;9987;28;;;;;;;;;9989.0;5450.0
-2;239600;INTARIAN_PEPPER_ROOT;10234;10;10231;24;;;10245;10;;;;;10239.5;18380.0
-2;239700;ASH_COATED_OSMIUM;9990;12;9987;27;;;10006;12;10008;27;;;9998.0;4838.0
-2;239700;INTARIAN_PEPPER_ROOT;10234;8;10232;17;;;10245;8;10248;17;;;10239.5;18380.0
-2;239800;ASH_COATED_OSMIUM;9990;14;9987;26;;;10006;14;;;;;9998.0;4838.0
-2;239800;INTARIAN_PEPPER_ROOT;10234;11;10232;23;;;10245;11;10248;23;;;10239.5;18380.0
-2;239900;ASH_COATED_OSMIUM;9999;9;9989;11;9987;30;10008;30;;;;;10003.5;4423.5
-2;239900;INTARIAN_PEPPER_ROOT;10234;11;10232;16;;;10246;11;10248;16;;;10240.0;18420.0
-2;240000;ASH_COATED_OSMIUM;9987;26;;;;;;;;;;;9987.0;5694.0
-2;240000;INTARIAN_PEPPER_ROOT;10234;11;10232;17;;;10246;11;;;;;10240.0;18420.0
-2;240100;ASH_COATED_OSMIUM;9989;15;9987;23;;;10005;15;10008;23;;;9997.0;4924.0
-2;240100;INTARIAN_PEPPER_ROOT;10234;9;10232;24;;;10246;9;10248;24;;;10240.0;18420.0
-2;240200;ASH_COATED_OSMIUM;9989;13;9987;20;;;10005;13;;;;;9997.0;4924.0
-2;240200;INTARIAN_PEPPER_ROOT;10235;10;10232;17;;;10248;17;;;;;10241.5;18540.0
-2;240300;ASH_COATED_OSMIUM;9986;23;;;;;10005;12;;;;;9995.5;5039.5
-2;240300;INTARIAN_PEPPER_ROOT;10235;12;;;;;10246;12;;;;;10240.5;18460.0
-2;240400;ASH_COATED_OSMIUM;9989;12;9986;28;;;10005;12;10007;28;;;9997.0;4924.0
-2;240400;INTARIAN_PEPPER_ROOT;10232;17;;;;;10246;9;10249;17;;;10239.0;18340.0
-2;240500;ASH_COATED_OSMIUM;9989;12;9986;30;;;10005;12;;;;;9997.0;4924.0
-2;240500;INTARIAN_PEPPER_ROOT;10235;10;;;;;10246;10;10249;25;;;10240.5;18460.0
-2;240600;ASH_COATED_OSMIUM;9988;13;9986;29;;;10004;13;10007;29;;;9996.0;5001.0
-2;240600;INTARIAN_PEPPER_ROOT;10235;12;10232;15;;;;;;;;;10235.0;18020.0
-2;240700;ASH_COATED_OSMIUM;9989;14;9986;30;;;10007;30;;;;;9998.0;4847.0
-2;240700;INTARIAN_PEPPER_ROOT;10235;12;10233;20;;;10246;12;10249;20;;;10240.5;18460.0
-2;240800;ASH_COATED_OSMIUM;9988;12;;;;;;;;;;;9988.0;5617.0
-2;240800;INTARIAN_PEPPER_ROOT;10235;12;10233;23;;;10246;12;10249;23;;;10240.5;18460.0
-2;240900;ASH_COATED_OSMIUM;9988;12;;;;;10004;12;10006;21;;;9996.0;5001.0
-2;240900;INTARIAN_PEPPER_ROOT;10235;10;10233;25;;;10247;10;10249;25;;;10241.0;18500.0
-2;241000;ASH_COATED_OSMIUM;9988;14;9985;30;;;10004;14;10006;30;;;9996.0;5001.0
-2;241000;INTARIAN_PEPPER_ROOT;10233;22;;;;;10247;10;10249;22;;;10240.0;18420.0
-2;241100;ASH_COATED_OSMIUM;9988;13;9985;28;;;10004;13;;;;;9996.0;5001.0
-2;241100;INTARIAN_PEPPER_ROOT;10235;8;10233;21;;;10247;8;10249;21;;;10241.0;18500.0
-2;241200;ASH_COATED_OSMIUM;9987;11;9985;26;;;10003;11;10006;26;;;9995.0;5078.0
-2;241200;INTARIAN_PEPPER_ROOT;10233;22;;;;;10247;10;10249;22;;;10240.0;18420.0
-2;241300;ASH_COATED_OSMIUM;9988;13;9985;21;;;10004;13;10006;21;;;9996.0;5001.0
-2;241300;INTARIAN_PEPPER_ROOT;10236;8;;;;;10249;20;;;;;10242.5;18620.0
-2;241400;ASH_COATED_OSMIUM;9988;14;9986;23;;;10004;14;10007;23;;;9996.0;5001.0
-2;241400;INTARIAN_PEPPER_ROOT;10236;9;;;;;10250;23;;;;;10243.0;18660.0
-2;241500;ASH_COATED_OSMIUM;9985;27;;;;;10004;10;;;;;9994.5;5116.5
-2;241500;INTARIAN_PEPPER_ROOT;10236;8;;;;;10243;9;10247;8;10250;20;10239.5;18380.0
-2;241600;ASH_COATED_OSMIUM;9988;12;9986;22;;;10007;22;;;;;9997.5;4885.5
-2;241600;INTARIAN_PEPPER_ROOT;10236;12;10233;15;;;10247;12;10250;15;;;10241.5;18540.0
-2;241700;ASH_COATED_OSMIUM;;;;;;;10005;12;10007;21;;;10005.0;4308.0
-2;241700;INTARIAN_PEPPER_ROOT;10239;11;10236;9;;;10247;9;10250;15;;;10243.0;18660.0
-2;241800;ASH_COATED_OSMIUM;9988;15;9986;25;;;10004;15;10007;25;;;9996.0;5001.0
-2;241800;INTARIAN_PEPPER_ROOT;10236;11;10234;20;;;10247;11;10250;20;;;10241.5;18540.0
-2;241900;ASH_COATED_OSMIUM;9988;15;9985;21;;;10004;15;10006;21;;;9996.0;5001.0
-2;241900;INTARIAN_PEPPER_ROOT;10236;8;10234;16;;;10248;8;10250;16;;;10242.0;18580.0
-2;242000;ASH_COATED_OSMIUM;9988;12;9986;20;;;10007;20;;;;;9997.5;4885.5
-2;242000;INTARIAN_PEPPER_ROOT;10236;9;10234;17;;;10250;17;;;;;10243.0;18660.0
-2;242100;ASH_COATED_OSMIUM;9989;11;9986;26;;;10007;26;;;;;9998.0;4847.0
-2;242100;INTARIAN_PEPPER_ROOT;10234;22;;;;;10248;8;10250;22;;;10241.0;18500.0
-2;242200;ASH_COATED_OSMIUM;9995;4;9989;13;;;10005;13;10008;22;;;10000.0;4693.0
-2;242200;INTARIAN_PEPPER_ROOT;;;;;;;10250;23;;;;;10250.0;19220.0
-2;242300;ASH_COATED_OSMIUM;9989;13;9987;21;;;10005;13;10008;21;;;9997.0;4924.0
-2;242300;INTARIAN_PEPPER_ROOT;10237;11;;;;;10248;11;10250;21;;;10242.5;18620.0
-2;242400;ASH_COATED_OSMIUM;9989;15;9987;23;;;10008;23;;;;;9998.5;4834.0
-2;242400;INTARIAN_PEPPER_ROOT;10237;11;;;;;10251;25;;;;;10244.0;18740.0
-2;242500;ASH_COATED_OSMIUM;9989;12;9987;21;;;9995;10;10005;12;;;9992.0;5324.0
-2;242500;INTARIAN_PEPPER_ROOT;10234;21;;;;;10251;21;;;;;10242.5;18620.0
-2;242600;ASH_COATED_OSMIUM;9989;13;9986;24;;;10005;13;;;;;9997.0;5002.0
-2;242600;INTARIAN_PEPPER_ROOT;10237;10;10234;24;;;10248;10;10251;24;;;10242.5;18620.0
-2;242700;ASH_COATED_OSMIUM;9986;20;;;;;10005;15;10007;20;;;9995.5;5113.0
-2;242700;INTARIAN_PEPPER_ROOT;10237;9;10235;17;;;10248;9;10251;17;;;10242.5;18620.0
-2;242800;ASH_COATED_OSMIUM;9994;3;9989;10;9986;27;10007;27;;;;;10000.5;4743.0
-2;242800;INTARIAN_PEPPER_ROOT;10237;9;10235;20;;;10251;20;;;;;10244.0;18740.0
-2;242900;ASH_COATED_OSMIUM;9988;14;9986;26;;;10004;14;10007;26;;;9996.0;5076.0
-2;242900;INTARIAN_PEPPER_ROOT;10237;8;;;;;10249;8;;;;;10243.0;18660.0
-2;243000;ASH_COATED_OSMIUM;9988;14;;;;;10004;14;10006;29;;;9996.0;5076.0
-2;243000;INTARIAN_PEPPER_ROOT;10237;8;10235;17;;;10249;8;10251;17;;;10243.0;18660.0
-2;243100;ASH_COATED_OSMIUM;9988;14;9985;24;;;10004;14;10006;24;;;9996.0;5076.0
-2;243100;INTARIAN_PEPPER_ROOT;10237;10;10235;18;;;10240;7;10251;18;;;10238.5;18300.0
-2;243200;ASH_COATED_OSMIUM;9988;15;9986;20;;;10004;15;;;;;9996.0;5076.0
-2;243200;INTARIAN_PEPPER_ROOT;10238;9;10235;24;;;10249;9;10251;24;;;10243.5;18700.0
-2;243300;ASH_COATED_OSMIUM;9989;12;;;;;10005;12;10008;21;;;9997.0;5002.0
-2;243300;INTARIAN_PEPPER_ROOT;10246;4;10238;9;10235;20;10249;9;10251;20;;;10247.5;19020.0
-2;243400;ASH_COATED_OSMIUM;9989;11;;;;;10005;11;10008;23;;;9997.0;5002.0
-2;243400;INTARIAN_PEPPER_ROOT;10235;17;;;;;10249;9;10252;17;;;10242.0;18580.0
-2;243500;ASH_COATED_OSMIUM;;;;;;;10006;15;10008;24;;;10006.0;4336.0
-2;243500;INTARIAN_PEPPER_ROOT;10238;11;10235;17;;;10249;11;10252;17;;;10243.5;18700.0
-2;243600;ASH_COATED_OSMIUM;9990;15;9987;28;;;10008;28;;;;;9999.0;4854.0
-2;243600;INTARIAN_PEPPER_ROOT;10238;12;10235;24;;;10249;12;10252;24;;;10243.5;18700.0
-2;243700;ASH_COATED_OSMIUM;9989;13;;;;;10005;13;10008;30;;;9997.0;5002.0
-2;243700;INTARIAN_PEPPER_ROOT;10238;12;;;;;10240;7;10249;12;10252;15;10239.0;18340.0
-2;243800;ASH_COATED_OSMIUM;9989;15;9987;27;;;10005;15;;;;;9997.0;5002.0
-2;243800;INTARIAN_PEPPER_ROOT;10238;9;10236;25;;;10249;9;10252;25;;;10243.5;18700.0
-2;243900;ASH_COATED_OSMIUM;9990;13;9987;26;;;10006;13;10008;26;;;9998.0;4928.0
-2;243900;INTARIAN_PEPPER_ROOT;10236;19;;;;;;;;;;;10236.0;18100.0
-2;244000;ASH_COATED_OSMIUM;9987;27;;;;;10005;12;10008;27;;;9996.0;5092.0
-2;244000;INTARIAN_PEPPER_ROOT;10238;8;10236;18;;;10250;8;10252;18;;;10244.0;18740.0
-2;244100;ASH_COATED_OSMIUM;9989;14;9986;20;;;10005;14;10007;20;;;9997.0;5016.0
-2;244100;INTARIAN_PEPPER_ROOT;10238;12;10236;19;;;10250;12;10252;19;;;10244.0;18740.0
-2;244200;ASH_COATED_OSMIUM;9989;10;9987;28;;;10008;28;;;;;9998.5;4902.0
-2;244200;INTARIAN_PEPPER_ROOT;10239;11;;;;;10250;11;;;;;10244.5;18780.0
-2;244300;ASH_COATED_OSMIUM;9990;12;9987;23;;;10006;12;;;;;9998.0;4940.0
-2;244300;INTARIAN_PEPPER_ROOT;10239;9;;;;;10250;9;10252;25;;;10244.5;18780.0
-2;244400;ASH_COATED_OSMIUM;9990;12;9987;27;;;10006;12;10008;27;;;9998.0;4940.0
-2;244400;INTARIAN_PEPPER_ROOT;10239;12;10236;20;;;10250;12;10253;20;;;10244.5;18780.0
-2;244500;ASH_COATED_OSMIUM;9990;11;9987;24;;;10006;11;;;;;9998.0;4940.0
-2;244500;INTARIAN_PEPPER_ROOT;10239;8;10236;20;;;10250;8;10253;20;;;10244.5;18780.0
-2;244600;ASH_COATED_OSMIUM;9990;15;;;;;10006;15;10008;30;;;9998.0;4940.0
-2;244600;INTARIAN_PEPPER_ROOT;10236;16;;;;;10250;8;10253;16;;;10243.0;18660.0
-2;244700;ASH_COATED_OSMIUM;9990;14;9987;27;;;10008;27;;;;;9999.0;4864.0
-2;244700;INTARIAN_PEPPER_ROOT;10237;17;;;;;10250;9;10253;17;;;10243.5;18700.0
-2;244800;ASH_COATED_OSMIUM;9990;11;9987;24;;;10006;11;10008;24;;;9998.0;4940.0
-2;244800;INTARIAN_PEPPER_ROOT;10239;10;10237;18;;;10250;10;10253;18;;;10244.5;18780.0
-2;244900;ASH_COATED_OSMIUM;9990;14;9988;23;;;10006;14;10009;23;;;9998.0;4940.0
-2;244900;INTARIAN_PEPPER_ROOT;10239;10;10237;19;;;10251;10;;;;;10245.0;18820.0
-2;245000;ASH_COATED_OSMIUM;9988;30;;;;;10009;30;;;;;9998.5;4902.0
-2;245000;INTARIAN_PEPPER_ROOT;10239;8;10237;16;;;10253;16;;;;;10246.0;18900.0
-2;245100;ASH_COATED_OSMIUM;9990;10;9987;26;;;10008;26;;;;;9999.0;4864.0
-2;245100;INTARIAN_PEPPER_ROOT;10239;11;10237;20;;;10253;20;;;;;10246.0;18900.0
-2;245200;ASH_COATED_OSMIUM;9990;11;9987;28;;;10006;11;;;;;9998.0;4940.0
-2;245200;INTARIAN_PEPPER_ROOT;10240;11;10237;20;;;10251;11;10253;20;;;10245.5;18860.0
-2;245300;ASH_COATED_OSMIUM;9996;2;9990;14;9988;22;10009;22;;;;;10002.5;4598.0
-2;245300;INTARIAN_PEPPER_ROOT;10240;12;10237;17;;;10251;12;;;;;10245.5;18860.0
-2;245400;ASH_COATED_OSMIUM;9990;11;9987;21;;;10006;11;10008;21;;;9998.0;4940.0
-2;245400;INTARIAN_PEPPER_ROOT;;;;;;;10254;24;;;;;10254.0;19540.0
-2;245500;ASH_COATED_OSMIUM;9990;15;9987;26;;;10008;26;;;;;9999.0;4864.0
-2;245500;INTARIAN_PEPPER_ROOT;10240;10;;;;;10251;10;10254;23;;;10245.5;18860.0
-2;245600;ASH_COATED_OSMIUM;9990;13;9987;22;;;10006;13;;;;;9998.0;4940.0
-2;245600;INTARIAN_PEPPER_ROOT;10240;11;10237;17;;;10251;11;10254;17;;;10245.5;18860.0
-2;245700;ASH_COATED_OSMIUM;;;;;;;;;;;;;0.0;764788.0
-2;245700;INTARIAN_PEPPER_ROOT;10240;9;10238;17;;;10251;9;;;;;10245.5;18860.0
-2;245800;ASH_COATED_OSMIUM;9990;13;;;;;10006;13;10009;30;;;9998.0;4940.0
-2;245800;INTARIAN_PEPPER_ROOT;10240;11;;;;;10254;15;;;;;10247.0;18980.0
-2;245900;ASH_COATED_OSMIUM;9990;14;;;;;10009;27;;;;;9999.5;4851.5
-2;245900;INTARIAN_PEPPER_ROOT;10238;23;;;;;10252;10;10254;23;;;10245.0;18820.0
-2;246000;ASH_COATED_OSMIUM;9990;10;9988;24;;;10009;24;;;;;9999.5;4851.5
-2;246000;INTARIAN_PEPPER_ROOT;10240;9;10238;15;;;10252;9;10254;15;;;10246.0;18900.0
-2;246100;ASH_COATED_OSMIUM;9990;13;9988;21;;;10006;13;10009;21;;;9998.0;4961.0
-2;246100;INTARIAN_PEPPER_ROOT;10240;12;;;;;10252;12;10254;25;;;10246.0;18900.0
-2;246200;ASH_COATED_OSMIUM;9988;27;;;;;10006;11;10009;27;;;9997.0;5034.0
-2;246200;INTARIAN_PEPPER_ROOT;10241;10;10238;15;;;;;;;;;10241.0;18500.0
-2;246300;ASH_COATED_OSMIUM;9990;12;9987;24;;;10006;12;10008;24;;;9998.0;4961.0
-2;246300;INTARIAN_PEPPER_ROOT;10241;11;10238;23;;;10252;11;10254;23;;;10246.5;18940.0
-2;246400;ASH_COATED_OSMIUM;9990;10;9988;27;;;10006;10;10009;27;;;9998.0;4961.0
-2;246400;INTARIAN_PEPPER_ROOT;10241;10;;;;;10255;22;;;;;10248.0;19060.0
-2;246500;ASH_COATED_OSMIUM;10000;7;9988;21;;;10007;12;10009;21;;;10003.5;4535.0
-2;246500;INTARIAN_PEPPER_ROOT;10241;10;10238;25;;;10255;25;;;;;10248.0;19060.0
-2;246600;ASH_COATED_OSMIUM;9991;14;9988;25;;;10000;5;10007;14;10009;25;9995.5;5175.0
-2;246600;INTARIAN_PEPPER_ROOT;10241;11;10238;18;;;10252;11;10255;18;;;10246.5;18940.0
-2;246700;ASH_COATED_OSMIUM;9990;12;9988;23;;;10009;23;;;;;9999.5;4855.0
-2;246700;INTARIAN_PEPPER_ROOT;10241;12;10239;23;;;10252;12;10255;23;;;10246.5;18940.0
-2;246800;ASH_COATED_OSMIUM;;;;;;;10006;14;10009;20;;;10006.0;4335.0
-2;246800;INTARIAN_PEPPER_ROOT;10241;8;10239;24;;;10255;24;;;;;10248.0;19060.0
-2;246900;ASH_COATED_OSMIUM;9991;11;9988;22;;;10007;11;10009;22;;;9999.0;4895.0
-2;246900;INTARIAN_PEPPER_ROOT;10241;9;10239;24;;;10253;9;10255;24;;;10247.0;18980.0
-2;247000;ASH_COATED_OSMIUM;9991;14;9988;28;;;10007;14;10009;28;;;9999.0;4895.0
-2;247000;INTARIAN_PEPPER_ROOT;10241;11;10239;21;;;10253;11;10255;21;;;10247.0;18980.0
-2;247100;ASH_COATED_OSMIUM;9991;12;9988;27;;;10007;12;10009;27;;;9999.0;4895.0
-2;247100;INTARIAN_PEPPER_ROOT;10241;9;10239;18;;;10253;9;10255;18;;;10247.0;18980.0
-2;247200;ASH_COATED_OSMIUM;9991;12;;;;;10000;2;10007;12;10009;22;9995.5;5175.0
-2;247200;INTARIAN_PEPPER_ROOT;10242;8;;;;;;;;;;;10242.0;18580.0
-2;247300;ASH_COATED_OSMIUM;9991;10;9989;28;;;10010;28;;;;;10000.5;4775.0
-2;247300;INTARIAN_PEPPER_ROOT;10242;10;;;;;10253;10;10255;22;;;10247.5;19020.0
-2;247400;ASH_COATED_OSMIUM;9989;20;;;;;10007;10;;;;;9998.0;4975.0
-2;247400;INTARIAN_PEPPER_ROOT;10242;9;10239;19;;;10256;19;;;;;10249.0;19140.0
-2;247500;ASH_COATED_OSMIUM;9991;13;9989;24;;;10007;13;10010;24;;;9999.0;4895.0
-2;247500;INTARIAN_PEPPER_ROOT;10242;9;10239;15;;;10253;9;10256;15;;;10247.5;19020.0
-2;247600;ASH_COATED_OSMIUM;9991;12;9989;21;;;10010;21;;;;;10000.5;4775.0
-2;247600;INTARIAN_PEPPER_ROOT;10242;11;10239;17;;;10253;11;10256;17;;;10247.5;19020.0
-2;247700;ASH_COATED_OSMIUM;9992;15;9989;23;;;10001;3;10010;23;;;9996.5;5095.0
-2;247700;INTARIAN_PEPPER_ROOT;10242;9;10240;18;;;10244;6;10253;9;;;10243.0;18660.0
-2;247800;ASH_COATED_OSMIUM;9991;10;9989;24;;;10007;10;10010;24;;;9999.0;4895.0
-2;247800;INTARIAN_PEPPER_ROOT;10242;12;10240;22;;;10253;12;;;;;10247.5;19020.0
-2;247900;ASH_COATED_OSMIUM;9988;30;;;;;10007;14;10009;30;;;9997.5;5015.0
-2;247900;INTARIAN_PEPPER_ROOT;10242;8;;;;;10254;8;10256;24;;;10248.0;19060.0
-2;248000;ASH_COATED_OSMIUM;9991;12;9989;24;;;10007;12;10010;24;;;9999.0;4895.0
-2;248000;INTARIAN_PEPPER_ROOT;10240;21;;;;;10254;8;;;;;10247.0;18980.0
-2;248100;ASH_COATED_OSMIUM;9991;14;9988;27;;;10009;27;;;;;10000.0;4815.0
-2;248100;INTARIAN_PEPPER_ROOT;10242;10;10240;22;;;10254;10;10256;22;;;10248.0;19060.0
-2;248200;ASH_COATED_OSMIUM;9991;11;9988;30;;;10009;30;;;;;10000.0;4815.0
-2;248200;INTARIAN_PEPPER_ROOT;10243;10;10240;23;;;10254;10;10256;23;;;10248.5;19100.0
-2;248300;ASH_COATED_OSMIUM;9990;10;9988;30;;;10006;10;;;;;9998.0;4975.0
-2;248300;INTARIAN_PEPPER_ROOT;10243;12;10240;15;;;10254;12;10256;15;;;10248.5;19100.0
-2;248400;ASH_COATED_OSMIUM;9990;14;9988;23;;;10006;14;10009;23;;;9998.0;4975.0
-2;248400;INTARIAN_PEPPER_ROOT;10243;12;10240;22;;;10257;22;;;;;10250.0;19220.0
-2;248500;ASH_COATED_OSMIUM;;;;;;;9999;3;10006;13;10008;23;9999.0;4895.0
-2;248500;INTARIAN_PEPPER_ROOT;10243;9;10240;23;;;10254;9;10257;23;;;10248.5;19100.0
-2;248600;ASH_COATED_OSMIUM;9990;14;;;;;10006;14;10009;26;;;9998.0;4972.0
-2;248600;INTARIAN_PEPPER_ROOT;10243;11;10240;18;;;10254;11;10257;18;;;10248.5;19100.0
-2;248700;ASH_COATED_OSMIUM;9990;13;9988;28;;;10000;3;10006;13;10009;28;9995.0;5203.0
-2;248700;INTARIAN_PEPPER_ROOT;10243;9;10241;17;;;10245;7;10254;9;10257;17;10244.0;18740.0
-2;248800;ASH_COATED_OSMIUM;9990;12;9987;22;;;10006;12;;;;;9998.0;4972.0
-2;248800;INTARIAN_PEPPER_ROOT;10241;23;;;;;10254;9;10257;23;;;10247.5;19020.0
-2;248900;ASH_COATED_OSMIUM;9990;13;;;;;10006;13;10009;27;;;9998.0;4972.0
-2;248900;INTARIAN_PEPPER_ROOT;10241;22;;;;;10255;10;;;;;10248.0;19060.0
-2;249000;ASH_COATED_OSMIUM;9990;10;;;;;10006;10;10009;23;;;9998.0;4972.0
-2;249000;INTARIAN_PEPPER_ROOT;10243;10;;;;;10255;10;10257;20;;;10249.0;19140.0
-2;249100;ASH_COATED_OSMIUM;9988;29;;;;;10006;14;10009;29;;;9997.0;5049.0
-2;249100;INTARIAN_PEPPER_ROOT;10243;11;;;;;10257;21;;;;;10250.0;19220.0
-2;249200;ASH_COATED_OSMIUM;10000;5;9990;10;9988;28;10009;28;;;;;10004.5;4458.0
-2;249200;INTARIAN_PEPPER_ROOT;10244;9;10241;20;;;10255;9;;;;;10249.5;19180.0
-2;249300;ASH_COATED_OSMIUM;9991;12;;;;;10007;12;10009;20;;;9999.0;4898.0
-2;249300;INTARIAN_PEPPER_ROOT;10244;12;;;;;10255;12;10257;24;;;10249.5;19180.0
-2;249400;ASH_COATED_OSMIUM;9990;13;9988;28;;;10006;13;10009;28;;;9998.0;4978.0
-2;249400;INTARIAN_PEPPER_ROOT;10244;9;10241;19;;;10255;9;10258;19;;;10249.5;19180.0
-2;249500;ASH_COATED_OSMIUM;9988;24;;;;;10006;13;10009;24;;;9997.0;5058.0
-2;249500;INTARIAN_PEPPER_ROOT;10244;8;;;;;10255;8;10258;22;;;10249.5;19180.0
-2;249600;ASH_COATED_OSMIUM;9990;14;9988;20;;;10006;14;10009;20;;;9998.0;4978.0
-2;249600;INTARIAN_PEPPER_ROOT;10244;9;;;;;10255;9;10258;15;;;10249.5;19180.0
-2;249700;ASH_COATED_OSMIUM;9990;15;9987;28;;;10006;15;10008;28;;;9998.0;5006.0
-2;249700;INTARIAN_PEPPER_ROOT;10244;8;10242;15;;;;;;;;;10244.0;18740.0
-2;249800;ASH_COATED_OSMIUM;9988;22;;;;;10006;11;;;;;9997.0;5082.0
-2;249800;INTARIAN_PEPPER_ROOT;10244;12;;;;;10255;12;10258;19;;;10249.5;19180.0
-2;249900;ASH_COATED_OSMIUM;9991;10;9988;28;;;10007;10;10009;28;;;9999.0;4930.0
-2;249900;INTARIAN_PEPPER_ROOT;10244;9;10242;20;;;10258;20;;;;;10251.0;19300.0
-2;250000;ASH_COATED_OSMIUM;9991;12;9989;20;;;10010;20;;;;;10000.5;4816.0
-2;250000;INTARIAN_PEPPER_ROOT;10244;8;;;;;10256;8;10258;17;;;10250.0;19220.0
-2;250100;ASH_COATED_OSMIUM;9988;27;;;;;10007;15;10009;27;;;9997.5;5044.0
-2;250100;INTARIAN_PEPPER_ROOT;10244;11;;;;;10258;20;;;;;10251.0;19300.0
-2;250200;ASH_COATED_OSMIUM;9991;12;9989;28;;;10010;28;;;;;10000.5;4816.0
-2;250200;INTARIAN_PEPPER_ROOT;10245;10;;;;;10256;10;10258;25;;;10250.5;19260.0
-2;250300;ASH_COATED_OSMIUM;9991;13;;;;;10007;13;10010;28;;;9999.0;4930.0
-2;250300;INTARIAN_PEPPER_ROOT;10245;9;;;;;10258;21;;;;;10251.5;19340.0
-2;250400;ASH_COATED_OSMIUM;9991;14;9989;21;;;;;;;;;9991.0;5538.0
-2;250400;INTARIAN_PEPPER_ROOT;10245;8;10242;16;;;10252;12;10256;8;10259;16;10248.5;19100.0
-2;250500;ASH_COATED_OSMIUM;9992;15;9989;21;;;10010;21;;;;;10001.0;4778.0
-2;250500;INTARIAN_PEPPER_ROOT;10245;12;10242;16;;;;;;;;;10245.0;18820.0
-2;250600;ASH_COATED_OSMIUM;9991;12;;;;;10010;20;;;;;10000.5;4816.0
-2;250600;INTARIAN_PEPPER_ROOT;10245;11;10242;24;;;10256;11;10259;24;;;10250.5;19260.0
-2;250700;ASH_COATED_OSMIUM;9991;10;9989;28;;;10007;10;;;;;9999.0;4930.0
-2;250700;INTARIAN_PEPPER_ROOT;10245;8;10243;16;;;10256;8;10259;16;;;10250.5;19260.0
-2;250800;ASH_COATED_OSMIUM;9991;14;;;;;10001;2;10007;14;10010;24;9996.0;5158.0
-2;250800;INTARIAN_PEPPER_ROOT;10245;11;10243;25;;;10256;11;10259;25;;;10250.5;19260.0
-2;250900;ASH_COATED_OSMIUM;9991;10;9989;24;;;10007;10;10010;24;;;9999.0;4930.0
-2;250900;INTARIAN_PEPPER_ROOT;10245;10;10243;23;;;10257;10;10259;23;;;10251.0;19300.0
-2;251000;ASH_COATED_OSMIUM;9989;24;;;;;10007;10;10010;24;;;9998.0;5006.0
-2;251000;INTARIAN_PEPPER_ROOT;10245;8;10243;20;;;10257;8;;;;;10251.0;19300.0
-2;251100;ASH_COATED_OSMIUM;9991;14;9989;29;;;10007;14;10010;29;;;9999.0;4930.0
-2;251100;INTARIAN_PEPPER_ROOT;10245;9;10243;22;;;10257;9;10259;22;;;10251.0;19300.0
-2;251200;ASH_COATED_OSMIUM;9997;2;9992;14;9989;28;10008;14;10010;28;;;10002.5;4664.0
-2;251200;INTARIAN_PEPPER_ROOT;10246;12;10243;21;;;10257;12;;;;;10251.5;19340.0
-2;251300;ASH_COATED_OSMIUM;9992;13;9989;21;;;10008;13;10010;21;;;10000.0;4854.0
-2;251300;INTARIAN_PEPPER_ROOT;10246;9;10243;15;;;10259;15;;;;;10252.5;19420.0
-2;251400;ASH_COATED_OSMIUM;9991;10;9989;22;;;10007;10;10010;22;;;9999.0;4930.0
-2;251400;INTARIAN_PEPPER_ROOT;;;;;;;10257;8;10260;22;;;10257.0;19780.0
-2;251500;ASH_COATED_OSMIUM;9991;13;9989;28;;;10007;13;10010;28;;;9999.0;4930.0
-2;251500;INTARIAN_PEPPER_ROOT;10246;9;10243;21;;;10257;9;10260;21;;;10251.5;19340.0
-2;251600;ASH_COATED_OSMIUM;9992;11;9989;23;;;10008;11;10010;23;;;10000.0;4854.0
-2;251600;INTARIAN_PEPPER_ROOT;10246;12;;;;;10257;12;10260;18;;;10251.5;19340.0
-2;251700;ASH_COATED_OSMIUM;9992;13;9989;29;;;10008;13;10010;29;;;10000.0;4854.0
-2;251700;INTARIAN_PEPPER_ROOT;10244;18;;;;;10257;10;10260;18;;;10250.5;19260.0
-2;251800;ASH_COATED_OSMIUM;9992;11;9989;29;;;10008;11;10010;29;;;10000.0;4854.0
-2;251800;INTARIAN_PEPPER_ROOT;10246;12;10244;18;;;10260;18;;;;;10253.0;19460.0
-2;251900;ASH_COATED_OSMIUM;9992;14;;;;;10010;29;;;;;10001.0;4778.0
-2;251900;INTARIAN_PEPPER_ROOT;10246;12;10244;20;;;10258;12;10260;20;;;10252.0;19380.0
-2;252000;ASH_COATED_OSMIUM;9992;10;9989;20;;;10008;10;10010;20;;;10000.0;4854.0
-2;252000;INTARIAN_PEPPER_ROOT;10246;10;;;;;10258;10;;;;;10252.0;19380.0
-2;252100;ASH_COATED_OSMIUM;9992;15;;;;;10008;15;10010;24;;;10000.0;4854.0
-2;252100;INTARIAN_PEPPER_ROOT;10255;7;10246;12;;;10258;12;10260;20;;;10256.5;19740.0
-2;252200;ASH_COATED_OSMIUM;9992;13;9989;24;;;10008;13;10010;24;;;10000.0;4854.0
-2;252200;INTARIAN_PEPPER_ROOT;10247;11;10244;22;;;10258;11;10260;22;;;10252.5;19420.0
-2;252300;ASH_COATED_OSMIUM;9992;14;9990;22;;;10008;14;10011;22;;;10000.0;4854.0
-2;252300;INTARIAN_PEPPER_ROOT;10247;9;10244;23;;;10258;9;;;;;10252.5;19420.0
-2;252400;ASH_COATED_OSMIUM;9992;11;;;;;;;;;;;9992.0;5462.0
-2;252400;INTARIAN_PEPPER_ROOT;10247;9;;;;;10261;24;;;;;10254.0;19540.0
-2;252500;ASH_COATED_OSMIUM;9992;14;9990;24;;;10008;14;10011;24;;;10000.0;4854.0
-2;252500;INTARIAN_PEPPER_ROOT;10244;24;;;;;10258;12;10261;24;;;10251.0;19300.0
-2;252600;ASH_COATED_OSMIUM;9992;11;9989;28;;;10008;11;10010;28;;;10000.0;4854.0
-2;252600;INTARIAN_PEPPER_ROOT;10247;10;10244;15;;;10258;10;10261;15;;;10252.5;19420.0
-2;252700;ASH_COATED_OSMIUM;9992;11;9989;28;;;10008;11;10010;28;;;10000.0;4854.0
-2;252700;INTARIAN_PEPPER_ROOT;10245;15;;;;;10261;15;;;;;10253.0;19460.0
-2;252800;ASH_COATED_OSMIUM;;;;;;;10007;15;;;;;10007.0;4322.0
-2;252800;INTARIAN_PEPPER_ROOT;10247;12;10245;25;;;10258;12;10261;25;;;10252.5;19420.0
-2;252900;ASH_COATED_OSMIUM;9991;13;9988;22;;;10007;13;10009;22;;;9999.0;4930.0
-2;252900;INTARIAN_PEPPER_ROOT;10245;19;;;;;10259;8;;;;;10252.0;19380.0
-2;253000;ASH_COATED_OSMIUM;9989;27;;;;;10007;12;10010;27;;;9998.0;5022.0
-2;253000;INTARIAN_PEPPER_ROOT;10245;20;;;;;10249;4;10259;12;10261;20;10247.0;18980.0
-2;253100;ASH_COATED_OSMIUM;9991;12;9989;28;;;10007;12;10010;28;;;9999.0;4944.0
-2;253100;INTARIAN_PEPPER_ROOT;10247;12;10245;23;;;10259;12;10261;23;;;10253.0;19460.0
-2;253200;ASH_COATED_OSMIUM;9992;10;9989;25;;;10008;10;10010;25;;;10000.0;4866.0
-2;253200;INTARIAN_PEPPER_ROOT;10248;8;10245;24;;;10261;24;;;;;10254.5;19580.0
-2;253300;ASH_COATED_OSMIUM;9992;11;;;;;10008;11;10010;25;;;10000.0;4866.0
-2;253300;INTARIAN_PEPPER_ROOT;10248;9;10245;21;;;10259;9;10261;21;;;10253.5;19500.0
-2;253400;ASH_COATED_OSMIUM;9991;10;9989;29;;;10007;10;10010;29;;;9999.0;4944.0
-2;253400;INTARIAN_PEPPER_ROOT;10248;9;10245;25;;;10259;9;;;;;10253.5;19500.0
-2;253500;ASH_COATED_OSMIUM;9991;13;9988;20;;;10009;20;;;;;10000.0;4866.0
-2;253500;INTARIAN_PEPPER_ROOT;10248;10;10245;21;;;;;;;;;10248.0;19060.0
-2;253600;ASH_COATED_OSMIUM;9991;10;9988;20;;;10007;10;10009;20;;;9999.0;4944.0
-2;253600;INTARIAN_PEPPER_ROOT;10248;10;10245;24;;;10262;24;;;;;10255.0;19620.0
-2;253700;ASH_COATED_OSMIUM;9991;15;9988;29;;;10007;15;10009;29;;;9999.0;4944.0
-2;253700;INTARIAN_PEPPER_ROOT;10246;19;;;;;10259;11;10262;19;;;10252.5;19420.0
-2;253800;ASH_COATED_OSMIUM;9991;12;;;;;10007;12;10009;22;;;9999.0;4944.0
-2;253800;INTARIAN_PEPPER_ROOT;10246;18;;;;;10262;18;;;;;10254.0;19540.0
-2;253900;ASH_COATED_OSMIUM;9991;12;9988;28;;;10007;12;;;;;9999.0;4944.0
-2;253900;INTARIAN_PEPPER_ROOT;10248;12;10246;22;;;10260;12;10262;22;;;10254.0;19540.0
-2;254000;ASH_COATED_OSMIUM;9991;13;;;;;10007;13;;;;;9999.0;4944.0
-2;254000;INTARIAN_PEPPER_ROOT;10248;10;10246;21;;;10260;10;;;;;10254.0;19540.0
-2;254100;ASH_COATED_OSMIUM;10000;2;9990;13;;;10006;13;10009;24;;;10003.0;4632.0
-2;254100;INTARIAN_PEPPER_ROOT;10248;8;;;;;10260;8;;;;;10254.0;19540.0
-2;254200;ASH_COATED_OSMIUM;9991;13;9988;30;;;10007;13;10009;30;;;9999.0;4944.0
-2;254200;INTARIAN_PEPPER_ROOT;10249;10;10246;20;;;10260;10;;;;;10254.5;19580.0
-2;254300;ASH_COATED_OSMIUM;;;;;;;10006;14;;;;;10006.0;4398.0
-2;254300;INTARIAN_PEPPER_ROOT;10249;10;10246;15;;;10260;10;10262;15;;;10254.5;19580.0
-2;254400;ASH_COATED_OSMIUM;9995;3;9990;15;9987;24;10006;15;10008;24;;;10000.5;4836.0
-2;254400;INTARIAN_PEPPER_ROOT;10249;9;;;;;10260;9;10263;21;;;10254.5;19580.0
-2;254500;ASH_COATED_OSMIUM;9990;11;9987;28;;;10008;28;;;;;9999.0;4950.0
-2;254500;INTARIAN_PEPPER_ROOT;10249;8;10246;19;;;10260;8;10263;19;;;10254.5;19580.0
-2;254600;ASH_COATED_OSMIUM;9989;13;9987;27;;;10005;13;10008;27;;;9997.0;5102.0
-2;254600;INTARIAN_PEPPER_ROOT;;;;;;;10260;10;;;;;10260.0;20020.0
-2;254700;ASH_COATED_OSMIUM;9988;12;9986;24;;;10007;24;;;;;9997.5;5064.0
-2;254700;INTARIAN_PEPPER_ROOT;10249;8;;;;;10263;17;;;;;10256.0;19700.0
-2;254800;ASH_COATED_OSMIUM;9986;27;;;;;10004;11;10007;27;;;9995.0;5254.0
-2;254800;INTARIAN_PEPPER_ROOT;10249;8;10247;20;;;10260;8;10263;20;;;10254.5;19580.0
-2;254900;ASH_COATED_OSMIUM;9988;13;9986;28;;;10004;13;10007;28;;;9996.0;5178.0
-2;254900;INTARIAN_PEPPER_ROOT;10249;9;10247;20;;;10261;9;10263;20;;;10255.0;19620.0
-2;255000;ASH_COATED_OSMIUM;9989;14;9986;20;;;10007;20;;;;;9998.0;5026.0
-2;255000;INTARIAN_PEPPER_ROOT;10249;9;10247;15;;;10251;5;;;;;10250.0;19220.0
-2;255100;ASH_COATED_OSMIUM;9989;12;9986;28;;;10005;12;10007;28;;;9997.0;5102.0
-2;255100;INTARIAN_PEPPER_ROOT;10249;12;10247;18;;;10261;12;10263;18;;;10255.0;19620.0
-2;255200;ASH_COATED_OSMIUM;9989;11;9986;26;;;10005;11;10007;26;;;9997.0;5116.0
-2;255200;INTARIAN_PEPPER_ROOT;10250;10;;;;;10261;10;10263;21;;;10255.5;19660.0
-2;255300;ASH_COATED_OSMIUM;9989;15;;;;;10005;15;;;;;9997.0;5116.0
-2;255300;INTARIAN_PEPPER_ROOT;10250;11;10247;21;;;10261;11;10263;21;;;10255.5;19660.0
-2;255400;ASH_COATED_OSMIUM;9989;15;9986;30;;;10007;30;;;;;9998.0;5042.0
-2;255400;INTARIAN_PEPPER_ROOT;10247;22;;;;;10261;10;10264;22;;;10254.0;19540.0
-2;255500;ASH_COATED_OSMIUM;9989;13;9986;29;;;10007;29;;;;;9998.0;5042.0
-2;255500;INTARIAN_PEPPER_ROOT;10247;18;;;;;10264;18;;;;;10255.5;19660.0
-2;255600;ASH_COATED_OSMIUM;9989;15;9987;29;;;10008;29;;;;;9998.5;5005.0
-2;255600;INTARIAN_PEPPER_ROOT;;;;;;;10261;11;10264;20;;;10261.0;20100.0
-2;255700;ASH_COATED_OSMIUM;9989;11;9987;24;;;10005;11;;;;;9997.0;5116.0
-2;255700;INTARIAN_PEPPER_ROOT;10250;11;10248;16;;;10264;16;;;;;10257.0;19780.0
-2;255800;ASH_COATED_OSMIUM;9988;12;9986;20;;;10004;12;10007;20;;;9996.0;5190.0
-2;255800;INTARIAN_PEPPER_ROOT;10248;15;;;;;10261;12;10264;15;;;10254.5;19580.0
-2;255900;ASH_COATED_OSMIUM;9988;12;9986;29;;;10007;29;;;;;9997.5;5079.0
-2;255900;INTARIAN_PEPPER_ROOT;10250;8;10248;21;;;10262;8;10264;21;;;10256.0;19700.0
-2;256000;ASH_COATED_OSMIUM;9989;11;9986;23;;;10005;11;10007;23;;;9997.0;5116.0
-2;256000;INTARIAN_PEPPER_ROOT;10250;10;10248;22;;;10264;22;;;;;10257.0;19780.0
-2;256100;ASH_COATED_OSMIUM;9988;15;;;;;10004;15;10007;23;;;9996.0;5190.0
-2;256100;INTARIAN_PEPPER_ROOT;10250;9;10248;21;;;10264;21;;;;;10257.0;19780.0
-2;256200;ASH_COATED_OSMIUM;9988;13;9986;23;;;10004;13;;;;;9996.0;5190.0
-2;256200;INTARIAN_PEPPER_ROOT;10251;9;10248;21;;;10264;21;;;;;10257.5;19820.0
-2;256300;ASH_COATED_OSMIUM;9989;15;;;;;10005;15;10007;24;;;9997.0;5116.0
-2;256300;INTARIAN_PEPPER_ROOT;10248;19;;;;;10262;11;10264;19;;;10255.0;19620.0
-2;256400;ASH_COATED_OSMIUM;9989;13;9986;20;;;10005;13;10007;20;;;9997.0;5116.0
-2;256400;INTARIAN_PEPPER_ROOT;10251;11;10248;20;;;10262;11;;;;;10256.5;19740.0
-2;256500;ASH_COATED_OSMIUM;9989;15;9986;30;;;10005;15;10007;30;;;9997.0;5116.0
-2;256500;INTARIAN_PEPPER_ROOT;10251;10;;;;;10262;10;10265;25;;;10256.5;19740.0
-2;256600;ASH_COATED_OSMIUM;9987;23;;;;;10005;14;10008;23;;;9996.0;5190.0
-2;256600;INTARIAN_PEPPER_ROOT;10251;10;10248;16;;;10262;10;10265;16;;;10256.5;19740.0
-2;256700;ASH_COATED_OSMIUM;9986;24;;;;;10005;14;10007;24;;;9995.5;5227.0
-2;256700;INTARIAN_PEPPER_ROOT;10251;10;;;;;10262;10;10265;24;;;10256.5;19740.0
-2;256800;ASH_COATED_OSMIUM;9989;12;9986;23;;;10007;23;;;;;9998.0;5042.0
-2;256800;INTARIAN_PEPPER_ROOT;10251;9;10249;24;;;10262;9;10265;24;;;10256.5;19740.0
-2;256900;ASH_COATED_OSMIUM;9989;10;9986;27;;;10005;10;;;;;9997.0;5116.0
-2;256900;INTARIAN_PEPPER_ROOT;10249;20;;;;;10263;10;10265;20;;;10256.0;19700.0
-2;257000;ASH_COATED_OSMIUM;9989;12;9986;25;;;10005;12;10007;25;;;9997.0;5116.0
-2;257000;INTARIAN_PEPPER_ROOT;10249;18;;;;;10263;8;10265;18;;;10256.0;19700.0
-2;257100;ASH_COATED_OSMIUM;9989;10;9986;24;;;10005;10;10007;24;;;9997.0;5116.0
-2;257100;INTARIAN_PEPPER_ROOT;10251;9;10249;22;;;10265;22;;;;;10258.0;19860.0
-2;257200;ASH_COATED_OSMIUM;9989;14;9986;27;;;10005;14;10007;27;;;9997.0;5116.0
-2;257200;INTARIAN_PEPPER_ROOT;10252;11;10249;25;;;10263;11;10265;25;;;10257.5;19820.0
-2;257300;ASH_COATED_OSMIUM;9989;11;9986;24;;;10005;11;10007;24;;;9997.0;5116.0
-2;257300;INTARIAN_PEPPER_ROOT;10249;22;;;;;10263;9;10265;22;;;10256.0;19700.0
-2;257400;ASH_COATED_OSMIUM;9988;11;9986;27;;;;;;;;;9988.0;5782.0
-2;257400;INTARIAN_PEPPER_ROOT;10249;16;;;;;10263;10;;;;;10256.0;19700.0
-2;257500;ASH_COATED_OSMIUM;9988;11;9985;24;;;10004;11;;;;;9996.0;5225.0
-2;257500;INTARIAN_PEPPER_ROOT;10252;8;;;;;;;;;;;10252.0;19380.0
-2;257600;ASH_COATED_OSMIUM;9988;13;9986;30;;;10007;30;;;;;9997.5;5106.5
-2;257600;INTARIAN_PEPPER_ROOT;10249;19;;;;;10266;19;;;;;10257.5;19820.0
-2;257700;ASH_COATED_OSMIUM;9986;27;;;;;10004;10;10007;27;;;9995.0;5304.0
-2;257700;INTARIAN_PEPPER_ROOT;10252;11;10250;25;;;10266;25;;;;;10259.0;19940.0
-2;257800;ASH_COATED_OSMIUM;9988;10;9985;23;;;10004;10;10006;23;;;9996.0;5225.0
-2;257800;INTARIAN_PEPPER_ROOT;10252;8;;;;;10263;8;10266;17;;;10257.5;19820.0
-2;257900;ASH_COATED_OSMIUM;9988;14;;;;;10006;21;;;;;9997.0;5146.0
-2;257900;INTARIAN_PEPPER_ROOT;10252;8;;;;;10264;8;10266;23;;;10258.0;19860.0
-2;258000;ASH_COATED_OSMIUM;9994;2;9988;13;9986;20;10004;13;10007;20;;;9999.0;4988.0
-2;258000;INTARIAN_PEPPER_ROOT;10250;23;;;;;10264;10;;;;;10257.0;19780.0
-2;258100;ASH_COATED_OSMIUM;9986;28;;;;;10004;14;10007;28;;;9995.0;5304.0
-2;258100;INTARIAN_PEPPER_ROOT;10250;21;;;;;10264;9;10266;21;;;10257.0;19780.0
-2;258200;ASH_COATED_OSMIUM;9989;11;;;;;10005;11;10007;21;;;9997.0;5146.0
-2;258200;INTARIAN_PEPPER_ROOT;10253;11;;;;;10264;11;10266;21;;;10258.5;19900.0
-2;258300;ASH_COATED_OSMIUM;9989;15;9986;21;;;;;;;;;9989.0;5778.0
-2;258300;INTARIAN_PEPPER_ROOT;10253;12;10250;25;;;10264;12;10266;25;;;10258.5;19900.0
-2;258400;ASH_COATED_OSMIUM;;;;;;;10004;13;10007;26;;;10004.0;4593.0
-2;258400;INTARIAN_PEPPER_ROOT;10253;11;10250;24;;;10264;11;10267;24;;;10258.5;19900.0
-2;258500;ASH_COATED_OSMIUM;9988;11;9985;28;;;10004;11;10006;28;;;9996.0;5225.0
-2;258500;INTARIAN_PEPPER_ROOT;10253;11;;;;;10267;25;;;;;10260.0;20020.0
-2;258600;ASH_COATED_OSMIUM;9988;12;9986;26;;;;;;;;;9988.0;5857.0
-2;258600;INTARIAN_PEPPER_ROOT;10253;11;10250;24;;;10264;11;10267;24;;;10258.5;19900.0
-2;258700;ASH_COATED_OSMIUM;9988;15;;;;;10004;15;10007;26;;;9996.0;5225.0
-2;258700;INTARIAN_PEPPER_ROOT;10253;10;10251;16;;;10264;10;;;;;10258.5;19900.0
-2;258800;ASH_COATED_OSMIUM;9988;11;9985;29;;;10004;11;10006;29;;;9996.0;5225.0
-2;258800;INTARIAN_PEPPER_ROOT;10253;8;10251;23;;;10264;8;10267;23;;;10258.5;19900.0
-2;258900;ASH_COATED_OSMIUM;9988;10;9985;21;;;10004;10;10006;21;;;9996.0;5225.0
-2;258900;INTARIAN_PEPPER_ROOT;10251;23;;;;;10265;9;10267;23;;;10258.0;19860.0
-2;259000;ASH_COATED_OSMIUM;9988;15;9986;28;;;10004;15;10007;28;;;9996.0;5225.0
-2;259000;INTARIAN_PEPPER_ROOT;10253;11;10251;19;;;10265;11;10267;19;;;10259.0;19940.0
-2;259100;ASH_COATED_OSMIUM;9988;11;9985;24;;;10004;11;10006;24;;;9996.0;5225.0
-2;259100;INTARIAN_PEPPER_ROOT;10253;11;10251;17;;;10265;11;10267;17;;;10259.0;19940.0
-2;259200;ASH_COATED_OSMIUM;9988;13;9985;22;;;9993;6;10004;13;10006;22;9990.5;5644.5
-2;259200;INTARIAN_PEPPER_ROOT;10254;12;;;;;10265;12;;;;;10259.5;19980.0
-2;259300;ASH_COATED_OSMIUM;9985;20;;;;;10003;11;10006;20;;;9994.0;5389.0
-2;259300;INTARIAN_PEPPER_ROOT;10254;12;10251;19;;;10265;12;10267;19;;;10259.5;19980.0
-2;259400;ASH_COATED_OSMIUM;9987;15;9985;23;;;10003;15;10006;23;;;9995.0;5316.0
-2;259400;INTARIAN_PEPPER_ROOT;10254;10;10251;19;;;10265;10;10268;19;;;10259.5;19980.0
-2;259500;ASH_COATED_OSMIUM;9987;15;;;;;10003;15;10006;21;;;9995.0;5316.0
-2;259500;INTARIAN_PEPPER_ROOT;10254;9;10251;17;;;10268;17;;;;;10261.0;20100.0
-2;259600;ASH_COATED_OSMIUM;9987;12;9985;22;;;10003;12;10006;22;;;9995.0;5316.0
-2;259600;INTARIAN_PEPPER_ROOT;10254;11;10251;22;;;10265;11;10268;22;;;10259.5;19980.0
-2;259700;ASH_COATED_OSMIUM;9987;11;9985;28;;;10003;11;;;;;9995.0;5316.0
-2;259700;INTARIAN_PEPPER_ROOT;10254;11;10252;25;;;10265;11;10268;25;;;10259.5;19980.0
-2;259800;ASH_COATED_OSMIUM;9987;14;9985;22;;;10003;14;10006;22;;;9995.0;5316.0
-2;259800;INTARIAN_PEPPER_ROOT;10254;11;10252;18;;;10268;18;;;;;10261.0;20100.0
-2;259900;ASH_COATED_OSMIUM;9987;14;;;;;9997;4;10006;20;;;9992.0;5535.0
-2;259900;INTARIAN_PEPPER_ROOT;10254;9;10252;19;;;10266;9;10268;19;;;10260.0;20020.0
-2;260000;ASH_COATED_OSMIUM;9987;10;9985;28;;;10003;10;10006;28;;;9995.0;5365.0
-2;260000;INTARIAN_PEPPER_ROOT;10252;19;;;;;;;;;;;10252.0;19380.0
-2;260100;ASH_COATED_OSMIUM;9987;14;9985;20;;;10003;14;10006;20;;;9995.0;5365.0
-2;260100;INTARIAN_PEPPER_ROOT;10254;10;10252;18;;;10266;10;;;;;10260.0;20020.0
-2;260200;ASH_COATED_OSMIUM;9992;4;9987;14;;;;;;;;;9992.0;5605.0
-2;260200;INTARIAN_PEPPER_ROOT;;;;;;;10266;12;10268;25;;;10266.0;20500.0
-2;260300;ASH_COATED_OSMIUM;9987;13;9984;20;;;10003;13;10005;20;;;9995.0;5365.0
-2;260300;INTARIAN_PEPPER_ROOT;10252;20;;;;;10266;8;;;;;10259.0;19940.0
-2;260400;ASH_COATED_OSMIUM;9987;10;9984;29;;;10003;10;10005;29;;;9995.0;5365.0
-2;260400;INTARIAN_PEPPER_ROOT;10255;9;;;;;10269;23;;;;;10262.0;20180.0
-2;260500;ASH_COATED_OSMIUM;;;;;;;10003;12;10005;29;;;10003.0;4725.0
-2;260500;INTARIAN_PEPPER_ROOT;10258;11;10255;11;;;10269;23;;;;;10263.5;20300.0
-2;260600;ASH_COATED_OSMIUM;9987;15;9985;30;;;10003;15;10006;30;;;9995.0;5365.0
-2;260600;INTARIAN_PEPPER_ROOT;10252;19;;;;;10266;12;10269;19;;;10259.0;19940.0
-2;260700;ASH_COATED_OSMIUM;9985;20;;;;;10003;15;;;;;9994.0;5445.0
-2;260700;INTARIAN_PEPPER_ROOT;10255;9;10253;20;;;10266;9;;;;;10260.5;20060.0
-2;260800;ASH_COATED_OSMIUM;9987;10;9985;23;;;10003;10;10006;23;;;9995.0;5386.0
-2;260800;INTARIAN_PEPPER_ROOT;10255;11;10253;18;;;10269;18;;;;;10262.0;20180.0
-2;260900;ASH_COATED_OSMIUM;9987;10;9985;21;;;10006;21;;;;;9996.5;5270.5
-2;260900;INTARIAN_PEPPER_ROOT;10253;21;;;;;10267;9;10269;21;;;10260.0;20020.0
-2;261000;ASH_COATED_OSMIUM;9987;13;9984;27;;;10003;13;10005;27;;;9995.0;5386.0
-2;261000;INTARIAN_PEPPER_ROOT;10255;12;10253;25;;;10269;25;;;;;10262.0;20180.0
-2;261100;ASH_COATED_OSMIUM;9987;10;9984;30;;;10003;10;;;;;9995.0;5386.0
-2;261100;INTARIAN_PEPPER_ROOT;10255;10;;;;;10267;10;;;;;10261.0;20100.0
-2;261200;ASH_COATED_OSMIUM;9987;12;9985;24;;;10003;12;;;;;9995.0;5386.0
-2;261200;INTARIAN_PEPPER_ROOT;10256;11;10253;25;;;10267;11;10269;25;;;10261.5;20140.0
-2;261300;ASH_COATED_OSMIUM;9988;11;;;;;;;;;;;9988.0;5925.0
-2;261300;INTARIAN_PEPPER_ROOT;10256;9;10253;24;;;;;;;;;10256.0;19700.0
-2;261400;ASH_COATED_OSMIUM;9988;13;9985;21;;;10004;13;10006;21;;;9996.0;5309.0
-2;261400;INTARIAN_PEPPER_ROOT;10256;12;10253;15;;;10270;15;;;;;10263.0;20260.0
-2;261500;ASH_COATED_OSMIUM;9985;23;;;;;10003;15;10006;23;;;9994.0;5463.0
-2;261500;INTARIAN_PEPPER_ROOT;10256;8;;;;;10267;8;10270;24;;;10261.5;20140.0
-2;261600;ASH_COATED_OSMIUM;9985;25;;;;;10003;10;;;;;9994.0;5487.0
-2;261600;INTARIAN_PEPPER_ROOT;10256;8;10253;23;;;10267;8;;;;;10261.5;20140.0
-2;261700;ASH_COATED_OSMIUM;9988;15;;;;;10004;15;10006;22;;;9996.0;5327.0
-2;261700;INTARIAN_PEPPER_ROOT;10254;16;;;;;10267;8;10270;16;;;10260.5;20060.0
-2;261800;ASH_COATED_OSMIUM;9988;15;9986;30;;;10004;15;;;;;9996.0;5327.0
-2;261800;INTARIAN_PEPPER_ROOT;10254;15;;;;;10267;9;10270;15;;;10260.5;20060.0
-2;261900;ASH_COATED_OSMIUM;9986;30;;;;;10004;11;10007;30;;;9995.0;5407.0
-2;261900;INTARIAN_PEPPER_ROOT;10254;17;;;;;10270;17;;;;;10262.0;20180.0
-2;262000;ASH_COATED_OSMIUM;9988;12;9985;25;;;10004;12;10006;25;;;9996.0;5327.0
-2;262000;INTARIAN_PEPPER_ROOT;10256;12;10254;19;;;10268;12;10270;19;;;10262.0;20180.0
-2;262100;ASH_COATED_OSMIUM;9987;12;9985;28;;;10003;12;;;;;9995.0;5407.0
-2;262100;INTARIAN_PEPPER_ROOT;10256;10;10254;21;;;10268;10;10270;21;;;10262.0;20180.0
-2;262200;ASH_COATED_OSMIUM;9988;11;9985;20;;;10004;11;10006;20;;;9996.0;5327.0
-2;262200;INTARIAN_PEPPER_ROOT;10257;10;10254;21;;;10270;21;;;;;10263.5;20300.0
-2;262300;ASH_COATED_OSMIUM;9988;14;9985;26;;;10004;14;10006;26;;;9996.0;5327.0
-2;262300;INTARIAN_PEPPER_ROOT;10257;12;10254;24;;;10268;12;10270;24;;;10262.5;20220.0
-2;262400;ASH_COATED_OSMIUM;9987;15;9985;21;;;10003;15;10006;21;;;9995.0;5407.0
-2;262400;INTARIAN_PEPPER_ROOT;10257;12;;;;;;;;;;;10257.0;19780.0
-2;262500;ASH_COATED_OSMIUM;9987;12;9985;28;;;10003;12;10005;28;;;9995.0;5407.0
-2;262500;INTARIAN_PEPPER_ROOT;10254;19;;;;;10268;8;10271;19;;;10261.0;20100.0
-2;262600;ASH_COATED_OSMIUM;9987;13;;;;;10003;13;10005;20;;;9995.0;5407.0
-2;262600;INTARIAN_PEPPER_ROOT;10254;22;;;;;10268;10;;;;;10261.0;20100.0
-2;262700;ASH_COATED_OSMIUM;;;;;;;10006;29;;;;;10006.0;4527.0
-2;262700;INTARIAN_PEPPER_ROOT;10265;3;10257;8;10255;15;;;;;;;10265.0;20420.0
-2;262800;ASH_COATED_OSMIUM;9987;12;;;;;10003;12;10006;30;;;9995.0;5407.0
-2;262800;INTARIAN_PEPPER_ROOT;10255;20;;;;;10268;12;10271;20;;;10261.5;20140.0
-2;262900;ASH_COATED_OSMIUM;9987;15;9985;23;;;10003;15;10006;23;;;9995.0;5407.0
-2;262900;INTARIAN_PEPPER_ROOT;10257;11;;;;;10269;11;10271;21;;;10263.0;20260.0
-2;263000;ASH_COATED_OSMIUM;9987;11;9985;21;;;10006;21;;;;;9996.5;5287.0
-2;263000;INTARIAN_PEPPER_ROOT;10257;12;;;;;10269;12;10271;19;;;10263.0;20260.0
-2;263100;ASH_COATED_OSMIUM;9987;14;9984;23;;;10003;14;10005;23;;;9995.0;5407.0
-2;263100;INTARIAN_PEPPER_ROOT;10257;9;;;;;10269;9;10271;17;;;10263.0;20260.0
-2;263200;ASH_COATED_OSMIUM;9987;15;9984;25;;;10003;15;10005;25;;;9995.0;5407.0
-2;263200;INTARIAN_PEPPER_ROOT;10258;10;10255;21;;;10269;10;10271;21;;;10263.5;20300.0
-2;263300;ASH_COATED_OSMIUM;9987;14;;;;;10003;14;10005;22;;;9995.0;5407.0
-2;263300;INTARIAN_PEPPER_ROOT;10258;12;10255;21;;;10269;12;10271;21;;;10263.5;20300.0
-2;263400;ASH_COATED_OSMIUM;9984;23;;;;;10002;14;10005;23;;;9993.0;5567.0
-2;263400;INTARIAN_PEPPER_ROOT;10258;8;10255;25;;;10269;8;10272;25;;;10263.5;20300.0
-2;263500;ASH_COATED_OSMIUM;9986;14;9984;26;;;10002;14;10005;26;;;9994.0;5508.0
-2;263500;INTARIAN_PEPPER_ROOT;10258;11;10255;25;;;10269;11;10272;25;;;10263.5;20300.0
-2;263600;ASH_COATED_OSMIUM;9986;10;9984;24;;;10005;24;;;;;9995.5;5392.5
-2;263600;INTARIAN_PEPPER_ROOT;10261;9;10258;9;10255;17;10269;9;10272;17;;;10265.0;20420.0
-2;263700;ASH_COATED_OSMIUM;9986;15;9983;30;;;9995;4;10002;15;10004;30;9990.5;5777.5
-2;263700;INTARIAN_PEPPER_ROOT;10256;21;;;;;10269;10;10272;21;;;10262.5;20220.0
-2;263800;ASH_COATED_OSMIUM;9983;20;;;;;10001;14;10004;20;;;9992.0;5662.0
-2;263800;INTARIAN_PEPPER_ROOT;10258;12;10256;15;;;10269;12;10272;15;;;10263.5;20300.0
-2;263900;ASH_COATED_OSMIUM;9985;14;9983;26;;;10001;14;10004;26;;;9993.0;5585.0
-2;263900;INTARIAN_PEPPER_ROOT;10258;12;10256;25;;;10270;12;10272;25;;;10264.0;20340.0
-2;264000;ASH_COATED_OSMIUM;9991;5;9986;13;9983;24;10002;13;10004;24;;;9996.5;5315.5
-2;264000;INTARIAN_PEPPER_ROOT;10258;11;10256;19;;;10260;6;10270;11;;;10259.0;19940.0
-2;264100;ASH_COATED_OSMIUM;9985;11;9983;28;;;10001;11;10004;28;;;9993.0;5585.0
-2;264100;INTARIAN_PEPPER_ROOT;10258;12;;;;;10270;12;10272;18;;;10264.0;20340.0
-2;264200;ASH_COATED_OSMIUM;9986;13;9983;20;;;10002;13;10004;20;;;9994.0;5508.0
-2;264200;INTARIAN_PEPPER_ROOT;10259;12;10256;24;;;;;;;;;10259.0;19940.0
-2;264300;ASH_COATED_OSMIUM;9991;2;9986;12;;;;;;;;;9991.0;5739.0
-2;264300;INTARIAN_PEPPER_ROOT;10259;8;;;;;10272;19;;;;;10265.5;20460.0
-2;264400;ASH_COATED_OSMIUM;9985;10;9983;27;;;10001;10;10004;27;;;9993.0;5585.0
-2;264400;INTARIAN_PEPPER_ROOT;10259;11;;;;;10273;18;;;;;10266.0;20500.0
-2;264500;ASH_COATED_OSMIUM;9986;10;9983;26;;;10002;10;10004;26;;;9994.0;5508.0
-2;264500;INTARIAN_PEPPER_ROOT;10259;8;;;;;10261;6;10270;8;;;10260.0;20020.0
-2;264600;ASH_COATED_OSMIUM;9983;24;;;;;10001;10;10004;24;;;9992.0;5662.0
-2;264600;INTARIAN_PEPPER_ROOT;10259;12;10256;18;;;10270;12;;;;;10264.5;20380.0
-2;264700;ASH_COATED_OSMIUM;9991;3;9985;12;;;10001;12;10004;24;;;9996.0;5354.0
-2;264700;INTARIAN_PEPPER_ROOT;10259;9;;;;;10270;9;10273;16;;;10264.5;20380.0
-2;264800;ASH_COATED_OSMIUM;9985;15;9983;28;;;10001;15;;;;;9993.0;5585.0
-2;264800;INTARIAN_PEPPER_ROOT;10259;12;10257;24;;;10270;12;;;;;10264.5;20380.0
-2;264900;ASH_COATED_OSMIUM;9983;24;;;;;10001;11;10004;24;;;9992.0;5662.0
-2;264900;INTARIAN_PEPPER_ROOT;10259;9;10257;21;;;10271;9;;;;;10265.0;20420.0
-2;265000;ASH_COATED_OSMIUM;9985;15;9983;28;;;10001;15;10004;28;;;9993.0;5585.0
-2;265000;INTARIAN_PEPPER_ROOT;10259;9;10257;21;;;10271;9;10273;21;;;10265.0;20420.0
-2;265100;ASH_COATED_OSMIUM;9985;12;9983;29;;;10001;12;10004;29;;;9993.0;5585.0
-2;265100;INTARIAN_PEPPER_ROOT;10257;16;;;;;10271;11;10273;16;;;10264.0;20340.0
-2;265200;ASH_COATED_OSMIUM;9986;13;9983;30;;;10002;13;10004;30;;;9994.0;5508.0
-2;265200;INTARIAN_PEPPER_ROOT;10260;8;;;;;10271;8;10273;21;;;10265.5;20460.0
-2;265300;ASH_COATED_OSMIUM;9985;13;9983;27;;;10004;27;;;;;9994.5;5469.5
-2;265300;INTARIAN_PEPPER_ROOT;10260;9;10257;15;;;10271;9;10273;15;;;10265.5;20460.0
-2;265400;ASH_COATED_OSMIUM;9982;20;;;;;10001;15;10003;20;;;9991.5;5700.5
-2;265400;INTARIAN_PEPPER_ROOT;10257;21;;;;;;;;;;;10257.0;19780.0
-2;265500;ASH_COATED_OSMIUM;9990;4;9985;12;9982;23;10001;12;;;;;9995.5;5392.5
-2;265500;INTARIAN_PEPPER_ROOT;10260;12;;;;;10274;21;;;;;10267.0;20580.0
-2;265600;ASH_COATED_OSMIUM;9985;10;9983;29;;;10001;10;10004;29;;;9993.0;5585.0
-2;265600;INTARIAN_PEPPER_ROOT;10260;10;10257;24;;;10271;10;10274;24;;;10265.5;20460.0
-2;265700;ASH_COATED_OSMIUM;9986;11;9983;21;;;10002;11;10004;21;;;9994.0;5508.0
-2;265700;INTARIAN_PEPPER_ROOT;10258;23;;;;;10274;23;;;;;10266.0;20500.0
-2;265800;ASH_COATED_OSMIUM;9983;23;;;;;9995;5;10001;15;10004;23;9989.0;5893.0
-2;265800;INTARIAN_PEPPER_ROOT;10260;8;10258;19;;;10271;8;;;;;10265.5;20460.0
-2;265900;ASH_COATED_OSMIUM;9985;10;;;;;10003;21;;;;;9994.0;5508.0
-2;265900;INTARIAN_PEPPER_ROOT;10260;11;;;;;10272;11;10274;19;;;10266.0;20500.0
-2;266000;ASH_COATED_OSMIUM;9985;14;9982;22;;;10001;14;10003;22;;;9993.0;5585.0
-2;266000;INTARIAN_PEPPER_ROOT;10260;11;;;;;10272;11;10274;24;;;10266.0;20500.0
-2;266100;ASH_COATED_OSMIUM;9994;9;9985;10;9982;30;10003;30;;;;;9998.5;5148.0
-2;266100;INTARIAN_PEPPER_ROOT;10260;10;10258;19;;;10272;10;10274;19;;;10266.0;20500.0
-2;266200;ASH_COATED_OSMIUM;9985;14;9983;28;;;;;;;;;9985.0;6228.0
-2;266200;INTARIAN_PEPPER_ROOT;10261;11;10258;16;;;10272;11;;;;;10266.5;20540.0
-2;266300;ASH_COATED_OSMIUM;9985;10;;;;;;;;;;;9985.0;6228.0
-2;266300;INTARIAN_PEPPER_ROOT;10261;8;;;;;10272;8;;;;;10266.5;20540.0
-2;266400;ASH_COATED_OSMIUM;9985;11;9983;25;;;10004;25;;;;;9994.5;5468.0
-2;266400;INTARIAN_PEPPER_ROOT;10261;10;10258;19;;;10272;10;;;;;10266.5;20540.0
-2;266500;ASH_COATED_OSMIUM;9986;10;9983;28;;;10002;10;10004;28;;;9994.0;5508.0
-2;266500;INTARIAN_PEPPER_ROOT;10261;10;10258;22;;;;;;;;;10261.0;20100.0
-2;266600;ASH_COATED_OSMIUM;9983;29;;;;;10002;15;10004;29;;;9992.5;5628.0
-2;266600;INTARIAN_PEPPER_ROOT;10261;11;10258;16;;;;;;;;;10261.0;20100.0
-2;266700;ASH_COATED_OSMIUM;9986;15;9983;21;;;9991;10;10002;15;10004;21;9988.5;5923.0
-2;266700;INTARIAN_PEPPER_ROOT;10261;9;10259;25;;;10272;9;10275;25;;;10266.5;20540.0
-2;266800;ASH_COATED_OSMIUM;9986;13;9983;26;;;10002;13;10004;26;;;9994.0;5538.0
-2;266800;INTARIAN_PEPPER_ROOT;;;;;;;10275;24;;;;;10275.0;21220.0
-2;266900;ASH_COATED_OSMIUM;9985;12;;;;;10001;12;10004;26;;;9993.0;5608.0
-2;266900;INTARIAN_PEPPER_ROOT;10261;8;10259;25;;;10273;8;10275;25;;;10267.0;20580.0
-2;267000;ASH_COATED_OSMIUM;9985;10;;;;;10001;10;10004;25;;;9993.0;5608.0
-2;267000;INTARIAN_PEPPER_ROOT;10259;21;;;;;10273;10;10275;21;;;10266.0;20500.0
-2;267100;ASH_COATED_OSMIUM;9985;13;9982;20;;;10003;20;;;;;9994.0;5538.0
-2;267100;INTARIAN_PEPPER_ROOT;10261;10;10259;24;;;10273;10;;;;;10267.0;20580.0
-2;267200;ASH_COATED_OSMIUM;9985;10;9982;28;;;10001;10;10003;28;;;9993.0;5608.0
-2;267200;INTARIAN_PEPPER_ROOT;10262;9;10259;17;;;10273;9;10275;17;;;10267.5;20620.0
-2;267300;ASH_COATED_OSMIUM;;;;;;;10001;11;10003;29;;;10001.0;5048.0
-2;267300;INTARIAN_PEPPER_ROOT;10270;8;10262;9;10259;18;10273;9;10275;18;;;10271.5;20940.0
-2;267400;ASH_COATED_OSMIUM;9990;5;;;;;10003;23;;;;;9996.5;5363.0
-2;267400;INTARIAN_PEPPER_ROOT;10262;10;;;;;10276;24;;;;;10269.0;20740.0
-2;267500;ASH_COATED_OSMIUM;;;;;;;10000;15;10003;30;;;10000.0;5118.0
-2;267500;INTARIAN_PEPPER_ROOT;10262;9;10259;22;;;10273;9;10276;22;;;10267.5;20620.0
-2;267600;ASH_COATED_OSMIUM;9984;14;9982;25;;;10000;14;10003;25;;;9992.0;5678.0
-2;267600;INTARIAN_PEPPER_ROOT;10262;11;10259;23;;;10273;11;10276;23;;;10267.5;20620.0
-2;267700;ASH_COATED_OSMIUM;9985;14;9982;26;;;10001;14;10003;26;;;9993.0;5608.0
-2;267700;INTARIAN_PEPPER_ROOT;10262;11;10259;19;;;10276;19;;;;;10269.0;20740.0
-2;267800;ASH_COATED_OSMIUM;9985;11;9983;27;;;10001;11;10004;27;;;9993.0;5608.0
-2;267800;INTARIAN_PEPPER_ROOT;10262;10;10260;23;;;10276;23;;;;;10269.0;20740.0
-2;267900;ASH_COATED_OSMIUM;9985;15;;;;;10004;27;;;;;9994.5;5503.0
-2;267900;INTARIAN_PEPPER_ROOT;10262;9;10260;20;;;10274;9;10276;20;;;10268.0;20660.0
-2;268000;ASH_COATED_OSMIUM;9985;15;9983;29;;;10001;15;;;;;9993.0;5608.0
-2;268000;INTARIAN_PEPPER_ROOT;;;;;;;10276;21;;;;;10276.0;21300.0
-2;268100;ASH_COATED_OSMIUM;9985;15;;;;;10001;15;10004;26;;;9993.0;5608.0
-2;268100;INTARIAN_PEPPER_ROOT;10262;10;10260;16;;;10274;10;10276;16;;;10268.0;20660.0
-2;268200;ASH_COATED_OSMIUM;9985;12;;;;;;;;;;;9985.0;6168.0
-2;268200;INTARIAN_PEPPER_ROOT;10263;12;;;;;10276;17;;;;;10269.5;20780.0
-2;268300;ASH_COATED_OSMIUM;9986;10;9983;26;;;10004;26;;;;;9995.0;5468.0
-2;268300;INTARIAN_PEPPER_ROOT;10263;12;10260;22;;;10274;12;10276;22;;;10268.5;20700.0
-2;268400;ASH_COATED_OSMIUM;9986;14;;;;;9991;10;10002;14;10004;25;9988.5;5898.0
-2;268400;INTARIAN_PEPPER_ROOT;;;;;;;10274;12;;;;;10274.0;21140.0
-2;268500;ASH_COATED_OSMIUM;9986;13;;;;;10002;13;;;;;9994.0;5568.0
-2;268500;INTARIAN_PEPPER_ROOT;10263;9;10260;21;;;10274;9;10277;21;;;10268.5;20700.0
-2;268600;ASH_COATED_OSMIUM;9986;11;9984;25;;;10002;11;10005;25;;;9994.0;5568.0
-2;268600;INTARIAN_PEPPER_ROOT;10263;11;10260;15;;;10274;11;10277;15;;;10268.5;20700.0
-2;268700;ASH_COATED_OSMIUM;9986;11;9984;25;;;10002;11;10005;25;;;9994.0;5568.0
-2;268700;INTARIAN_PEPPER_ROOT;10263;12;10260;23;;;10265;5;10274;12;10277;23;10264.0;20340.0
-2;268800;ASH_COATED_OSMIUM;9986;10;9983;29;;;10002;10;10004;29;;;9994.0;5568.0
-2;268800;INTARIAN_PEPPER_ROOT;10263;12;10261;19;;;10274;12;10277;19;;;10268.5;20700.0
-2;268900;ASH_COATED_OSMIUM;9986;13;9983;23;;;10002;13;10004;23;;;9994.0;5568.0
-2;268900;INTARIAN_PEPPER_ROOT;10261;21;;;;;10277;21;;;;;10269.0;20740.0
-2;269000;ASH_COATED_OSMIUM;9985;12;9983;24;;;10004;24;;;;;9994.5;5538.0
-2;269000;INTARIAN_PEPPER_ROOT;10261;23;;;;;10275;12;;;;;10268.0;20660.0
-2;269100;ASH_COATED_OSMIUM;9985;14;9982;30;;;10001;14;10003;30;;;9993.0;5628.0
-2;269100;INTARIAN_PEPPER_ROOT;10263;10;;;;;10275;10;;;;;10269.0;20740.0
-2;269200;ASH_COATED_OSMIUM;9991;5;9985;12;9983;20;10001;12;;;;;9996.0;5448.0
-2;269200;INTARIAN_PEPPER_ROOT;10264;12;10261;24;;;10275;12;10277;24;;;10269.5;20780.0
-2;269300;ASH_COATED_OSMIUM;9985;12;9982;25;;;10001;12;10003;25;;;9993.0;5628.0
-2;269300;INTARIAN_PEPPER_ROOT;10264;10;;;;;10275;10;;;;;10269.5;20780.0
-2;269400;ASH_COATED_OSMIUM;9984;15;9982;27;;;10000;15;;;;;9992.0;5688.0
-2;269400;INTARIAN_PEPPER_ROOT;10264;9;10261;19;;;10275;9;10278;19;;;10269.5;20780.0
-2;269500;ASH_COATED_OSMIUM;9984;10;9981;21;;;10002;21;;;;;9993.0;5644.0
-2;269500;INTARIAN_PEPPER_ROOT;10261;18;;;;;10278;18;;;;;10269.5;20780.0
-2;269600;ASH_COATED_OSMIUM;9981;21;;;;;10002;21;;;;;9991.5;5737.0
-2;269600;INTARIAN_PEPPER_ROOT;10264;11;;;;;10278;16;;;;;10271.0;20900.0
-2;269700;ASH_COATED_OSMIUM;9983;14;9981;27;;;9999;14;10002;27;;;9991.0;5768.0
-2;269700;INTARIAN_PEPPER_ROOT;10264;9;10261;25;;;10278;25;;;;;10271.0;20900.0
-2;269800;ASH_COATED_OSMIUM;9984;15;;;;;10002;29;;;;;9993.0;5644.0
-2;269800;INTARIAN_PEPPER_ROOT;10264;12;10262;21;;;10275;12;10278;21;;;10269.5;20780.0
-2;269900;ASH_COATED_OSMIUM;9984;13;9982;28;;;10000;13;10003;28;;;9992.0;5706.0
-2;269900;INTARIAN_PEPPER_ROOT;10264;12;10262;24;;;10278;24;;;;;10271.0;20900.0
-2;270000;ASH_COATED_OSMIUM;9984;13;9982;20;;;10003;20;;;;;9993.5;5613.0
-2;270000;INTARIAN_PEPPER_ROOT;10264;10;10262;21;;;10276;10;;;;;10270.0;20820.0
-2;270100;ASH_COATED_OSMIUM;9984;15;9982;20;;;10000;15;10003;20;;;9992.0;5706.0
-2;270100;INTARIAN_PEPPER_ROOT;10262;25;;;;;10276;9;10278;25;;;10269.0;20740.0
-2;270200;ASH_COATED_OSMIUM;9985;11;9982;25;;;10001;11;10003;25;;;9993.0;5644.0
-2;270200;INTARIAN_PEPPER_ROOT;10265;12;10262;24;;;10276;12;10278;24;;;10270.5;20860.0
-2;270300;ASH_COATED_OSMIUM;9982;29;;;;;10001;14;10003;29;;;9991.5;5737.0
-2;270300;INTARIAN_PEPPER_ROOT;10265;10;10262;17;;;10276;10;;;;;10270.5;20860.0
-2;270400;ASH_COATED_OSMIUM;9985;14;9982;22;;;10001;14;10003;22;;;9993.0;5644.0
-2;270400;INTARIAN_PEPPER_ROOT;10265;8;;;;;10276;8;10279;15;;;10270.5;20860.0
-2;270500;ASH_COATED_OSMIUM;9985;11;9982;27;;;10001;11;10003;27;;;9993.0;5644.0
-2;270500;INTARIAN_PEPPER_ROOT;10265;11;10262;25;;;10276;11;10279;25;;;10270.5;20860.0
-2;270600;ASH_COATED_OSMIUM;9985;13;9982;29;;;10001;13;10003;29;;;9993.0;5644.0
-2;270600;INTARIAN_PEPPER_ROOT;10265;10;10262;24;;;10276;10;10279;24;;;10270.5;20860.0
-2;270700;ASH_COATED_OSMIUM;9985;10;9983;21;;;10001;10;10004;21;;;9993.0;5644.0
-2;270700;INTARIAN_PEPPER_ROOT;10262;24;;;;;10276;9;10279;24;;;10269.0;20740.0
-2;270800;ASH_COATED_OSMIUM;9983;29;;;;;10004;29;;;;;9993.5;5613.0
-2;270800;INTARIAN_PEPPER_ROOT;10263;21;;;;;10276;9;10279;21;;;10269.5;20780.0
-2;270900;ASH_COATED_OSMIUM;9992;2;9984;21;;;10002;15;10005;21;;;9997.0;5396.0
-2;270900;INTARIAN_PEPPER_ROOT;10265;11;10263;21;;;10277;11;10279;21;;;10271.0;20900.0
-2;271000;ASH_COATED_OSMIUM;9986;13;9983;22;;;10002;13;;;;;9994.0;5582.0
-2;271000;INTARIAN_PEPPER_ROOT;10263;16;;;;;10277;12;10279;16;;;10270.0;20820.0
-2;271100;ASH_COATED_OSMIUM;9986;15;9983;24;;;10002;15;10004;24;;;9994.0;5582.0
-2;271100;INTARIAN_PEPPER_ROOT;10265;9;;;;;10279;20;;;;;10272.0;20980.0
-2;271200;ASH_COATED_OSMIUM;9985;14;;;;;10001;14;10004;30;;;9993.0;5644.0
-2;271200;INTARIAN_PEPPER_ROOT;10266;12;10263;20;;;10277;12;10279;20;;;10271.5;20940.0
-2;271300;ASH_COATED_OSMIUM;9985;14;;;;;10004;26;;;;;9994.5;5551.0
-2;271300;INTARIAN_PEPPER_ROOT;10266;11;10263;21;;;10277;11;10280;21;;;10271.5;20940.0
-2;271400;ASH_COATED_OSMIUM;9985;15;9983;30;;;10001;15;10004;30;;;9993.0;5644.0
-2;271400;INTARIAN_PEPPER_ROOT;10263;22;;;;;10277;8;;;;;10270.0;20820.0
-2;271500;ASH_COATED_OSMIUM;9986;12;;;;;10002;12;10004;27;;;9994.0;5582.0
-2;271500;INTARIAN_PEPPER_ROOT;10263;22;;;;;10277;8;10280;22;;;10270.0;20820.0
-2;271600;ASH_COATED_OSMIUM;9983;20;;;;;;;;;;;9983.0;6264.0
-2;271600;INTARIAN_PEPPER_ROOT;10263;21;;;;;10277;11;10280;21;;;10270.0;20820.0
-2;271700;ASH_COATED_OSMIUM;9986;14;;;;;10002;14;10004;28;;;9994.0;5582.0
-2;271700;INTARIAN_PEPPER_ROOT;10266;12;;;;;10277;12;10280;21;;;10271.5;20940.0
-2;271800;ASH_COATED_OSMIUM;9986;11;9983;24;;;10002;11;10004;24;;;9994.0;5582.0
-2;271800;INTARIAN_PEPPER_ROOT;;;;;;;10277;10;10280;19;;;10277.0;21380.0
-2;271900;ASH_COATED_OSMIUM;9986;11;9983;25;;;10002;11;10004;25;;;9994.0;5582.0
-2;271900;INTARIAN_PEPPER_ROOT;10266;10;;;;;10278;10;10280;17;;;10272.0;20980.0
-2;272000;ASH_COATED_OSMIUM;9984;26;;;;;10002;12;;;;;9993.0;5644.0
-2;272000;INTARIAN_PEPPER_ROOT;10266;8;10264;18;;;10278;8;;;;;10272.0;20980.0
-2;272100;ASH_COATED_OSMIUM;9987;14;;;;;10003;14;;;;;9995.0;5520.0
-2;272100;INTARIAN_PEPPER_ROOT;10266;9;10264;21;;;10278;9;10280;21;;;10272.0;20980.0
-2;272200;ASH_COATED_OSMIUM;9986;13;9984;21;;;10002;13;10005;21;;;9994.0;5582.0
-2;272200;INTARIAN_PEPPER_ROOT;10267;8;;;;;10278;8;10280;16;;;10272.5;21020.0
-2;272300;ASH_COATED_OSMIUM;;;;;;;10002;14;10005;21;;;10002.0;5086.0
-2;272300;INTARIAN_PEPPER_ROOT;10267;10;;;;;10269;7;10281;24;;;10268.0;20660.0
-2;272400;ASH_COATED_OSMIUM;9996;7;9986;13;9984;22;10002;13;10005;22;;;9999.0;5251.0
-2;272400;INTARIAN_PEPPER_ROOT;10267;10;10264;18;;;10278;10;10281;18;;;10272.5;21020.0
-2;272500;ASH_COATED_OSMIUM;9986;15;;;;;10002;15;;;;;9994.0;5596.0
-2;272500;INTARIAN_PEPPER_ROOT;10275;3;10267;9;10264;19;10278;9;10281;19;;;10276.5;21340.0
-2;272600;ASH_COATED_OSMIUM;9986;14;9983;21;;;10002;14;10004;21;;;9994.0;5596.0
-2;272600;INTARIAN_PEPPER_ROOT;10267;12;;;;;10278;12;;;;;10272.5;21020.0
-2;272700;ASH_COATED_OSMIUM;9986;13;9984;27;;;10002;13;10005;27;;;9994.0;5596.0
-2;272700;INTARIAN_PEPPER_ROOT;10267;11;10264;18;;;10278;11;;;;;10272.5;21020.0
-2;272800;ASH_COATED_OSMIUM;9986;13;9984;20;;;10002;13;10005;20;;;9994.0;5596.0
-2;272800;INTARIAN_PEPPER_ROOT;10267;11;;;;;10278;11;10281;18;;;10272.5;21020.0
-2;272900;ASH_COATED_OSMIUM;9986;11;9984;27;;;10005;27;;;;;9995.5;5492.5
-2;272900;INTARIAN_PEPPER_ROOT;10267;8;10265;20;;;10279;8;;;;;10273.0;21060.0
-2;273000;ASH_COATED_OSMIUM;9986;15;;;;;10002;15;10005;20;;;9994.0;5596.0
-2;273000;INTARIAN_PEPPER_ROOT;10267;9;10265;17;;;10281;17;;;;;10274.0;21140.0
-2;273100;ASH_COATED_OSMIUM;9986;14;9983;27;;;10004;27;;;;;9995.0;5527.0
-2;273100;INTARIAN_PEPPER_ROOT;10267;10;10265;15;;;10281;15;;;;;10274.0;21140.0
-2;273200;ASH_COATED_OSMIUM;;;;;;;10002;13;10005;24;;;10002.0;5044.0
-2;273200;INTARIAN_PEPPER_ROOT;10268;12;10265;16;;;10279;12;10281;16;;;10273.5;21100.0
-2;273300;ASH_COATED_OSMIUM;9986;13;9983;26;;;9991;5;10002;13;10004;26;9988.5;5963.0
-2;273300;INTARIAN_PEPPER_ROOT;10268;11;;;;;10279;11;10282;22;;;10273.5;21100.0
-2;273400;ASH_COATED_OSMIUM;9986;10;9984;28;;;;;;;;;9986.0;6123.0
-2;273400;INTARIAN_PEPPER_ROOT;;;;;;;10279;10;10282;25;;;10279.0;21540.0
-2;273500;ASH_COATED_OSMIUM;9987;13;9984;30;;;10003;13;10005;30;;;9995.0;5547.0
-2;273500;INTARIAN_PEPPER_ROOT;10265;17;;;;;;;;;;;10265.0;20420.0
-2;273600;ASH_COATED_OSMIUM;9986;10;;;;;9996;5;10002;10;10005;29;9991.0;5803.0
-2;273600;INTARIAN_PEPPER_ROOT;10268;10;10265;23;;;10279;10;10282;23;;;10273.5;21100.0
-2;273700;ASH_COATED_OSMIUM;9986;12;9983;29;;;10002;12;10004;29;;;9994.0;5611.0
-2;273700;INTARIAN_PEPPER_ROOT;10268;12;;;;;10279;12;;;;;10273.5;21100.0
-2;273800;ASH_COATED_OSMIUM;9985;10;9983;26;;;10001;10;;;;;9993.0;5675.0
-2;273800;INTARIAN_PEPPER_ROOT;;;;;;;10279;11;10282;25;;;10279.0;21540.0
-2;273900;ASH_COATED_OSMIUM;9983;29;;;;;10001;11;10004;29;;;9992.0;5739.0
-2;273900;INTARIAN_PEPPER_ROOT;;;;;;;10280;8;10282;23;;;10280.0;21620.0
-2;274000;ASH_COATED_OSMIUM;9986;15;9983;27;;;10002;15;10004;27;;;9994.0;5611.0
-2;274000;INTARIAN_PEPPER_ROOT;10268;11;10266;24;;;10280;11;10282;24;;;10274.0;21140.0
-2;274100;ASH_COATED_OSMIUM;9986;15;9984;26;;;9996;2;10005;26;;;9991.0;5803.0
-2;274100;INTARIAN_PEPPER_ROOT;10266;19;;;;;10280;9;10282;19;;;10273.0;21060.0
-2;274200;ASH_COATED_OSMIUM;9987;15;9984;30;;;10003;15;10005;30;;;9995.0;5547.0
-2;274200;INTARIAN_PEPPER_ROOT;10269;8;;;;;10280;8;;;;;10274.5;21180.0
-2;274300;ASH_COATED_OSMIUM;9985;25;;;;;10003;14;10006;25;;;9994.0;5651.0
-2;274300;INTARIAN_PEPPER_ROOT;10269;11;10266;22;;;10280;11;10283;22;;;10274.5;21180.0
-2;274400;ASH_COATED_OSMIUM;9987;11;9984;26;;;10003;11;10005;26;;;9995.0;5592.0
-2;274400;INTARIAN_PEPPER_ROOT;10266;17;;;;;10280;11;10283;17;;;10273.0;21060.0
-2;274500;ASH_COATED_OSMIUM;9987;14;9984;21;;;10005;21;;;;;9996.0;5533.0
-2;274500;INTARIAN_PEPPER_ROOT;10269;12;10266;23;;;10280;12;10283;23;;;10274.5;21180.0
-2;274600;ASH_COATED_OSMIUM;9987;14;9984;20;;;10003;14;10005;20;;;9995.0;5592.0
-2;274600;INTARIAN_PEPPER_ROOT;10269;9;10266;18;;;10280;9;10283;18;;;10274.5;21180.0
-2;274700;ASH_COATED_OSMIUM;9987;15;9984;30;;;10003;15;10005;30;;;9995.0;5592.0
-2;274700;INTARIAN_PEPPER_ROOT;10269;10;;;;;10280;10;10283;19;;;10274.5;21180.0
-2;274800;ASH_COATED_OSMIUM;9987;13;9984;26;;;10005;26;;;;;9996.0;5533.0
-2;274800;INTARIAN_PEPPER_ROOT;10269;12;10267;24;;;10280;12;;;;;10274.5;21180.0
-2;274900;ASH_COATED_OSMIUM;9987;14;9984;26;;;10003;14;;;;;9995.0;5592.0
-2;274900;INTARIAN_PEPPER_ROOT;10267;24;;;;;;;;;;;10267.0;20580.0
-2;275000;ASH_COATED_OSMIUM;9987;12;;;;;10003;12;10006;26;;;9995.0;5592.0
-2;275000;INTARIAN_PEPPER_ROOT;10269;12;10267;25;;;10281;12;10283;25;;;10275.0;21220.0
-2;275100;ASH_COATED_OSMIUM;9987;13;9984;20;;;10003;13;10005;20;;;9995.0;5592.0
-2;275100;INTARIAN_PEPPER_ROOT;;;;;;;10281;11;10283;19;;;10281.0;21700.0
-2;275200;ASH_COATED_OSMIUM;9987;14;;;;;10003;14;10006;30;;;9995.0;5592.0
-2;275200;INTARIAN_PEPPER_ROOT;10270;11;10267;19;;;10281;11;10283;19;;;10275.5;21260.0
-2;275300;ASH_COATED_OSMIUM;9987;13;9985;29;;;10003;13;;;;;9995.0;5592.0
-2;275300;INTARIAN_PEPPER_ROOT;10270;9;10267;16;;;10281;9;10284;16;;;10275.5;21260.0
-2;275400;ASH_COATED_OSMIUM;9987;10;9984;30;;;10005;30;;;;;9996.0;5533.0
-2;275400;INTARIAN_PEPPER_ROOT;10270;9;10267;25;;;10284;25;;;;;10277.0;21380.0
-2;275500;ASH_COATED_OSMIUM;9984;27;;;;;10003;15;;;;;9993.5;5680.5
-2;275500;INTARIAN_PEPPER_ROOT;10270;8;10267;23;;;;;;;;;10270.0;20820.0
-2;275600;ASH_COATED_OSMIUM;9987;11;9984;20;;;10003;11;;;;;9995.0;5592.0
-2;275600;INTARIAN_PEPPER_ROOT;10270;11;10267;22;;;10284;22;;;;;10277.0;21380.0
-2;275700;ASH_COATED_OSMIUM;9984;25;;;;;10005;25;;;;;9994.5;5621.5
-2;275700;INTARIAN_PEPPER_ROOT;10270;9;10267;19;;;10284;19;;;;;10277.0;21380.0
-2;275800;ASH_COATED_OSMIUM;9987;14;9984;30;;;10003;14;10005;30;;;9995.0;5592.0
-2;275800;INTARIAN_PEPPER_ROOT;10270;9;10268;17;;;10281;9;10284;17;;;10275.5;21260.0
-2;275900;ASH_COATED_OSMIUM;9987;14;9984;26;;;10003;14;10005;26;;;9995.0;5592.0
-2;275900;INTARIAN_PEPPER_ROOT;10270;8;10268;19;;;10282;8;10284;19;;;10276.0;21300.0
-2;276000;ASH_COATED_OSMIUM;9987;11;;;;;10003;11;10005;25;;;9995.0;5592.0
-2;276000;INTARIAN_PEPPER_ROOT;10268;16;;;;;10284;16;;;;;10276.0;21300.0
-2;276100;ASH_COATED_OSMIUM;9987;10;9985;27;;;10003;10;10006;27;;;9995.0;5592.0
-2;276100;INTARIAN_PEPPER_ROOT;10270;11;10268;23;;;10284;23;;;;;10277.0;21380.0
-2;276200;ASH_COATED_OSMIUM;9993;5;9985;22;;;10003;14;;;;;9998.0;5415.0
-2;276200;INTARIAN_PEPPER_ROOT;10271;8;10268;18;;;10282;8;10284;18;;;10276.5;21340.0
-2;276300;ASH_COATED_OSMIUM;9988;11;;;;;10004;11;10006;24;;;9996.0;5533.0
-2;276300;INTARIAN_PEPPER_ROOT;10271;12;;;;;;;;;;;10271.0;20900.0
-2;276400;ASH_COATED_OSMIUM;;;;;;;10003;11;;;;;10003.0;5120.0
-2;276400;INTARIAN_PEPPER_ROOT;10271;8;10268;23;;;10285;23;;;;;10278.0;21460.0
-2;276500;ASH_COATED_OSMIUM;9987;14;9985;21;;;10003;14;;;;;9995.0;5592.0
-2;276500;INTARIAN_PEPPER_ROOT;10268;21;;;;;10282;8;10285;21;;;10275.0;21220.0
-2;276600;ASH_COATED_OSMIUM;9987;13;9984;25;;;10003;13;10005;25;;;9995.0;5592.0
-2;276600;INTARIAN_PEPPER_ROOT;10274;7;10268;22;;;10282;10;10285;22;;;10278.0;21460.0
-2;276700;ASH_COATED_OSMIUM;9984;26;;;;;10003;11;10005;26;;;9993.5;5680.5
-2;276700;INTARIAN_PEPPER_ROOT;10268;24;;;;;10282;10;10285;24;;;10275.0;21220.0
-2;276800;ASH_COATED_OSMIUM;9987;10;9984;26;;;10005;26;;;;;9996.0;5533.0
-2;276800;INTARIAN_PEPPER_ROOT;10271;8;10269;15;;;10282;8;10285;15;;;10276.5;21340.0
-2;276900;ASH_COATED_OSMIUM;9987;10;9984;30;;;10003;10;10005;30;;;9995.0;5592.0
-2;276900;INTARIAN_PEPPER_ROOT;10271;8;10269;19;;;10285;19;;;;;10278.0;21460.0
-2;277000;ASH_COATED_OSMIUM;9986;13;9984;26;;;10002;13;10005;26;;;9994.0;5651.0
-2;277000;INTARIAN_PEPPER_ROOT;10271;8;10269;25;;;10283;8;10285;25;;;10277.0;21380.0
-2;277100;ASH_COATED_OSMIUM;9984;26;;;;;10003;15;10005;26;;;9993.5;5680.5
-2;277100;INTARIAN_PEPPER_ROOT;10271;11;10269;16;;;;;;;;;10271.0;20900.0
-2;277200;ASH_COATED_OSMIUM;9986;10;9983;27;;;10002;10;;;;;9994.0;5651.0
-2;277200;INTARIAN_PEPPER_ROOT;10272;9;;;;;10285;21;;;;;10278.5;21500.0
-2;277300;ASH_COATED_OSMIUM;9986;11;9983;22;;;10002;11;10004;22;;;9994.0;5651.0
-2;277300;INTARIAN_PEPPER_ROOT;10272;10;10269;21;;;10283;10;10286;21;;;10277.5;21420.0
-2;277400;ASH_COATED_OSMIUM;9986;14;9983;23;;;10002;14;10004;23;;;9994.0;5651.0
-2;277400;INTARIAN_PEPPER_ROOT;10269;18;;;;;10283;12;10286;18;;;10276.0;21300.0
-2;277500;ASH_COATED_OSMIUM;9986;12;9983;23;;;10002;12;10004;23;;;9994.0;5651.0
-2;277500;INTARIAN_PEPPER_ROOT;10272;8;10269;22;;;10283;8;;;;;10277.5;21420.0
-2;277600;ASH_COATED_OSMIUM;9986;15;;;;;10005;26;;;;;9995.5;5562.5
-2;277600;INTARIAN_PEPPER_ROOT;10272;11;10269;20;;;10283;11;;;;;10277.5;21420.0
-2;277700;ASH_COATED_OSMIUM;9986;14;9983;21;;;10002;14;10004;21;;;9994.0;5651.0
-2;277700;INTARIAN_PEPPER_ROOT;10272;10;10269;21;;;10283;10;10286;21;;;10277.5;21420.0
-2;277800;ASH_COATED_OSMIUM;9985;13;9983;20;;;10004;20;;;;;9994.5;5621.5
-2;277800;INTARIAN_PEPPER_ROOT;10272;9;10270;17;;;10283;9;10286;17;;;10277.5;21420.0
-2;277900;ASH_COATED_OSMIUM;9983;22;;;;;10002;10;10004;22;;;9992.5;5739.5
-2;277900;INTARIAN_PEPPER_ROOT;10275;5;10272;11;10270;17;10286;17;;;;;10280.5;21660.0
-2;278000;ASH_COATED_OSMIUM;9985;15;9983;21;;;10001;15;10004;21;;;9993.0;5710.0
-2;278000;INTARIAN_PEPPER_ROOT;10272;10;;;;;10286;15;;;;;10279.0;21540.0
-2;278100;ASH_COATED_OSMIUM;;;;;;;10001;12;10003;20;;;10001.0;5238.0
-2;278100;INTARIAN_PEPPER_ROOT;10272;11;;;;;10284;11;10286;17;;;10278.0;21460.0
-2;278200;ASH_COATED_OSMIUM;9985;11;9982;23;;;10000;11;10003;23;;;9992.5;5739.5
-2;278200;INTARIAN_PEPPER_ROOT;10273;8;10270;15;;;10284;8;10286;15;;;10278.5;21500.0
-2;278300;ASH_COATED_OSMIUM;9984;15;9981;29;;;10000;15;10002;29;;;9992.0;5769.0
-2;278300;INTARIAN_PEPPER_ROOT;10273;12;10270;19;;;10284;12;10287;19;;;10278.5;21500.0
-2;278400;ASH_COATED_OSMIUM;9984;11;9981;22;;;10002;22;;;;;9993.0;5710.0
-2;278400;INTARIAN_PEPPER_ROOT;10273;10;10270;21;;;10284;10;10287;21;;;10278.5;21500.0
-2;278500;ASH_COATED_OSMIUM;9984;10;9981;30;;;10000;10;10002;30;;;9992.0;5769.0
-2;278500;INTARIAN_PEPPER_ROOT;10273;10;10270;20;;;10284;10;10287;20;;;10278.5;21500.0
-2;278600;ASH_COATED_OSMIUM;9983;12;9981;22;;;9999;12;10002;22;;;9991.0;5828.0
-2;278600;INTARIAN_PEPPER_ROOT;10273;11;10270;24;;;10284;11;10287;24;;;10278.5;21500.0
-2;278700;ASH_COATED_OSMIUM;9983;15;9980;22;;;9992;3;9999;15;;;9987.5;6021.0
-2;278700;INTARIAN_PEPPER_ROOT;10273;11;10270;16;;;10284;11;10287;16;;;10278.5;21500.0
-2;278800;ASH_COATED_OSMIUM;;;;;;;10002;27;;;;;10002.0;5209.0
-2;278800;INTARIAN_PEPPER_ROOT;10273;12;10271;18;;;10284;12;10287;18;;;10278.5;21500.0
-2;278900;ASH_COATED_OSMIUM;9983;13;;;;;9999;13;10002;21;;;9991.0;5825.0
-2;278900;INTARIAN_PEPPER_ROOT;10273;12;10271;16;;;10287;16;;;;;10280.0;21620.0
-2;279000;ASH_COATED_OSMIUM;9983;13;9980;20;;;9999;13;10001;20;;;9991.0;5825.0
-2;279000;INTARIAN_PEPPER_ROOT;10273;9;10271;15;;;10285;9;;;;;10279.0;21540.0
-2;279100;ASH_COATED_OSMIUM;9988;3;9983;14;9980;26;;;;;;;9988.0;5993.0
-2;279100;INTARIAN_PEPPER_ROOT;10273;10;10271;19;;;10285;10;;;;;10279.0;21540.0
-2;279200;ASH_COATED_OSMIUM;9980;27;;;;;9999;12;10001;27;;;9989.5;5909.0
-2;279200;INTARIAN_PEPPER_ROOT;10274;9;10271;17;;;10287;17;;;;;10280.5;21660.0
-2;279300;ASH_COATED_OSMIUM;9983;13;9980;26;;;9999;13;;;;;9991.0;5825.0
-2;279300;INTARIAN_PEPPER_ROOT;10274;8;;;;;10285;8;10288;17;;;10279.5;21580.0
-2;279400;ASH_COATED_OSMIUM;9983;10;9980;27;;;9999;10;10001;27;;;9991.0;5825.0
-2;279400;INTARIAN_PEPPER_ROOT;10274;11;10271;15;;;10285;11;10288;15;;;10279.5;21580.0
-2;279500;ASH_COATED_OSMIUM;9982;13;;;;;9998;13;10000;28;;;9990.0;5881.0
-2;279500;INTARIAN_PEPPER_ROOT;10274;10;10271;20;;;10288;20;;;;;10281.0;21700.0
-2;279600;ASH_COATED_OSMIUM;9982;14;9980;30;;;9998;14;10001;30;;;9990.0;5881.0
-2;279600;INTARIAN_PEPPER_ROOT;10274;10;;;;;10285;10;;;;;10279.5;21580.0
-2;279700;ASH_COATED_OSMIUM;9983;13;9980;25;;;9999;13;10001;25;;;9991.0;5825.0
-2;279700;INTARIAN_PEPPER_ROOT;10274;8;;;;;10285;8;10288;25;;;10279.5;21580.0
-2;279800;ASH_COATED_OSMIUM;9982;12;9980;27;;;9998;12;;;;;9990.0;5881.0
-2;279800;INTARIAN_PEPPER_ROOT;10282;4;10274;8;10272;24;10285;8;10288;24;;;10283.5;21900.0
-2;279900;ASH_COATED_OSMIUM;9982;12;9980;29;;;10001;29;;;;;9991.5;5797.0
-2;279900;INTARIAN_PEPPER_ROOT;10274;8;10272;20;;;10286;8;10288;20;;;10280.0;21620.0
-2;280000;ASH_COATED_OSMIUM;9982;15;9980;25;;;10001;25;;;;;9991.5;5797.0
-2;280000;INTARIAN_PEPPER_ROOT;10283;4;10274;9;;;10286;9;10288;24;;;10284.5;21980.0
-2;280100;ASH_COATED_OSMIUM;9982;15;;;;;9998;15;10001;30;;;9990.0;5881.0
-2;280100;INTARIAN_PEPPER_ROOT;10274;9;10272;19;;;10288;19;;;;;10281.0;21700.0
-2;280200;ASH_COATED_OSMIUM;9983;14;9980;24;;;9999;14;10001;24;;;9991.0;5825.0
-2;280200;INTARIAN_PEPPER_ROOT;10275;8;10272;17;;;10286;8;;;;;10280.5;21660.0
-2;280300;ASH_COATED_OSMIUM;9983;13;9980;27;;;9999;13;10001;27;;;9991.0;5825.0
-2;280300;INTARIAN_PEPPER_ROOT;10275;11;10272;24;;;10286;11;10289;24;;;10280.5;21660.0
-2;280400;ASH_COATED_OSMIUM;9983;11;9980;27;;;9999;11;10001;27;;;9991.0;5825.0
-2;280400;INTARIAN_PEPPER_ROOT;10275;10;10272;21;;;10286;10;10289;21;;;10280.5;21660.0
-2;280500;ASH_COATED_OSMIUM;9980;30;;;;;9999;13;;;;;9989.5;5909.0
-2;280500;INTARIAN_PEPPER_ROOT;10272;23;;;;;10286;11;10289;23;;;10279.0;21540.0
-2;280600;ASH_COATED_OSMIUM;9980;23;;;;;9999;15;10001;23;;;9989.5;5909.0
-2;280600;INTARIAN_PEPPER_ROOT;10275;8;10272;25;;;10286;8;10289;25;;;10280.5;21660.0
-2;280700;ASH_COATED_OSMIUM;9983;11;9980;23;;;;;;;;;9983.0;6273.0
-2;280700;INTARIAN_PEPPER_ROOT;;;;;;;10286;12;10289;25;;;10286.0;22100.0
-2;280800;ASH_COATED_OSMIUM;;;;;;;9999;12;10001;28;;;9999.0;5377.0
-2;280800;INTARIAN_PEPPER_ROOT;10275;11;10273;16;;;10289;16;;;;;10282.0;21780.0
-2;280900;ASH_COATED_OSMIUM;9983;13;9981;25;;;9999;13;10002;25;;;9991.0;5825.0
-2;280900;INTARIAN_PEPPER_ROOT;10275;8;10273;19;;;10287;8;10289;19;;;10281.0;21700.0
-2;281000;ASH_COATED_OSMIUM;9983;10;9981;20;;;9999;10;10002;20;;;9991.0;5825.0
-2;281000;INTARIAN_PEPPER_ROOT;10275;8;10273;19;;;10287;8;10289;19;;;10281.0;21700.0
-2;281100;ASH_COATED_OSMIUM;9983;15;;;;;9999;15;10001;30;;;9991.0;5825.0
-2;281100;INTARIAN_PEPPER_ROOT;10275;8;10273;18;;;10287;8;;;;;10281.0;21700.0
-2;281200;ASH_COATED_OSMIUM;9983;11;9980;30;;;9999;11;10001;30;;;9991.0;5846.0
-2;281200;INTARIAN_PEPPER_ROOT;10276;10;10273;18;;;10287;10;10289;18;;;10281.5;21740.0
-2;281300;ASH_COATED_OSMIUM;9983;14;9981;22;;;9999;14;10002;22;;;9991.0;5874.0
-2;281300;INTARIAN_PEPPER_ROOT;10273;19;;;;;10287;8;;;;;10280.0;21620.0
-2;281400;ASH_COATED_OSMIUM;9984;14;9981;24;;;10000;14;10002;24;;;9992.0;5825.0
-2;281400;INTARIAN_PEPPER_ROOT;10276;10;10273;23;;;10287;10;10290;23;;;10281.5;21740.0
-2;281500;ASH_COATED_OSMIUM;9984;15;9981;28;;;10000;15;10002;28;;;9992.0;5825.0
-2;281500;INTARIAN_PEPPER_ROOT;;;;;;;10290;21;;;;;10290.0;22420.0
-2;281600;ASH_COATED_OSMIUM;9984;10;9981;28;;;10000;10;10002;28;;;9992.0;5860.0
-2;281600;INTARIAN_PEPPER_ROOT;10276;8;10273;21;;;10287;8;10290;21;;;10281.5;21740.0
-2;281700;ASH_COATED_OSMIUM;9984;15;9982;26;;;10000;15;10003;26;;;9992.0;5860.0
-2;281700;INTARIAN_PEPPER_ROOT;10276;12;10273;23;;;10287;12;10290;23;;;10281.5;21740.0
-2;281800;ASH_COATED_OSMIUM;;;;;;;10001;15;10003;25;;;10001.0;5374.0
-2;281800;INTARIAN_PEPPER_ROOT;10276;10;;;;;10287;10;10290;22;;;10281.5;21740.0
-2;281900;ASH_COATED_OSMIUM;9985;13;;;;;10001;13;;;;;9993.0;5806.0
-2;281900;INTARIAN_PEPPER_ROOT;10276;12;10274;18;;;10288;12;10290;18;;;10282.0;21780.0
-2;282000;ASH_COATED_OSMIUM;9995;9;9985;15;9983;21;10001;15;;;;;9998.0;5509.0
-2;282000;INTARIAN_PEPPER_ROOT;10276;9;10274;18;;;10288;9;10290;18;;;10282.0;21780.0
-2;282100;ASH_COATED_OSMIUM;9985;15;9983;23;;;9995;2;10001;15;10004;23;9990.0;6013.0
-2;282100;INTARIAN_PEPPER_ROOT;10276;10;10274;25;;;10290;25;;;;;10283.0;21860.0
-2;282200;ASH_COATED_OSMIUM;9985;14;9983;25;;;10001;14;10004;25;;;9993.0;5824.0
-2;282200;INTARIAN_PEPPER_ROOT;10277;8;10274;20;;;10288;8;;;;;10282.5;21820.0
-2;282300;ASH_COATED_OSMIUM;9985;14;9983;21;;;10004;21;;;;;9994.5;5729.5
-2;282300;INTARIAN_PEPPER_ROOT;10277;11;10274;17;;;10288;11;;;;;10282.5;21820.0
-2;282400;ASH_COATED_OSMIUM;9985;12;9983;27;;;10004;27;;;;;9994.5;5729.5
-2;282400;INTARIAN_PEPPER_ROOT;10277;8;10274;17;;;10288;8;10291;17;;;10282.5;21820.0
-2;282500;ASH_COATED_OSMIUM;9994;9;9985;15;9982;26;10001;15;10003;26;;;9997.5;5509.0
-2;282500;INTARIAN_PEPPER_ROOT;10277;10;10274;23;;;10288;10;10291;23;;;10282.5;21820.0
-2;282600;ASH_COATED_OSMIUM;9983;25;;;;;10002;11;10004;25;;;9992.5;5920.0
-2;282600;INTARIAN_PEPPER_ROOT;10274;19;;;;;10288;8;;;;;10281.0;21700.0
-2;282700;ASH_COATED_OSMIUM;9986;10;9983;20;;;10002;10;10004;20;;;9994.0;5803.0
-2;282700;INTARIAN_PEPPER_ROOT;10274;23;;;;;10291;23;;;;;10282.5;21820.0
-2;282800;ASH_COATED_OSMIUM;9986;10;9983;20;;;10002;10;;;;;9994.0;5803.0
-2;282800;INTARIAN_PEPPER_ROOT;10277;11;10275;17;;;;;;;;;10277.0;21380.0
-2;282900;ASH_COATED_OSMIUM;9986;13;;;;;10002;13;;;;;9994.0;5803.0
-2;282900;INTARIAN_PEPPER_ROOT;10277;8;;;;;10289;8;10291;25;;;10283.0;21860.0
-2;283000;ASH_COATED_OSMIUM;9983;29;;;;;10002;14;;;;;9992.5;5920.0
-2;283000;INTARIAN_PEPPER_ROOT;10277;10;10275;16;;;10289;10;;;;;10283.0;21860.0
-2;283100;ASH_COATED_OSMIUM;9984;25;;;;;10005;25;;;;;9994.5;5764.0
-2;283100;INTARIAN_PEPPER_ROOT;10277;8;;;;;10289;8;10291;25;;;10283.0;21860.0
-2;283200;ASH_COATED_OSMIUM;9987;12;;;;;10003;12;10005;27;;;9995.0;5725.0
-2;283200;INTARIAN_PEPPER_ROOT;10278;10;10275;20;;;10289;10;10291;20;;;10283.5;21900.0
-2;283300;ASH_COATED_OSMIUM;9987;10;9984;21;;;9996;4;10003;10;;;9991.5;5998.0
-2;283300;INTARIAN_PEPPER_ROOT;10278;10;10275;19;;;10292;19;;;;;10285.0;22020.0
-2;283400;ASH_COATED_OSMIUM;9987;11;9985;21;;;10003;11;10006;21;;;9995.0;5725.0
-2;283400;INTARIAN_PEPPER_ROOT;10278;9;10275;20;;;;;;;;;10278.0;21460.0
-2;283500;ASH_COATED_OSMIUM;9988;14;9985;22;;;10004;14;10006;22;;;9996.0;5647.0
-2;283500;INTARIAN_PEPPER_ROOT;10278;8;10275;22;;;10292;22;;;;;10285.0;22020.0
-2;283600;ASH_COATED_OSMIUM;9987;12;9985;30;;;10003;12;;;;;9995.0;5725.0
-2;283600;INTARIAN_PEPPER_ROOT;10278;8;10275;25;;;10289;8;10292;25;;;10283.5;21900.0
-2;283700;ASH_COATED_OSMIUM;9987;10;9985;30;;;10003;10;10006;30;;;9995.0;5725.0
-2;283700;INTARIAN_PEPPER_ROOT;10275;22;;;;;10292;22;;;;;10283.5;21900.0
-2;283800;ASH_COATED_OSMIUM;9984;29;;;;;10003;13;10005;29;;;9993.5;5842.0
-2;283800;INTARIAN_PEPPER_ROOT;10278;8;10276;15;;;10289;8;;;;;10283.5;21900.0
-2;283900;ASH_COATED_OSMIUM;9987;13;9984;25;;;10005;25;;;;;9996.0;5647.0
-2;283900;INTARIAN_PEPPER_ROOT;10278;10;;;;;10290;10;10292;18;;;10284.0;21940.0
-2;284000;ASH_COATED_OSMIUM;9987;15;9985;29;;;10003;15;10006;29;;;9995.0;5725.0
-2;284000;INTARIAN_PEPPER_ROOT;10278;9;10276;18;;;10290;9;10292;18;;;10284.0;21940.0
-2;284100;ASH_COATED_OSMIUM;9987;12;9985;21;;;10003;12;;;;;9995.0;5725.0
-2;284100;INTARIAN_PEPPER_ROOT;10276;19;;;;;10290;11;10292;19;;;10283.0;21860.0
-2;284200;ASH_COATED_OSMIUM;9987;15;9985;25;;;10003;15;10006;25;;;9995.0;5725.0
-2;284200;INTARIAN_PEPPER_ROOT;10279;10;10276;24;;;10290;10;10292;24;;;10284.5;21980.0
-2;284300;ASH_COATED_OSMIUM;9987;12;9985;21;;;10003;12;10006;21;;;9995.0;5725.0
-2;284300;INTARIAN_PEPPER_ROOT;10276;17;;;;;10290;9;10293;17;;;10283.0;21860.0
-2;284400;ASH_COATED_OSMIUM;9987;15;;;;;10003;15;;;;;9995.0;5725.0
-2;284400;INTARIAN_PEPPER_ROOT;10279;11;10276;20;;;10290;11;10293;20;;;10284.5;21980.0
-2;284500;ASH_COATED_OSMIUM;9987;14;9984;25;;;10003;14;10005;25;;;9995.0;5725.0
-2;284500;INTARIAN_PEPPER_ROOT;10279;12;;;;;10290;12;;;;;10284.5;21980.0
-2;284600;ASH_COATED_OSMIUM;9987;15;9985;25;;;10003;15;10006;25;;;9995.0;5725.0
-2;284600;INTARIAN_PEPPER_ROOT;10279;12;10276;18;;;10290;12;;;;;10284.5;21980.0
-2;284700;ASH_COATED_OSMIUM;9988;11;9985;30;;;10004;11;10006;30;;;9996.0;5647.0
-2;284700;INTARIAN_PEPPER_ROOT;10279;10;;;;;10293;19;;;;;10286.0;22100.0
-2;284800;ASH_COATED_OSMIUM;9987;13;9985;25;;;10003;13;10006;25;;;9995.0;5725.0
-2;284800;INTARIAN_PEPPER_ROOT;10277;17;;;;;10290;11;10293;17;;;10283.5;21900.0
-2;284900;ASH_COATED_OSMIUM;9988;12;9985;30;;;10004;12;10006;30;;;9996.0;5647.0
-2;284900;INTARIAN_PEPPER_ROOT;10279;11;10277;24;;;10291;11;10293;24;;;10285.0;22020.0
-2;285000;ASH_COATED_OSMIUM;9988;11;;;;;10004;11;10006;30;;;9996.0;5647.0
-2;285000;INTARIAN_PEPPER_ROOT;10279;12;10277;25;;;10291;12;10293;25;;;10285.0;22020.0
-2;285100;ASH_COATED_OSMIUM;9987;10;9985;26;;;10003;10;10006;26;;;9995.0;5725.0
-2;285100;INTARIAN_PEPPER_ROOT;10279;11;10277;18;;;10291;11;10293;18;;;10285.0;22020.0
-2;285200;ASH_COATED_OSMIUM;9987;12;9985;29;;;10003;12;;;;;9995.0;5725.0
-2;285200;INTARIAN_PEPPER_ROOT;10277;19;;;;;10291;9;10293;19;;;10284.0;21940.0
-2;285300;ASH_COATED_OSMIUM;9984;22;;;;;10003;11;;;;;9993.5;5842.0
-2;285300;INTARIAN_PEPPER_ROOT;10280;8;10277;25;;;10291;8;10294;25;;;10285.5;22060.0
-2;285400;ASH_COATED_OSMIUM;9987;13;;;;;10005;20;;;;;9996.0;5727.0
-2;285400;INTARIAN_PEPPER_ROOT;10280;11;10277;20;;;10291;11;10294;20;;;10285.5;22060.0
-2;285500;ASH_COATED_OSMIUM;9987;13;9985;27;;;10003;13;10006;27;;;9995.0;5795.0
-2;285500;INTARIAN_PEPPER_ROOT;10280;10;10277;21;;;10291;10;10294;21;;;10285.5;22060.0
-2;285600;ASH_COATED_OSMIUM;9987;12;9984;20;;;10005;20;;;;;9996.0;5727.0
-2;285600;INTARIAN_PEPPER_ROOT;10280;10;;;;;10287;8;10294;22;;;10283.5;21900.0
-2;285700;ASH_COATED_OSMIUM;9986;13;9984;23;;;10005;23;;;;;9995.5;5761.0
-2;285700;INTARIAN_PEPPER_ROOT;10280;8;10277;24;;;10282;8;10291;8;10294;24;10281.0;21700.0
-2;285800;ASH_COATED_OSMIUM;9984;25;;;;;10002;10;10005;25;;;9993.0;5931.0
-2;285800;INTARIAN_PEPPER_ROOT;10280;9;10278;18;;;10291;9;10294;18;;;10285.5;22060.0
-2;285900;ASH_COATED_OSMIUM;9986;13;9984;29;;;10005;29;;;;;9995.5;5761.0
-2;285900;INTARIAN_PEPPER_ROOT;10280;10;;;;;10292;10;10294;17;;;10286.0;22100.0
-2;286000;ASH_COATED_OSMIUM;9986;14;9984;25;;;10002;14;10005;25;;;9994.0;5863.0
-2;286000;INTARIAN_PEPPER_ROOT;10280;10;10278;23;;;10292;10;;;;;10286.0;22100.0
-2;286100;ASH_COATED_OSMIUM;9986;15;9984;23;;;10002;15;10005;23;;;9994.0;5863.0
-2;286100;INTARIAN_PEPPER_ROOT;10278;21;;;;;10292;11;10294;21;;;10285.0;22020.0
-2;286200;ASH_COATED_OSMIUM;9986;12;9983;21;;;10002;12;10004;21;;;9994.0;5863.0
-2;286200;INTARIAN_PEPPER_ROOT;10281;10;10278;18;;;10292;10;;;;;10286.5;22140.0
-2;286300;ASH_COATED_OSMIUM;9986;14;9983;29;;;10002;14;;;;;9994.0;5863.0
-2;286300;INTARIAN_PEPPER_ROOT;10281;12;10278;15;;;10292;12;10295;15;;;10286.5;22140.0
-2;286400;ASH_COATED_OSMIUM;;;;;;;10001;11;10004;30;;;10001.0;5387.0
-2;286400;INTARIAN_PEPPER_ROOT;10281;8;10278;20;;;10292;8;10295;20;;;10286.5;22140.0
-2;286500;ASH_COATED_OSMIUM;9983;21;;;;;10004;21;;;;;9993.5;5897.0
-2;286500;INTARIAN_PEPPER_ROOT;10278;21;;;;;10292;10;10295;21;;;10285.0;22020.0
-2;286600;ASH_COATED_OSMIUM;9986;15;9983;28;;;10002;15;10004;28;;;9994.0;5863.0
-2;286600;INTARIAN_PEPPER_ROOT;10281;12;;;;;10292;12;10295;19;;;10286.5;22140.0
-2;286700;ASH_COATED_OSMIUM;9986;14;9983;22;;;10002;14;10004;22;;;9994.0;5863.0
-2;286700;INTARIAN_PEPPER_ROOT;10281;11;10278;21;;;10292;11;10295;21;;;10286.5;22140.0
-2;286800;ASH_COATED_OSMIUM;9985;14;9983;29;;;10004;29;;;;;9994.5;5829.0
-2;286800;INTARIAN_PEPPER_ROOT;10281;9;10279;17;;;10295;17;;;;;10288.0;22260.0
-2;286900;ASH_COATED_OSMIUM;9985;13;9983;20;;;10004;20;;;;;9994.5;5829.0
-2;286900;INTARIAN_PEPPER_ROOT;10281;9;;;;;10293;9;10295;21;;;10287.0;22180.0
-2;287000;ASH_COATED_OSMIUM;9982;30;;;;;10001;13;10003;30;;;9991.5;6033.0
-2;287000;INTARIAN_PEPPER_ROOT;10281;9;;;;;10293;9;;;;;10287.0;22180.0
-2;287100;ASH_COATED_OSMIUM;9985;13;9982;24;;;10001;13;10003;24;;;9993.0;5931.0
-2;287100;INTARIAN_PEPPER_ROOT;10281;9;10279;16;;;10293;9;;;;;10287.0;22180.0
-2;287200;ASH_COATED_OSMIUM;9985;10;;;;;10001;10;10003;24;;;9993.0;5931.0
-2;287200;INTARIAN_PEPPER_ROOT;10282;11;10279;21;;;10295;21;;;;;10288.5;22300.0
-2;287300;ASH_COATED_OSMIUM;9984;14;;;;;10000;14;10003;22;;;9992.0;5999.0
-2;287300;INTARIAN_PEPPER_ROOT;10282;9;10279;23;;;10293;9;;;;;10287.5;22220.0
-2;287400;ASH_COATED_OSMIUM;;;;;;;10001;12;10003;30;;;10001.0;5387.0
-2;287400;INTARIAN_PEPPER_ROOT;10282;9;10279;18;;;10293;9;10296;18;;;10287.5;22220.0
-2;287500;ASH_COATED_OSMIUM;9985;14;9982;27;;;10001;14;10003;27;;;9993.0;5931.0
-2;287500;INTARIAN_PEPPER_ROOT;10282;11;10279;24;;;10293;11;10296;24;;;10287.5;22220.0
-2;287600;ASH_COATED_OSMIUM;9985;14;9983;26;;;10001;14;;;;;9993.0;5931.0
-2;287600;INTARIAN_PEPPER_ROOT;10279;22;;;;;10293;12;10296;22;;;10286.0;22100.0
-2;287700;ASH_COATED_OSMIUM;9982;26;;;;;10001;12;10003;26;;;9991.5;6033.0
-2;287700;INTARIAN_PEPPER_ROOT;10282;9;10279;16;;;10293;9;;;;;10287.5;22220.0
-2;287800;ASH_COATED_OSMIUM;9985;12;;;;;10003;30;;;;;9994.0;5863.0
-2;287800;INTARIAN_PEPPER_ROOT;10282;12;10280;25;;;10293;12;10296;25;;;10287.5;22220.0
-2;287900;ASH_COATED_OSMIUM;9985;13;9982;27;;;10001;13;;;;;9993.0;5931.0
-2;287900;INTARIAN_PEPPER_ROOT;10280;15;;;;;10294;10;10296;15;;;10287.0;22180.0
-2;288000;ASH_COATED_OSMIUM;9982;25;;;;;10001;12;10003;25;;;9991.5;6033.0
-2;288000;INTARIAN_PEPPER_ROOT;10282;12;10280;17;;;10294;12;10296;17;;;10288.0;22260.0
-2;288100;ASH_COATED_OSMIUM;9985;14;9983;20;;;10001;14;10004;20;;;9993.0;5931.0
-2;288100;INTARIAN_PEPPER_ROOT;10282;9;10280;24;;;10294;9;;;;;10288.0;22260.0
-2;288200;ASH_COATED_OSMIUM;9984;10;9982;23;;;10000;10;10003;23;;;9992.0;5999.0
-2;288200;INTARIAN_PEPPER_ROOT;10283;8;;;;;10294;8;10296;19;;;10288.5;22300.0
-2;288300;ASH_COATED_OSMIUM;9985;14;9982;21;;;10001;14;10003;21;;;9993.0;5980.0
-2;288300;INTARIAN_PEPPER_ROOT;10280;21;;;;;10294;12;10297;21;;;10287.0;22180.0
-2;288400;ASH_COATED_OSMIUM;9985;13;9983;21;;;10001;13;10004;21;;;9993.0;5980.0
-2;288400;INTARIAN_PEPPER_ROOT;10283;9;10280;16;;;10294;9;10297;16;;;10288.5;22300.0
-2;288500;ASH_COATED_OSMIUM;9985;15;;;;;10001;15;10004;20;;;9993.0;5980.0
-2;288500;INTARIAN_PEPPER_ROOT;10283;12;10280;19;;;10294;12;;;;;10288.5;22300.0
-2;288600;ASH_COATED_OSMIUM;9983;27;;;;;10002;10;10004;27;;;9992.5;6017.5
-2;288600;INTARIAN_PEPPER_ROOT;10283;12;10280;25;;;10294;12;10297;25;;;10288.5;22300.0
-2;288700;ASH_COATED_OSMIUM;9986;12;9984;29;;;10002;12;10005;29;;;9994.0;5905.0
-2;288700;INTARIAN_PEPPER_ROOT;10283;8;;;;;10294;8;10297;24;;;10288.5;22300.0
-2;288800;ASH_COATED_OSMIUM;9986;11;9983;23;;;;;;;;;9986.0;6505.0
-2;288800;INTARIAN_PEPPER_ROOT;10283;9;10281;21;;;10294;9;10297;21;;;10288.5;22300.0
-2;288900;ASH_COATED_OSMIUM;9985;13;9983;28;;;10001;13;10004;28;;;9993.0;5980.0
-2;288900;INTARIAN_PEPPER_ROOT;10283;12;10281;25;;;10295;12;10297;25;;;10289.0;22340.0
-2;289000;ASH_COATED_OSMIUM;9986;10;9983;21;;;10002;10;10004;21;;;9994.0;5905.0
-2;289000;INTARIAN_PEPPER_ROOT;10292;5;10283;10;;;10295;10;10297;17;;;10293.5;22700.0
-2;289100;ASH_COATED_OSMIUM;;;;;;;10004;28;;;;;10004.0;5155.0
-2;289100;INTARIAN_PEPPER_ROOT;10283;9;10281;20;;;10295;9;10297;20;;;10289.0;22340.0
-2;289200;ASH_COATED_OSMIUM;9986;11;9984;22;;;10002;11;10005;22;;;9994.0;5905.0
-2;289200;INTARIAN_PEPPER_ROOT;10281;19;;;;;10295;11;10297;19;;;10288.0;22260.0
-2;289300;ASH_COATED_OSMIUM;9986;10;;;;;10002;10;10005;22;;;9994.0;5905.0
-2;289300;INTARIAN_PEPPER_ROOT;10284;9;10281;24;;;10295;9;10298;24;;;10289.5;22380.0
-2;289400;ASH_COATED_OSMIUM;9986;12;9983;23;;;10002;12;10004;23;;;9994.0;5947.0
-2;289400;INTARIAN_PEPPER_ROOT;10284;11;10281;17;;;;;;;;;10284.0;21940.0
-2;289500;ASH_COATED_OSMIUM;9991;2;9986;14;9983;23;10002;14;10004;23;;;9996.5;5774.5
-2;289500;INTARIAN_PEPPER_ROOT;10284;11;10281;21;;;10295;11;;;;;10289.5;22380.0
-2;289600;ASH_COATED_OSMIUM;9984;20;;;;;10002;10;10005;20;;;9993.0;6016.0
-2;289600;INTARIAN_PEPPER_ROOT;10284;10;10281;23;;;;;;;;;10284.0;21940.0
-2;289700;ASH_COATED_OSMIUM;9986;13;;;;;10002;13;10005;26;;;9994.0;5947.0
-2;289700;INTARIAN_PEPPER_ROOT;10292;8;10281;18;;;10298;18;;;;;10295.0;22820.0
-2;289800;ASH_COATED_OSMIUM;9986;13;9983;24;;;10002;13;10004;24;;;9994.0;5947.0
-2;289800;INTARIAN_PEPPER_ROOT;10284;8;;;;;10295;8;;;;;10289.5;22380.0
-2;289900;ASH_COATED_OSMIUM;9985;15;9983;23;;;10001;15;;;;;9993.0;6016.0
-2;289900;INTARIAN_PEPPER_ROOT;10284;11;10282;22;;;10298;22;;;;;10291.0;22500.0
-2;290000;ASH_COATED_OSMIUM;9995;4;9986;11;9983;22;10002;11;10004;22;;;9998.5;5622.5
-2;290000;INTARIAN_PEPPER_ROOT;10282;24;;;;;10296;9;10298;24;;;10289.0;22340.0
-2;290100;ASH_COATED_OSMIUM;9985;15;;;;;;;;;;;9985.0;6608.0
-2;290100;INTARIAN_PEPPER_ROOT;10282;15;;;;;10296;12;10298;15;;;10289.0;22340.0
-2;290200;ASH_COATED_OSMIUM;9982;20;;;;;9994;5;10003;20;;;9988.0;6389.0
-2;290200;INTARIAN_PEPPER_ROOT;10285;9;10282;24;;;10296;9;;;;;10290.5;22460.0
-2;290300;ASH_COATED_OSMIUM;9985;11;;;;;10003;25;;;;;9994.0;5951.0
-2;290300;INTARIAN_PEPPER_ROOT;10285;11;10282;24;;;10296;11;10299;24;;;10290.5;22460.0
-2;290400;ASH_COATED_OSMIUM;9985;15;9982;25;;;10001;15;10003;25;;;9993.0;6024.0
-2;290400;INTARIAN_PEPPER_ROOT;10285;8;10282;15;;;10296;8;10299;15;;;10290.5;22460.0
-2;290500;ASH_COATED_OSMIUM;9985;11;9982;20;;;10001;11;10003;20;;;9993.0;6024.0
-2;290500;INTARIAN_PEPPER_ROOT;10285;11;10282;19;;;10296;11;10299;19;;;10290.5;22460.0
-2;290600;ASH_COATED_OSMIUM;9986;14;;;;;10002;14;;;;;9994.0;5951.0
-2;290600;INTARIAN_PEPPER_ROOT;10285;12;10282;19;;;10296;12;10299;19;;;10290.5;22460.0
-2;290700;ASH_COATED_OSMIUM;9986;13;9984;20;;;10002;13;;;;;9994.0;5951.0
-2;290700;INTARIAN_PEPPER_ROOT;10285;9;10282;23;;;10296;9;;;;;10290.5;22460.0
-2;290800;ASH_COATED_OSMIUM;;;;;;;10002;11;10004;21;;;10002.0;5367.0
-2;290800;INTARIAN_PEPPER_ROOT;10285;8;10283;23;;;10296;8;;;;;10290.5;22460.0
-2;290900;ASH_COATED_OSMIUM;9986;14;9983;22;;;10004;22;;;;;9995.0;5878.0
-2;290900;INTARIAN_PEPPER_ROOT;10285;9;10283;17;;;10297;9;10299;17;;;10291.0;22500.0
-2;291000;ASH_COATED_OSMIUM;9983;26;;;;;10002;14;10004;26;;;9992.5;6060.5
-2;291000;INTARIAN_PEPPER_ROOT;10285;11;10283;17;;;10297;11;10299;17;;;10291.0;22500.0
-2;291100;ASH_COATED_OSMIUM;9986;12;9984;21;;;10002;12;10005;21;;;9994.0;5951.0
-2;291100;INTARIAN_PEPPER_ROOT;10285;10;10283;23;;;10293;11;10297;10;10299;23;10289.0;22340.0
-2;291200;ASH_COATED_OSMIUM;9986;15;9984;28;;;10005;28;;;;;9995.5;5901.0
-2;291200;INTARIAN_PEPPER_ROOT;10283;21;;;;;10297;11;10299;21;;;10290.0;22420.0
-2;291300;ASH_COATED_OSMIUM;9984;29;;;;;10005;29;;;;;9994.5;5967.0
-2;291300;INTARIAN_PEPPER_ROOT;10286;10;10283;20;;;10297;10;;;;;10291.5;22540.0
-2;291400;ASH_COATED_OSMIUM;9986;14;9984;29;;;10002;14;10005;29;;;9994.0;6000.0
-2;291400;INTARIAN_PEPPER_ROOT;10286;12;10283;19;;;10297;12;10300;19;;;10291.5;22540.0
-2;291500;ASH_COATED_OSMIUM;9986;10;9984;22;;;10002;10;;;;;9994.0;6000.0
-2;291500;INTARIAN_PEPPER_ROOT;10286;8;10283;17;;;10297;8;10300;17;;;10291.5;22540.0
-2;291600;ASH_COATED_OSMIUM;9986;11;;;;;10002;11;;;;;9994.0;6000.0
-2;291600;INTARIAN_PEPPER_ROOT;10286;9;10283;17;;;10297;9;10300;17;;;10291.5;22540.0
-2;291700;ASH_COATED_OSMIUM;9991;5;9983;25;;;10002;15;10004;25;;;9996.5;5835.0
-2;291700;INTARIAN_PEPPER_ROOT;10283;19;;;;;10300;19;;;;;10291.5;22540.0
-2;291800;ASH_COATED_OSMIUM;9984;25;;;;;10002;14;10005;25;;;9993.0;6066.0
-2;291800;INTARIAN_PEPPER_ROOT;10286;9;10284;18;;;10297;9;10300;18;;;10291.5;22540.0
-2;291900;ASH_COATED_OSMIUM;9987;10;9984;22;;;10005;22;;;;;9996.0;5868.0
-2;291900;INTARIAN_PEPPER_ROOT;10286;12;;;;;10298;12;10300;17;;;10292.0;22580.0
-2;292000;ASH_COATED_OSMIUM;9986;15;9984;20;;;9992;7;10002;15;;;9989.0;6309.0
-2;292000;INTARIAN_PEPPER_ROOT;10286;10;;;;;10298;10;;;;;10292.0;22580.0
-2;292100;ASH_COATED_OSMIUM;9986;11;;;;;10002;11;10005;30;;;9994.0;6014.0
-2;292100;INTARIAN_PEPPER_ROOT;10286;12;10284;18;;;10298;12;10300;18;;;10292.0;22580.0
-2;292200;ASH_COATED_OSMIUM;9986;11;9983;27;;;10002;11;10004;27;;;9994.0;6028.0
-2;292200;INTARIAN_PEPPER_ROOT;10287;12;10284;22;;;10298;12;10300;22;;;10292.5;22620.0
-2;292300;ASH_COATED_OSMIUM;9986;15;9984;26;;;10002;15;10005;26;;;9994.0;6028.0
-2;292300;INTARIAN_PEPPER_ROOT;10295;5;10287;8;;;10298;8;10301;22;;;10296.5;22940.0
-2;292400;ASH_COATED_OSMIUM;9986;14;9984;23;;;10002;14;10005;23;;;9994.0;6028.0
-2;292400;INTARIAN_PEPPER_ROOT;10287;10;10284;23;;;10298;10;10301;23;;;10292.5;22620.0
-2;292500;ASH_COATED_OSMIUM;9987;14;9984;22;;;10003;14;10005;22;;;9995.0;5971.0
-2;292500;INTARIAN_PEPPER_ROOT;10287;11;10284;23;;;10298;11;10301;23;;;10292.5;22620.0
-2;292600;ASH_COATED_OSMIUM;9984;21;;;;;;;;;;;9984.0;6598.0
-2;292600;INTARIAN_PEPPER_ROOT;10287;12;10284;16;;;10301;16;;;;;10294.0;22740.0
-2;292700;ASH_COATED_OSMIUM;9986;14;9984;24;;;10002;14;10005;24;;;9994.0;6028.0
-2;292700;INTARIAN_PEPPER_ROOT;10284;22;;;;;10301;22;;;;;10292.5;22620.0
-2;292800;ASH_COATED_OSMIUM;9987;15;9984;30;;;10003;15;10005;30;;;9995.0;5971.0
-2;292800;INTARIAN_PEPPER_ROOT;10287;10;10285;19;;;10298;10;10301;19;;;10292.5;22620.0
-2;292900;ASH_COATED_OSMIUM;9986;15;9984;25;;;10002;15;10005;25;;;9994.0;6028.0
-2;292900;INTARIAN_PEPPER_ROOT;;;;;;;10299;8;10301;23;;;10299.0;23140.0
-2;293000;ASH_COATED_OSMIUM;9987;13;9985;30;;;10003;13;10006;30;;;9995.0;5971.0
-2;293000;INTARIAN_PEPPER_ROOT;10287;8;10285;25;;;10299;8;;;;;10293.0;22660.0
-2;293100;ASH_COATED_OSMIUM;9987;14;9984;20;;;10003;14;;;;;9995.0;5971.0
-2;293100;INTARIAN_PEPPER_ROOT;10287;10;10285;18;;;10299;10;10301;18;;;10293.0;22660.0
-2;293200;ASH_COATED_OSMIUM;9987;13;;;;;10003;13;10005;27;;;9995.0;5971.0
-2;293200;INTARIAN_PEPPER_ROOT;10288;12;10285;21;;;10299;12;10301;21;;;10293.5;22700.0
-2;293300;ASH_COATED_OSMIUM;9987;13;9984;24;;;10003;13;10005;24;;;9995.0;5971.0
-2;293300;INTARIAN_PEPPER_ROOT;10288;8;10285;24;;;10299;8;;;;;10293.5;22700.0
-2;293400;ASH_COATED_OSMIUM;9987;14;9984;29;;;10003;14;10005;29;;;9995.0;5971.0
-2;293400;INTARIAN_PEPPER_ROOT;10288;11;10285;23;;;10302;23;;;;;10295.0;22820.0
-2;293500;ASH_COATED_OSMIUM;9987;15;9985;27;;;10006;27;;;;;9996.5;5885.5
-2;293500;INTARIAN_PEPPER_ROOT;10288;9;10285;16;;;10302;16;;;;;10295.0;22820.0
-2;293600;ASH_COATED_OSMIUM;9987;10;;;;;10003;10;10006;23;;;9995.0;5971.0
-2;293600;INTARIAN_PEPPER_ROOT;10288;12;10285;24;;;10299;12;10302;24;;;10293.5;22700.0
-2;293700;ASH_COATED_OSMIUM;9988;14;;;;;10006;26;;;;;9997.0;5857.0
-2;293700;INTARIAN_PEPPER_ROOT;10288;9;10285;17;;;10299;9;10302;17;;;10293.5;22700.0
-2;293800;ASH_COATED_OSMIUM;9988;14;;;;;10004;14;10006;30;;;9996.0;5914.0
-2;293800;INTARIAN_PEPPER_ROOT;10288;12;10286;15;;;10299;12;;;;;10293.5;22700.0
-2;293900;ASH_COATED_OSMIUM;9988;13;9986;27;;;;;;;;;9988.0;6370.0
-2;293900;INTARIAN_PEPPER_ROOT;10288;9;10286;17;;;10302;17;;;;;10295.0;22820.0
-2;294000;ASH_COATED_OSMIUM;9988;13;9985;28;;;10004;13;10006;28;;;9996.0;5914.0
-2;294000;INTARIAN_PEPPER_ROOT;10288;11;10286;25;;;10300;11;10302;25;;;10294.0;22740.0
-2;294100;ASH_COATED_OSMIUM;9988;11;9985;27;;;10004;11;10006;27;;;9996.0;5914.0
-2;294100;INTARIAN_PEPPER_ROOT;10288;9;;;;;10300;9;10302;19;;;10294.0;22740.0
-2;294200;ASH_COATED_OSMIUM;9987;14;9984;23;;;10003;14;10005;23;;;9995.0;5971.0
-2;294200;INTARIAN_PEPPER_ROOT;10289;9;;;;;10300;9;10302;25;;;10294.5;22780.0
-2;294300;ASH_COATED_OSMIUM;9987;13;9985;20;;;10003;13;10006;20;;;9995.0;5971.0
-2;294300;INTARIAN_PEPPER_ROOT;10286;18;;;;;10300;8;10303;18;;;10293.0;22660.0
-2;294400;ASH_COATED_OSMIUM;9987;14;9985;24;;;10003;14;10006;24;;;9995.0;5971.0
-2;294400;INTARIAN_PEPPER_ROOT;10286;19;;;;;10300;9;10303;19;;;10293.0;22660.0
-2;294500;ASH_COATED_OSMIUM;9987;12;9985;26;;;10003;12;;;;;9995.0;5971.0
-2;294500;INTARIAN_PEPPER_ROOT;10289;11;10286;22;;;10300;11;10303;22;;;10294.5;22780.0
-2;294600;ASH_COATED_OSMIUM;9987;15;9985;21;;;10003;15;10006;21;;;9995.0;5971.0
-2;294600;INTARIAN_PEPPER_ROOT;10289;12;10286;16;;;10303;16;;;;;10296.0;22900.0
-2;294700;ASH_COATED_OSMIUM;9997;6;9987;13;9985;20;10006;20;;;;;10001.5;5573.5
-2;294700;INTARIAN_PEPPER_ROOT;;;;;;;10300;11;10303;23;;;10300.0;23220.0
-2;294800;ASH_COATED_OSMIUM;9987;14;9985;23;;;10003;14;;;;;9995.0;5983.0
-2;294800;INTARIAN_PEPPER_ROOT;10287;17;;;;;10303;17;;;;;10295.0;22820.0
-2;294900;ASH_COATED_OSMIUM;9987;13;9985;21;;;10006;21;;;;;9996.5;5888.5
-2;294900;INTARIAN_PEPPER_ROOT;10289;10;;;;;10301;10;10303;25;;;10295.0;22820.0
-2;295000;ASH_COATED_OSMIUM;9984;27;;;;;10003;14;10005;27;;;9993.5;6077.5
-2;295000;INTARIAN_PEPPER_ROOT;10289;10;;;;;10301;10;10303;21;;;10295.0;22820.0
-2;295100;ASH_COATED_OSMIUM;9987;13;9984;27;;;10003;13;10005;27;;;9995.0;5983.0
-2;295100;INTARIAN_PEPPER_ROOT;10289;10;10287;19;;;10292;7;10301;10;10303;19;10290.5;22460.0
-2;295200;ASH_COATED_OSMIUM;9992;2;9986;13;9984;26;10002;13;;;;;9997.0;5857.0
-2;295200;INTARIAN_PEPPER_ROOT;10290;12;;;;;10303;17;;;;;10296.5;22940.0
-2;295300;ASH_COATED_OSMIUM;9986;11;9983;20;;;10004;20;;;;;9995.0;5983.0
-2;295300;INTARIAN_PEPPER_ROOT;10290;8;10287;18;;;10301;8;;;;;10295.5;22860.0
-2;295400;ASH_COATED_OSMIUM;9991;2;9985;12;;;10001;12;10004;29;;;9996.0;5944.0
-2;295400;INTARIAN_PEPPER_ROOT;10290;12;10287;22;;;10301;12;;;;;10295.5;22860.0
-2;295500;ASH_COATED_OSMIUM;9991;3;9985;15;9983;21;10001;15;10004;21;;;9996.0;5944.0
-2;295500;INTARIAN_PEPPER_ROOT;10287;20;;;;;10301;8;;;;;10294.0;22740.0
-2;295600;ASH_COATED_OSMIUM;9986;10;9983;21;;;10002;10;10004;21;;;9994.0;6082.0
-2;295600;INTARIAN_PEPPER_ROOT;10298;7;10290;10;10287;19;10304;19;;;;;10301.0;23300.0
-2;295700;ASH_COATED_OSMIUM;9986;10;9984;23;;;10002;10;;;;;9994.0;6082.0
-2;295700;INTARIAN_PEPPER_ROOT;;;;;;;10301;9;10304;16;;;10301.0;23300.0
-2;295800;ASH_COATED_OSMIUM;9986;11;9984;26;;;10002;11;;;;;9994.0;6082.0
-2;295800;INTARIAN_PEPPER_ROOT;10290;12;10288;18;;;10301;12;;;;;10295.5;22860.0
-2;295900;ASH_COATED_OSMIUM;9984;29;;;;;10002;11;10005;29;;;9993.0;6151.0
-2;295900;INTARIAN_PEPPER_ROOT;10288;21;;;;;10304;21;;;;;10296.0;22900.0
-2;296000;ASH_COATED_OSMIUM;;;;;;;10002;14;10005;23;;;10002.0;5530.0
-2;296000;INTARIAN_PEPPER_ROOT;10290;8;10288;23;;;10302;8;10304;23;;;10296.0;22900.0
-2;296100;ASH_COATED_OSMIUM;9986;13;9984;23;;;10002;13;10005;23;;;9994.0;6082.0
-2;296100;INTARIAN_PEPPER_ROOT;10290;11;10288;18;;;10302;11;10304;18;;;10296.0;22900.0
-2;296200;ASH_COATED_OSMIUM;9992;4;9987;13;9984;22;10003;13;10005;22;;;9997.5;5840.5
-2;296200;INTARIAN_PEPPER_ROOT;10288;22;;;;;10304;22;;;;;10296.0;22900.0
-2;296300;ASH_COATED_OSMIUM;9986;10;9984;21;;;10002;10;;;;;9994.0;6082.0
-2;296300;INTARIAN_PEPPER_ROOT;10291;12;10288;23;;;10302;12;10305;23;;;10296.5;22940.0
-2;296400;ASH_COATED_OSMIUM;9987;13;9984;24;;;;;;;;;9987.0;6565.0
-2;296400;INTARIAN_PEPPER_ROOT;10291;9;10288;18;;;10302;9;;;;;10296.5;22940.0
-2;296500;ASH_COATED_OSMIUM;9992;5;9987;11;;;10005;28;;;;;9998.5;5771.5
-2;296500;INTARIAN_PEPPER_ROOT;10291;9;10288;17;;;10302;9;;;;;10296.5;22940.0
-2;296600;ASH_COATED_OSMIUM;9987;14;9984;28;;;10005;28;;;;;9996.0;5944.0
-2;296600;INTARIAN_PEPPER_ROOT;10291;9;10288;22;;;10302;9;10305;22;;;10296.5;22940.0
-2;296700;ASH_COATED_OSMIUM;9987;12;9984;29;;;10003;12;10005;29;;;9995.0;6013.0
-2;296700;INTARIAN_PEPPER_ROOT;10291;12;;;;;10302;12;10305;22;;;10296.5;22940.0
-2;296800;ASH_COATED_OSMIUM;9987;15;9984;29;;;;;;;;;9987.0;6565.0
-2;296800;INTARIAN_PEPPER_ROOT;10291;8;10289;20;;;10302;8;;;;;10296.5;22940.0
-2;296900;ASH_COATED_OSMIUM;9987;10;9985;24;;;10003;10;10006;24;;;9995.0;6013.0
-2;296900;INTARIAN_PEPPER_ROOT;10291;10;10289;20;;;10303;10;10305;20;;;10297.0;22980.0
-2;297000;ASH_COATED_OSMIUM;9992;4;9987;10;9984;27;10003;10;;;;;9997.5;5840.5
-2;297000;INTARIAN_PEPPER_ROOT;10291;11;10289;25;;;10303;11;10305;25;;;10297.0;22980.0
-2;297100;ASH_COATED_OSMIUM;9987;14;9984;29;;;10003;14;10005;29;;;9995.0;6013.0
-2;297100;INTARIAN_PEPPER_ROOT;10291;11;10289;18;;;10303;11;10305;18;;;10297.0;22980.0
-2;297200;ASH_COATED_OSMIUM;9987;12;;;;;10005;25;;;;;9996.0;5944.0
-2;297200;INTARIAN_PEPPER_ROOT;10292;8;10289;18;;;10303;8;10305;18;;;10297.5;23020.0
-2;297300;ASH_COATED_OSMIUM;9987;11;9984;23;;;10003;11;10005;23;;;9995.0;6013.0
-2;297300;INTARIAN_PEPPER_ROOT;10289;19;;;;;10303;8;10306;19;;;10296.0;22900.0
-2;297400;ASH_COATED_OSMIUM;9984;30;;;;;10002;10;10005;30;;;9993.0;6151.0
-2;297400;INTARIAN_PEPPER_ROOT;10292;10;10289;16;;;10303;10;;;;;10297.5;23020.0
-2;297500;ASH_COATED_OSMIUM;9987;14;9984;28;;;10003;14;10005;28;;;9995.0;6013.0
-2;297500;INTARIAN_PEPPER_ROOT;10300;4;10292;10;;;;;;;;;10300.0;23220.0
-2;297600;ASH_COATED_OSMIUM;9987;11;9985;22;;;10003;11;10006;22;;;9995.0;6055.0
-2;297600;INTARIAN_PEPPER_ROOT;10292;11;10289;25;;;10303;11;10306;25;;;10297.5;23020.0
-2;297700;ASH_COATED_OSMIUM;9987;15;9984;23;;;10003;15;10005;23;;;9995.0;6055.0
-2;297700;INTARIAN_PEPPER_ROOT;10292;8;10289;21;;;10306;21;;;;;10299.0;23140.0
-2;297800;ASH_COATED_OSMIUM;9987;14;9985;25;;;10003;14;10006;25;;;9995.0;6055.0
-2;297800;INTARIAN_PEPPER_ROOT;10292;12;10290;22;;;10306;22;;;;;10299.0;23140.0
-2;297900;ASH_COATED_OSMIUM;9987;12;9984;25;;;10005;25;;;;;9996.0;5980.0
-2;297900;INTARIAN_PEPPER_ROOT;10292;8;10290;15;;;10304;8;10306;15;;;10298.0;23060.0
-2;298000;ASH_COATED_OSMIUM;9984;27;;;;;10003;12;10005;27;;;9993.5;6167.5
-2;298000;INTARIAN_PEPPER_ROOT;;;;;;;10304;11;10306;23;;;10304.0;23540.0
-2;298100;ASH_COATED_OSMIUM;9986;13;9984;27;;;9996;5;10002;13;10005;27;9991.0;6355.0
-2;298100;INTARIAN_PEPPER_ROOT;10292;11;10290;21;;;10295;5;10304;11;10306;21;10293.5;22700.0
-2;298200;ASH_COATED_OSMIUM;9987;10;9985;22;;;10003;10;10006;22;;;9995.0;6055.0
-2;298200;INTARIAN_PEPPER_ROOT;10301;6;10293;8;10290;16;10304;8;;;;;10302.5;23420.0
-2;298300;ASH_COATED_OSMIUM;9987;11;;;;;9993;7;10003;11;10006;21;9990.0;6409.0
-2;298300;INTARIAN_PEPPER_ROOT;10293;10;10290;18;;;10295;4;10304;10;10307;18;10294.0;22740.0
-2;298400;ASH_COATED_OSMIUM;9987;10;9985;27;;;10003;10;10006;27;;;9995.0;6069.0
-2;298400;INTARIAN_PEPPER_ROOT;10293;8;;;;;10307;23;;;;;10300.0;23220.0
-2;298500;ASH_COATED_OSMIUM;9987;15;9984;26;;;10003;15;10005;26;;;9995.0;6069.0
-2;298500;INTARIAN_PEPPER_ROOT;10293;9;10290;16;;;10304;9;10307;16;;;10298.5;23100.0
-2;298600;ASH_COATED_OSMIUM;9987;12;9985;28;;;10006;28;;;;;9996.5;5984.0
-2;298600;INTARIAN_PEPPER_ROOT;10290;18;;;;;10304;12;10307;18;;;10297.0;22980.0
-2;298700;ASH_COATED_OSMIUM;9987;12;9984;21;;;10003;12;10005;21;;;9995.0;6089.0
-2;298700;INTARIAN_PEPPER_ROOT;10290;18;;;;;10304;10;10307;18;;;10297.0;22980.0
-2;298800;ASH_COATED_OSMIUM;9987;12;9984;28;;;10003;12;10005;28;;;9995.0;6089.0
-2;298800;INTARIAN_PEPPER_ROOT;10293;8;10291;23;;;10304;8;10307;23;;;10298.5;23100.0
-2;298900;ASH_COATED_OSMIUM;9987;10;9985;23;;;10003;10;10006;23;;;9995.0;6089.0
-2;298900;INTARIAN_PEPPER_ROOT;10291;21;;;;;10305;11;10307;21;;;10298.0;23060.0
-2;299000;ASH_COATED_OSMIUM;9987;13;9984;22;;;10003;13;;;;;9995.0;6089.0
-2;299000;INTARIAN_PEPPER_ROOT;10302;7;10293;11;10291;15;10305;11;10307;15;;;10303.5;23500.0
-2;299100;ASH_COATED_OSMIUM;9986;11;;;;;10005;25;;;;;9995.5;6054.0
-2;299100;INTARIAN_PEPPER_ROOT;10291;17;;;;;10305;10;10307;17;;;10298.0;23060.0
-2;299200;ASH_COATED_OSMIUM;9986;15;9984;26;;;10002;15;10004;26;;;9994.0;6159.0
-2;299200;INTARIAN_PEPPER_ROOT;10294;8;10291;17;;;10305;8;10307;17;;;10299.5;23180.0
-2;299300;ASH_COATED_OSMIUM;9986;12;9983;30;;;10002;12;10004;30;;;9994.0;6159.0
-2;299300;INTARIAN_PEPPER_ROOT;10291;16;;;;;10305;10;;;;;10298.0;23060.0
-2;299400;ASH_COATED_OSMIUM;9983;24;;;;;10002;12;10004;24;;;9992.5;6264.0
-2;299400;INTARIAN_PEPPER_ROOT;10294;11;;;;;10308;20;;;;;10301.0;23300.0
-2;299500;ASH_COATED_OSMIUM;9986;14;9983;28;;;10002;14;;;;;9994.0;6159.0
-2;299500;INTARIAN_PEPPER_ROOT;10294;12;10291;23;;;10308;23;;;;;10301.0;23300.0
-2;299600;ASH_COATED_OSMIUM;9985;15;9983;30;;;10001;15;10004;30;;;9993.0;6229.0
-2;299600;INTARIAN_PEPPER_ROOT;10291;25;;;;;10305;12;10308;25;;;10298.0;23060.0
-2;299700;ASH_COATED_OSMIUM;9985;10;9982;24;;;10003;24;;;;;9994.0;6159.0
-2;299700;INTARIAN_PEPPER_ROOT;10294;9;10291;19;;;10305;9;10308;19;;;10299.5;23180.0
-2;299800;ASH_COATED_OSMIUM;9984;13;;;;;10000;13;10003;25;;;9992.0;6299.0
-2;299800;INTARIAN_PEPPER_ROOT;10294;12;;;;;;;;;;;10294.0;22740.0
-2;299900;ASH_COATED_OSMIUM;9984;14;9982;30;;;10000;14;10003;30;;;9992.0;6299.0
-2;299900;INTARIAN_PEPPER_ROOT;10294;11;10292;24;;;10308;24;;;;;10301.0;23300.0
-2;300000;ASH_COATED_OSMIUM;9984;12;9982;28;;;10000;12;10003;28;;;9992.0;6341.0
-2;300000;INTARIAN_PEPPER_ROOT;10294;10;10292;18;;;10306;10;10308;18;;;10300.0;23220.0
-2;300100;ASH_COATED_OSMIUM;9984;12;;;;;10000;12;10003;20;;;9992.0;6341.0
-2;300100;INTARIAN_PEPPER_ROOT;10294;10;;;;;10306;10;10308;17;;;10300.0;23220.0
-2;300200;ASH_COATED_OSMIUM;9984;14;9982;28;;;10000;14;10003;28;;;9992.0;6341.0
-2;300200;INTARIAN_PEPPER_ROOT;10295;8;;;;;10306;8;10308;23;;;10300.5;23260.0
-2;300300;ASH_COATED_OSMIUM;9984;10;9982;22;;;10000;10;10003;22;;;9992.0;6341.0
-2;300300;INTARIAN_PEPPER_ROOT;10295;11;10292;20;;;10306;11;;;;;10300.5;23260.0
-2;300400;ASH_COATED_OSMIUM;9984;13;9981;25;;;10000;13;10002;25;;;9992.0;6341.0
-2;300400;INTARIAN_PEPPER_ROOT;10295;10;10292;22;;;10306;10;10309;22;;;10300.5;23260.0
-2;300500;ASH_COATED_OSMIUM;9983;14;;;;;9999;14;;;;;9991.0;6417.0
-2;300500;INTARIAN_PEPPER_ROOT;10292;25;;;;;10306;10;10309;25;;;10299.0;23140.0
-2;300600;ASH_COATED_OSMIUM;9983;10;9980;21;;;9999;10;10001;21;;;9991.0;6417.0
-2;300600;INTARIAN_PEPPER_ROOT;10292;17;;;;;10306;8;10309;17;;;10299.0;23140.0
-2;300700;ASH_COATED_OSMIUM;9980;26;;;;;9998;11;10001;26;;;9989.0;6569.0
-2;300700;INTARIAN_PEPPER_ROOT;10295;12;10292;17;;;10306;12;10309;17;;;10300.5;23260.0
-2;300800;ASH_COATED_OSMIUM;9982;12;9980;25;;;9998;12;10001;25;;;9990.0;6493.0
-2;300800;INTARIAN_PEPPER_ROOT;10295;11;10293;16;;;10306;11;10309;16;;;10300.5;23260.0
-2;300900;ASH_COATED_OSMIUM;9982;10;9980;30;;;10001;30;;;;;9991.5;6464.0
-2;300900;INTARIAN_PEPPER_ROOT;10295;11;10293;18;;;10307;11;10309;18;;;10301.0;23300.0
-2;301000;ASH_COATED_OSMIUM;9982;14;9980;26;;;9998;14;10001;26;;;9990.0;6563.0
-2;301000;INTARIAN_PEPPER_ROOT;;;;;;;10307;8;10309;15;;;10307.0;23780.0
-2;301100;ASH_COATED_OSMIUM;9983;11;9980;30;;;9999;11;10001;30;;;9991.0;6497.0
-2;301100;INTARIAN_PEPPER_ROOT;10295;10;10293;22;;;10307;10;10309;22;;;10301.0;23300.0
-2;301200;ASH_COATED_OSMIUM;;;;;;;9998;12;;;;;9998.0;6035.0
-2;301200;INTARIAN_PEPPER_ROOT;10296;9;10293;24;;;10309;24;;;;;10302.5;23420.0
-2;301300;ASH_COATED_OSMIUM;9980;20;;;;;9998;12;10001;20;;;9989.0;6629.0
-2;301300;INTARIAN_PEPPER_ROOT;10293;23;;;;;10307;11;;;;;10300.0;23220.0
-2;301400;ASH_COATED_OSMIUM;9982;14;9979;27;;;9998;14;10000;27;;;9990.0;6563.0
-2;301400;INTARIAN_PEPPER_ROOT;10296;11;;;;;10307;11;10310;21;;;10301.5;23340.0
-2;301500;ASH_COATED_OSMIUM;9979;29;;;;;9998;14;10000;29;;;9988.5;6662.0
-2;301500;INTARIAN_PEPPER_ROOT;10296;12;10293;17;;;10307;12;10310;17;;;10301.5;23340.0
-2;301600;ASH_COATED_OSMIUM;9982;10;;;;;9998;10;10000;25;;;9990.0;6563.0
-2;301600;INTARIAN_PEPPER_ROOT;10296;11;10293;24;;;10307;11;10310;24;;;10301.5;23340.0
-2;301700;ASH_COATED_OSMIUM;9982;15;9980;30;;;9998;15;10001;30;;;9990.0;6563.0
-2;301700;INTARIAN_PEPPER_ROOT;10293;20;;;;;10310;20;;;;;10301.5;23340.0
-2;301800;ASH_COATED_OSMIUM;9982;15;9980;21;;;9998;15;10001;21;;;9990.0;6563.0
-2;301800;INTARIAN_PEPPER_ROOT;10296;9;10294;24;;;10307;9;;;;;10301.5;23340.0
-2;301900;ASH_COATED_OSMIUM;9982;13;9979;28;;;9998;13;10000;28;;;9990.0;6563.0
-2;301900;INTARIAN_PEPPER_ROOT;10296;9;;;;;10310;15;;;;;10303.0;23460.0
-2;302000;ASH_COATED_OSMIUM;9981;15;;;;;;;;;;;9981.0;7151.0
-2;302000;INTARIAN_PEPPER_ROOT;;;;;;;;;;;;;0.0;-800780.0
-2;302100;ASH_COATED_OSMIUM;9981;14;9979;21;;;9997;14;10000;21;;;9989.0;6671.0
-2;302100;INTARIAN_PEPPER_ROOT;10296;11;;;;;10308;11;;;;;10302.0;23380.0
-2;302200;ASH_COATED_OSMIUM;9982;14;9979;22;;;9998;14;10000;22;;;9990.0;6611.0
-2;302200;INTARIAN_PEPPER_ROOT;10297;11;;;;;10308;11;10310;22;;;10302.5;23420.0
-2;302300;ASH_COATED_OSMIUM;;;;;;;10000;25;;;;;10000.0;6011.0
-2;302300;INTARIAN_PEPPER_ROOT;10297;9;10294;23;;;10308;9;10311;23;;;10302.5;23420.0
-2;302400;ASH_COATED_OSMIUM;9982;14;;;;;10000;30;;;;;9991.0;6551.0
-2;302400;INTARIAN_PEPPER_ROOT;10297;9;10294;18;;;10308;9;10311;18;;;10302.5;23420.0
-2;302500;ASH_COATED_OSMIUM;9981;14;;;;;9997;14;10000;23;;;9989.0;6671.0
-2;302500;INTARIAN_PEPPER_ROOT;10297;10;;;;;10308;10;10311;17;;;10302.5;23420.0
-2;302600;ASH_COATED_OSMIUM;9981;11;9979;24;;;9997;11;;;;;9989.0;6671.0
-2;302600;INTARIAN_PEPPER_ROOT;10297;12;10294;16;;;10299;6;;;;;10298.0;23060.0
-2;302700;ASH_COATED_OSMIUM;9981;11;9978;21;;;9997;11;;;;;9989.0;6671.0
-2;302700;INTARIAN_PEPPER_ROOT;10297;8;10294;25;;;10308;8;10311;25;;;10302.5;23420.0
-2;302800;ASH_COATED_OSMIUM;9979;21;;;;;9997;10;10000;21;;;9988.0;6731.0
-2;302800;INTARIAN_PEPPER_ROOT;10297;11;10295;25;;;;;;;;;10297.0;22980.0
-2;302900;ASH_COATED_OSMIUM;9982;14;9979;29;;;10000;29;;;;;9991.0;6551.0
-2;302900;INTARIAN_PEPPER_ROOT;10297;8;10295;18;;;10311;18;;;;;10304.0;23540.0
-2;303000;ASH_COATED_OSMIUM;9982;10;9979;24;;;9998;10;10000;24;;;9990.0;6611.0
-2;303000;INTARIAN_PEPPER_ROOT;10297;12;10295;24;;;10309;12;10311;24;;;10303.0;23460.0
-2;303100;ASH_COATED_OSMIUM;9982;10;9980;26;;;9998;10;10001;26;;;9990.0;6611.0
-2;303100;INTARIAN_PEPPER_ROOT;10297;10;10295;22;;;10309;10;10311;22;;;10303.0;23460.0
-2;303200;ASH_COATED_OSMIUM;9980;27;;;;;9999;15;10001;27;;;9989.5;6641.0
-2;303200;INTARIAN_PEPPER_ROOT;10298;8;10295;21;;;10309;8;10311;21;;;10303.5;23500.0
-2;303300;ASH_COATED_OSMIUM;9983;11;9981;29;;;9999;11;;;;;9991.0;6551.0
-2;303300;INTARIAN_PEPPER_ROOT;10298;9;10295;24;;;10309;9;10312;24;;;10303.5;23500.0
-2;303400;ASH_COATED_OSMIUM;9983;12;;;;;9999;12;10002;20;;;9991.0;6551.0
-2;303400;INTARIAN_PEPPER_ROOT;10295;23;;;;;10309;8;10312;23;;;10302.0;23380.0
-2;303500;ASH_COATED_OSMIUM;9983;11;9981;21;;;10002;21;;;;;9992.5;6461.0
-2;303500;INTARIAN_PEPPER_ROOT;10298;12;10295;19;;;10309;12;10312;19;;;10303.5;23500.0
-2;303600;ASH_COATED_OSMIUM;9984;12;9981;26;;;10000;12;10002;26;;;9992.0;6491.0
-2;303600;INTARIAN_PEPPER_ROOT;10298;9;10295;22;;;10312;22;;;;;10305.0;23620.0
-2;303700;ASH_COATED_OSMIUM;9984;10;9981;26;;;10000;10;;;;;9992.0;6526.0
-2;303700;INTARIAN_PEPPER_ROOT;10298;10;10295;15;;;10309;10;10312;15;;;10303.5;23500.0
-2;303800;ASH_COATED_OSMIUM;9983;15;9981;24;;;10002;24;;;;;9992.5;6493.5
-2;303800;INTARIAN_PEPPER_ROOT;10298;12;10296;24;;;10309;12;10312;24;;;10303.5;23500.0
-2;303900;ASH_COATED_OSMIUM;9993;5;9984;10;;;10002;24;;;;;9997.5;6146.0
-2;303900;INTARIAN_PEPPER_ROOT;10298;9;10296;25;;;10310;9;;;;;10304.0;23540.0
-2;304000;ASH_COATED_OSMIUM;9984;12;;;;;10000;12;10002;23;;;9992.0;6566.0
-2;304000;INTARIAN_PEPPER_ROOT;10298;8;10296;24;;;;;;;;;10298.0;23060.0
-2;304100;ASH_COATED_OSMIUM;9984;12;9981;20;;;10000;12;10002;20;;;9992.0;6566.0
-2;304100;INTARIAN_PEPPER_ROOT;10298;12;10296;18;;;10310;12;10312;18;;;10304.0;23540.0
-2;304200;ASH_COATED_OSMIUM;9981;30;;;;;10000;15;10002;30;;;9990.5;6678.5
-2;304200;INTARIAN_PEPPER_ROOT;10296;17;;;;;10310;11;10312;17;;;10303.0;23460.0
-2;304300;ASH_COATED_OSMIUM;9983;14;9981;28;;;9999;14;10002;28;;;9991.0;6641.0
-2;304300;INTARIAN_PEPPER_ROOT;10296;20;;;;;10310;10;10313;20;;;10303.0;23460.0
-2;304400;ASH_COATED_OSMIUM;9983;13;;;;;9999;13;10002;23;;;9991.0;6641.0
-2;304400;INTARIAN_PEPPER_ROOT;10296;16;;;;;10310;12;10313;16;;;10303.0;23460.0
-2;304500;ASH_COATED_OSMIUM;9984;12;9981;27;;;10000;12;;;;;9992.0;6566.0
-2;304500;INTARIAN_PEPPER_ROOT;10302;6;10299;11;10296;18;10313;18;;;;;10307.5;23820.0
-2;304600;ASH_COATED_OSMIUM;9983;11;9981;25;;;9999;11;;;;;9991.0;6641.0
-2;304600;INTARIAN_PEPPER_ROOT;10296;15;;;;;10313;15;;;;;10304.5;23580.0
-2;304700;ASH_COATED_OSMIUM;9984;12;9981;23;;;10000;12;;;;;9992.0;6566.0
-2;304700;INTARIAN_PEPPER_ROOT;10299;10;;;;;10310;10;10313;23;;;10304.5;23580.0
-2;304800;ASH_COATED_OSMIUM;;;;;;;10002;20;;;;;10002.0;5816.0
-2;304800;INTARIAN_PEPPER_ROOT;10299;10;10297;15;;;10310;10;10313;15;;;10304.5;23580.0
-2;304900;ASH_COATED_OSMIUM;9984;12;9981;25;;;10000;12;10002;25;;;9992.0;6566.0
-2;304900;INTARIAN_PEPPER_ROOT;10299;9;;;;;10311;9;10313;24;;;10305.0;23620.0
-2;305000;ASH_COATED_OSMIUM;9984;13;9981;23;;;10000;13;10002;23;;;9992.0;6566.0
-2;305000;INTARIAN_PEPPER_ROOT;10299;10;10297;23;;;10311;10;10313;23;;;10305.0;23620.0
-2;305100;ASH_COATED_OSMIUM;9984;14;;;;;10003;25;;;;;9993.5;6453.5
-2;305100;INTARIAN_PEPPER_ROOT;10299;10;10297;25;;;10311;10;;;;;10305.0;23620.0
-2;305200;ASH_COATED_OSMIUM;9984;14;9982;27;;;10000;14;10003;27;;;9992.0;6566.0
-2;305200;INTARIAN_PEPPER_ROOT;10300;11;10297;21;;;10311;11;10313;21;;;10305.5;23660.0
-2;305300;ASH_COATED_OSMIUM;9984;10;9982;20;;;10003;20;;;;;9993.5;6453.5
-2;305300;INTARIAN_PEPPER_ROOT;10300;10;;;;;10314;21;;;;;10307.0;23780.0
-2;305400;ASH_COATED_OSMIUM;9984;12;9981;25;;;10000;12;10002;25;;;9992.0;6566.0
-2;305400;INTARIAN_PEPPER_ROOT;10300;9;10297;15;;;10311;9;10314;15;;;10305.5;23660.0
-2;305500;ASH_COATED_OSMIUM;9984;12;;;;;10000;12;10003;30;;;9992.0;6566.0
-2;305500;INTARIAN_PEPPER_ROOT;10297;19;;;;;10314;19;;;;;10305.5;23660.0
-2;305600;ASH_COATED_OSMIUM;9985;14;9982;27;;;10003;27;;;;;9994.0;6416.0
-2;305600;INTARIAN_PEPPER_ROOT;10300;12;;;;;10311;12;10314;15;;;10305.5;23660.0
-2;305700;ASH_COATED_OSMIUM;9985;11;;;;;10001;11;10004;21;;;9993.0;6491.0
-2;305700;INTARIAN_PEPPER_ROOT;10300;9;10297;23;;;10311;9;;;;;10305.5;23660.0
-2;305800;ASH_COATED_OSMIUM;9983;20;;;;;10001;13;10004;20;;;9992.0;6566.0
-2;305800;INTARIAN_PEPPER_ROOT;;;;;;;10311;8;;;;;10311.0;24100.0
-2;305900;ASH_COATED_OSMIUM;9985;13;;;;;10001;13;10004;29;;;9993.0;6491.0
-2;305900;INTARIAN_PEPPER_ROOT;10298;20;;;;;10312;12;10314;20;;;10305.0;23620.0
-2;306000;ASH_COATED_OSMIUM;9985;12;9982;30;;;10001;12;10003;30;;;9993.0;6491.0
-2;306000;INTARIAN_PEPPER_ROOT;10300;10;10298;18;;;10312;10;10314;18;;;10306.0;23700.0
-2;306100;ASH_COATED_OSMIUM;9985;11;9982;23;;;10001;11;10003;23;;;9993.0;6554.0
-2;306100;INTARIAN_PEPPER_ROOT;10300;9;10298;25;;;10312;9;;;;;10306.0;23700.0
-2;306200;ASH_COATED_OSMIUM;;;;;;;10001;11;10003;21;;;10001.0;6026.0
-2;306200;INTARIAN_PEPPER_ROOT;10301;9;10298;22;;;10312;9;10314;22;;;10306.5;23740.0
-2;306300;ASH_COATED_OSMIUM;9982;22;;;;;10001;10;10003;22;;;9991.5;6653.0
-2;306300;INTARIAN_PEPPER_ROOT;10301;9;10298;23;;;10312;9;10315;23;;;10306.5;23740.0
-2;306400;ASH_COATED_OSMIUM;9985;10;9982;30;;;10001;10;10003;30;;;9993.0;6603.0
-2;306400;INTARIAN_PEPPER_ROOT;10301;10;;;;;10312;10;10315;23;;;10306.5;23740.0
-2;306500;ASH_COATED_OSMIUM;9985;10;9982;21;;;10001;10;10003;21;;;9993.0;6603.0
-2;306500;INTARIAN_PEPPER_ROOT;10301;10;10298;20;;;10312;10;10315;20;;;10306.5;23740.0
-2;306600;ASH_COATED_OSMIUM;9982;22;;;;;10001;12;10003;22;;;9991.5;6712.5
-2;306600;INTARIAN_PEPPER_ROOT;10301;11;10298;25;;;10312;11;10315;25;;;10306.5;23740.0
-2;306700;ASH_COATED_OSMIUM;9984;13;9981;23;;;10000;13;10002;23;;;9992.0;6676.0
-2;306700;INTARIAN_PEPPER_ROOT;10298;20;;;;;10312;10;10315;20;;;10305.0;23620.0
-2;306800;ASH_COATED_OSMIUM;9981;21;;;;;10000;14;10002;21;;;9990.5;6785.5
-2;306800;INTARIAN_PEPPER_ROOT;10301;11;10299;18;;;10315;18;;;;;10308.0;23860.0
-2;306900;ASH_COATED_OSMIUM;9984;15;;;;;10000;15;10002;27;;;9992.0;6676.0
-2;306900;INTARIAN_PEPPER_ROOT;10301;11;10299;22;;;10313;11;10315;22;;;10307.0;23780.0
-2;307000;ASH_COATED_OSMIUM;9984;14;9981;26;;;10002;26;;;;;9993.0;6603.0
-2;307000;INTARIAN_PEPPER_ROOT;10301;9;10299;21;;;10313;9;10315;21;;;10307.0;23780.0
-2;307100;ASH_COATED_OSMIUM;9984;15;;;;;10000;15;10002;22;;;9992.0;6676.0
-2;307100;INTARIAN_PEPPER_ROOT;10301;10;10299;19;;;10315;19;;;;;10308.0;23860.0
-2;307200;ASH_COATED_OSMIUM;9984;14;9981;21;;;10000;14;10002;21;;;9992.0;6676.0
-2;307200;INTARIAN_PEPPER_ROOT;10302;8;10299;25;;;10313;8;10315;25;;;10307.5;23820.0
-2;307300;ASH_COATED_OSMIUM;;;;;;;9989;7;10002;27;;;9989.0;6895.0
-2;307300;INTARIAN_PEPPER_ROOT;10302;8;10299;22;;;10316;22;;;;;10309.0;23940.0
-2;307400;ASH_COATED_OSMIUM;9984;13;9981;28;;;10000;13;10002;28;;;9992.0;6697.0
-2;307400;INTARIAN_PEPPER_ROOT;10302;11;10299;17;;;10313;11;;;;;10307.5;23820.0
-2;307500;ASH_COATED_OSMIUM;9984;11;9981;22;;;10002;22;;;;;9993.0;6631.0
-2;307500;INTARIAN_PEPPER_ROOT;10299;15;;;;;10313;10;10316;15;;;10306.0;23700.0
-2;307600;ASH_COATED_OSMIUM;9984;15;9981;21;;;10000;15;10002;21;;;9992.0;6697.0
-2;307600;INTARIAN_PEPPER_ROOT;10302;8;;;;;10316;23;;;;;10309.0;23940.0
-2;307700;ASH_COATED_OSMIUM;9984;15;;;;;10002;24;;;;;9993.0;6631.0
-2;307700;INTARIAN_PEPPER_ROOT;10302;10;10299;20;;;10313;10;;;;;10307.5;23820.0
-2;307800;ASH_COATED_OSMIUM;9984;13;9981;21;;;10000;13;10002;21;;;9992.0;6697.0
-2;307800;INTARIAN_PEPPER_ROOT;10302;11;10300;16;;;10313;11;10316;16;;;10307.5;23820.0
-2;307900;ASH_COATED_OSMIUM;9982;26;;;;;10000;12;;;;;9991.0;6763.0
-2;307900;INTARIAN_PEPPER_ROOT;10302;12;10300;24;;;10314;12;10316;24;;;10308.0;23860.0
-2;308000;ASH_COATED_OSMIUM;9984;15;9981;28;;;10000;15;10002;28;;;9992.0;6697.0
-2;308000;INTARIAN_PEPPER_ROOT;10302;9;10300;22;;;10314;9;10316;22;;;10308.0;23860.0
-2;308100;ASH_COATED_OSMIUM;9983;11;9981;25;;;9999;11;10002;25;;;9991.0;6763.0
-2;308100;INTARIAN_PEPPER_ROOT;10302;8;10300;20;;;10314;8;10316;20;;;10308.0;23860.0
-2;308200;ASH_COATED_OSMIUM;9983;15;9981;26;;;9999;15;10002;26;;;9991.0;6763.0
-2;308200;INTARIAN_PEPPER_ROOT;10303;10;10300;23;;;10314;10;10316;23;;;10308.5;23900.0
-2;308300;ASH_COATED_OSMIUM;9983;12;9981;29;;;10002;29;;;;;9992.5;6664.0
-2;308300;INTARIAN_PEPPER_ROOT;10303;12;10300;24;;;10314;12;10317;24;;;10308.5;23900.0
-2;308400;ASH_COATED_OSMIUM;9983;10;9981;23;;;9999;10;10002;23;;;9991.0;6763.0
-2;308400;INTARIAN_PEPPER_ROOT;10303;8;10300;15;;;10314;8;10317;15;;;10308.5;23900.0
-2;308500;ASH_COATED_OSMIUM;9984;12;9981;25;;;10000;12;10002;25;;;9992.0;6697.0
-2;308500;INTARIAN_PEPPER_ROOT;10303;9;10300;24;;;10314;9;10317;24;;;10308.5;23900.0
-2;308600;ASH_COATED_OSMIUM;9984;15;9981;23;;;10002;23;;;;;9993.0;6631.0
-2;308600;INTARIAN_PEPPER_ROOT;10303;10;;;;;10317;18;;;;;10310.0;24020.0
-2;308700;ASH_COATED_OSMIUM;9983;13;9981;24;;;10002;24;;;;;9992.5;6664.0
-2;308700;INTARIAN_PEPPER_ROOT;10303;10;;;;;10314;10;10317;18;;;10308.5;23900.0
-2;308800;ASH_COATED_OSMIUM;9983;14;9980;28;;;10001;28;;;;;9992.0;6697.0
-2;308800;INTARIAN_PEPPER_ROOT;10303;9;;;;;10314;9;10317;24;;;10308.5;23900.0
-2;308900;ASH_COATED_OSMIUM;9983;11;9980;27;;;10001;27;;;;;9992.0;6697.0
-2;308900;INTARIAN_PEPPER_ROOT;10303;12;10301;25;;;10315;12;;;;;10309.0;23940.0
-2;309000;ASH_COATED_OSMIUM;9983;10;9981;24;;;9999;10;10002;24;;;9991.0;6763.0
-2;309000;INTARIAN_PEPPER_ROOT;10301;23;;;;;10315;8;10317;23;;;10308.0;23860.0
-2;309100;ASH_COATED_OSMIUM;9983;11;;;;;9999;11;10002;30;;;9991.0;6763.0
-2;309100;INTARIAN_PEPPER_ROOT;10303;11;10301;23;;;10315;11;10317;23;;;10309.0;23940.0
-2;309200;ASH_COATED_OSMIUM;9983;14;9981;24;;;9999;14;;;;;9991.0;6763.0
-2;309200;INTARIAN_PEPPER_ROOT;10301;25;;;;;10317;25;;;;;10309.0;23940.0
-2;309300;ASH_COATED_OSMIUM;9984;11;9981;21;;;10002;21;;;;;9993.0;6631.0
-2;309300;INTARIAN_PEPPER_ROOT;10301;24;;;;;10315;11;10318;24;;;10308.0;23860.0
-2;309400;ASH_COATED_OSMIUM;9984;10;9981;20;;;10000;10;10002;20;;;9992.0;6697.0
-2;309400;INTARIAN_PEPPER_ROOT;10304;9;10301;22;;;10315;9;10318;22;;;10309.5;23980.0
-2;309500;ASH_COATED_OSMIUM;;;;;;;10000;10;;;;;10000.0;6169.0
-2;309500;INTARIAN_PEPPER_ROOT;10304;11;10301;21;;;10315;11;10318;21;;;10309.5;23980.0
-2;309600;ASH_COATED_OSMIUM;9984;11;9981;26;;;10000;11;10002;26;;;9992.0;6697.0
-2;309600;INTARIAN_PEPPER_ROOT;10304;11;10301;19;;;10315;11;10318;19;;;10309.5;23980.0
-2;309700;ASH_COATED_OSMIUM;9984;11;9981;29;;;10000;11;10002;29;;;9992.0;6697.0
-2;309700;INTARIAN_PEPPER_ROOT;10304;9;10301;23;;;10315;9;10318;23;;;10309.5;23980.0
-2;309800;ASH_COATED_OSMIUM;9983;14;;;;;9999;14;;;;;9991.0;6763.0
-2;309800;INTARIAN_PEPPER_ROOT;10302;15;;;;;10318;15;;;;;10310.0;24020.0
-2;309900;ASH_COATED_OSMIUM;9983;13;9980;20;;;9999;13;;;;;9991.0;6763.0
-2;309900;INTARIAN_PEPPER_ROOT;10302;17;;;;;10316;11;10318;17;;;10309.0;23940.0
-2;310000;ASH_COATED_OSMIUM;9983;11;9980;23;;;9999;11;10001;23;;;9991.0;6763.0
-2;310000;INTARIAN_PEPPER_ROOT;10304;8;10302;16;;;10316;8;10318;16;;;10310.0;24020.0
-2;310100;ASH_COATED_OSMIUM;9982;14;9980;20;;;9998;14;;;;;9990.0;6829.0
-2;310100;INTARIAN_PEPPER_ROOT;10304;10;10302;24;;;10316;10;10318;24;;;10310.0;24020.0
-2;310200;ASH_COATED_OSMIUM;9982;13;9980;24;;;9998;13;10001;24;;;9990.0;6829.0
-2;310200;INTARIAN_PEPPER_ROOT;10302;16;;;;;10316;9;10318;16;;;10309.0;23940.0
-2;310300;ASH_COATED_OSMIUM;9983;15;9980;25;;;9999;15;10001;25;;;9991.0;6763.0
-2;310300;INTARIAN_PEPPER_ROOT;10305;11;10302;19;;;10316;11;;;;;10310.5;24060.0
-2;310400;ASH_COATED_OSMIUM;9983;10;;;;;9999;10;;;;;9991.0;6763.0
-2;310400;INTARIAN_PEPPER_ROOT;10305;12;10302;16;;;10316;12;10319;16;;;10310.5;24060.0
-2;310500;ASH_COATED_OSMIUM;9982;14;;;;;9998;14;10001;20;;;9990.0;6829.0
-2;310500;INTARIAN_PEPPER_ROOT;;;;;;;10319;19;;;;;10319.0;24740.0
-2;310600;ASH_COATED_OSMIUM;9988;3;9983;12;9980;24;9999;12;10001;24;;;9993.5;6598.0
-2;310600;INTARIAN_PEPPER_ROOT;10305;11;;;;;10316;11;10319;16;;;10310.5;24060.0
-2;310700;ASH_COATED_OSMIUM;9983;15;9980;30;;;9999;15;10001;30;;;9991.0;6763.0
-2;310700;INTARIAN_PEPPER_ROOT;10305;10;;;;;10312;6;10319;24;;;10308.5;23900.0
-2;310800;ASH_COATED_OSMIUM;9988;5;9980;29;;;9998;12;10001;29;;;9993.0;6631.0
-2;310800;INTARIAN_PEPPER_ROOT;10305;10;10303;23;;;10319;23;;;;;10312.0;24180.0
-2;310900;ASH_COATED_OSMIUM;9980;25;;;;;9992;4;9998;14;10001;25;9986.0;7093.0
-2;310900;INTARIAN_PEPPER_ROOT;10305;11;10303;17;;;10317;11;10319;17;;;10311.0;24100.0
-2;311000;ASH_COATED_OSMIUM;9982;13;;;;;9998;13;10000;29;;;9990.0;6829.0
-2;311000;INTARIAN_PEPPER_ROOT;10305;8;10303;15;;;10317;8;10319;15;;;10311.0;24100.0
-2;311100;ASH_COATED_OSMIUM;9979;23;;;;;9998;13;;;;;9988.5;6928.0
-2;311100;INTARIAN_PEPPER_ROOT;10305;8;10303;25;;;10317;8;10319;25;;;10311.0;24100.0
-2;311200;ASH_COATED_OSMIUM;9979;30;;;;;9998;14;10000;30;;;9988.5;6928.0
-2;311200;INTARIAN_PEPPER_ROOT;;;;;;;10317;12;10319;19;;;10317.0;24580.0
-2;311300;ASH_COATED_OSMIUM;9982;12;9979;26;;;9998;12;;;;;9990.0;6829.0
-2;311300;INTARIAN_PEPPER_ROOT;10306;10;10303;22;;;10317;10;10320;22;;;10311.5;24140.0
-2;311400;ASH_COATED_OSMIUM;9981;12;9979;24;;;9997;12;;;;;9989.0;6895.0
-2;311400;INTARIAN_PEPPER_ROOT;10306;12;10303;21;;;10317;12;10320;21;;;10311.5;24140.0
-2;311500;ASH_COATED_OSMIUM;9981;12;9979;28;;;9997;12;10000;28;;;9989.0;6895.0
-2;311500;INTARIAN_PEPPER_ROOT;10306;11;10303;15;;;10317;11;10320;15;;;10311.5;24140.0
-2;311600;ASH_COATED_OSMIUM;9981;14;9979;21;;;9997;14;;;;;9989.0;6895.0
-2;311600;INTARIAN_PEPPER_ROOT;10306;10;10303;17;;;10317;10;;;;;10311.5;24140.0
-2;311700;ASH_COATED_OSMIUM;9981;13;9978;21;;;;;;;;;9981.0;7423.0
-2;311700;INTARIAN_PEPPER_ROOT;10306;11;10303;21;;;10317;11;;;;;10311.5;24140.0
-2;311800;ASH_COATED_OSMIUM;9980;15;9978;24;;;9996;15;9999;24;;;9988.0;6961.0
-2;311800;INTARIAN_PEPPER_ROOT;10304;22;;;;;10317;10;10320;22;;;10310.5;24060.0
-2;311900;ASH_COATED_OSMIUM;9981;10;9978;26;;;9997;10;9999;26;;;9989.0;6895.0
-2;311900;INTARIAN_PEPPER_ROOT;;;;;;;10318;12;10320;25;;;10318.0;24660.0
-2;312000;ASH_COATED_OSMIUM;9981;12;9979;26;;;9997;12;10000;26;;;9989.0;6895.0
-2;312000;INTARIAN_PEPPER_ROOT;10306;10;;;;;10318;10;10320;19;;;10312.0;24180.0
-2;312100;ASH_COATED_OSMIUM;9981;12;;;;;9997;12;;;;;9989.0;6895.0
-2;312100;INTARIAN_PEPPER_ROOT;10306;10;;;;;10318;10;10320;16;;;10312.0;24180.0
-2;312200;ASH_COATED_OSMIUM;9981;14;9978;29;;;9997;14;;;;;9989.0;6895.0
-2;312200;INTARIAN_PEPPER_ROOT;10307;8;10304;19;;;10318;8;10320;19;;;10312.5;24220.0
-2;312300;ASH_COATED_OSMIUM;9981;14;9978;27;;;9997;14;;;;;9989.0;6895.0
-2;312300;INTARIAN_PEPPER_ROOT;10307;11;10304;17;;;10318;11;10321;17;;;10312.5;24220.0
-2;312400;ASH_COATED_OSMIUM;9981;10;9979;20;;;10000;20;;;;;9990.5;6796.0
-2;312400;INTARIAN_PEPPER_ROOT;10307;12;10304;16;;;10318;12;10321;16;;;10312.5;24220.0
-2;312500;ASH_COATED_OSMIUM;9981;14;;;;;10000;21;;;;;9990.5;6796.0
-2;312500;INTARIAN_PEPPER_ROOT;10307;10;10304;18;;;10318;10;10321;18;;;10312.5;24220.0
-2;312600;ASH_COATED_OSMIUM;9982;15;9979;24;;;10000;24;;;;;9991.0;6763.0
-2;312600;INTARIAN_PEPPER_ROOT;10304;15;;;;;10321;15;;;;;10312.5;24220.0
-2;312700;ASH_COATED_OSMIUM;;;;;;;9997;13;10000;30;;;9997.0;6367.0
-2;312700;INTARIAN_PEPPER_ROOT;10307;9;10304;15;;;10318;9;;;;;10312.5;24220.0
-2;312800;ASH_COATED_OSMIUM;9987;3;9982;10;9979;28;9998;10;10000;28;;;9992.5;6664.0
-2;312800;INTARIAN_PEPPER_ROOT;10305;19;;;;;10321;19;;;;;10313.0;24260.0
-2;312900;ASH_COATED_OSMIUM;9979;30;;;;;9998;15;10000;30;;;9988.5;6928.0
-2;312900;INTARIAN_PEPPER_ROOT;10307;8;10305;24;;;10319;8;;;;;10313.0;24260.0
-2;313000;ASH_COATED_OSMIUM;9982;15;;;;;9998;15;10000;24;;;9990.0;6829.0
-2;313000;INTARIAN_PEPPER_ROOT;10307;9;10305;24;;;10319;9;;;;;10313.0;24260.0
-2;313100;ASH_COATED_OSMIUM;9982;14;;;;;9998;14;10000;29;;;9990.0;6829.0
-2;313100;INTARIAN_PEPPER_ROOT;10307;8;10305;17;;;10319;8;10321;17;;;10313.0;24260.0
-2;313200;ASH_COATED_OSMIUM;9982;10;9980;27;;;9998;10;10001;27;;;9990.0;6829.0
-2;313200;INTARIAN_PEPPER_ROOT;10308;8;10305;16;;;10321;16;;;;;10314.5;24380.0
-2;313300;ASH_COATED_OSMIUM;9983;13;9980;28;;;9999;13;10001;28;;;9991.0;6763.0
-2;313300;INTARIAN_PEPPER_ROOT;10308;11;10305;24;;;10319;11;10322;24;;;10313.5;24300.0
-2;313400;ASH_COATED_OSMIUM;9983;14;9981;26;;;9999;14;10002;26;;;9991.0;6763.0
-2;313400;INTARIAN_PEPPER_ROOT;10308;8;10305;19;;;10319;8;10322;19;;;10313.5;24300.0
-2;313500;ASH_COATED_OSMIUM;9989;5;9983;11;;;9999;11;;;;;9994.0;6565.0
-2;313500;INTARIAN_PEPPER_ROOT;10308;9;;;;;10319;9;10322;17;;;10313.5;24300.0
-2;313600;ASH_COATED_OSMIUM;9983;13;9981;21;;;10002;21;;;;;9992.5;6664.0
-2;313600;INTARIAN_PEPPER_ROOT;;;;;;;10310;4;10319;9;10322;22;10310.0;24020.0
-2;313700;ASH_COATED_OSMIUM;9984;13;9981;26;;;10000;13;10002;26;;;9992.0;6725.0
-2;313700;INTARIAN_PEPPER_ROOT;10311;11;10308;12;10305;15;10322;15;;;;;10316.5;24540.0
-2;313800;ASH_COATED_OSMIUM;9982;22;;;;;10000;14;;;;;9991.0;6795.0
-2;313800;INTARIAN_PEPPER_ROOT;10308;11;10306;17;;;10322;17;;;;;10315.0;24420.0
-2;313900;ASH_COATED_OSMIUM;9984;10;9982;24;;;10003;24;;;;;9993.5;6620.0
-2;313900;INTARIAN_PEPPER_ROOT;10308;12;10306;20;;;10320;12;10322;20;;;10314.0;24340.0
-2;314000;ASH_COATED_OSMIUM;9984;11;9982;22;;;10000;11;10003;22;;;9992.0;6725.0
-2;314000;INTARIAN_PEPPER_ROOT;10317;6;;;;;10320;9;10322;22;;;10318.5;24700.0
-2;314100;ASH_COATED_OSMIUM;9984;13;9982;22;;;10000;13;10003;22;;;9992.0;6725.0
-2;314100;INTARIAN_PEPPER_ROOT;10308;11;10306;18;;;10320;11;;;;;10314.0;24340.0
-2;314200;ASH_COATED_OSMIUM;9984;11;9982;24;;;10000;11;;;;;9992.0;6753.0
-2;314200;INTARIAN_PEPPER_ROOT;10309;8;10306;25;;;10320;8;;;;;10314.5;24380.0
-2;314300;ASH_COATED_OSMIUM;9984;10;9982;24;;;10000;10;10003;24;;;9992.0;6753.0
-2;314300;INTARIAN_PEPPER_ROOT;10309;9;10306;24;;;;;;;;;10309.0;23940.0
-2;314400;ASH_COATED_OSMIUM;9984;15;9981;29;;;10000;15;10002;29;;;9992.0;6753.0
-2;314400;INTARIAN_PEPPER_ROOT;10309;12;10306;24;;;10320;12;10323;24;;;10314.5;24380.0
-2;314500;ASH_COATED_OSMIUM;9984;13;;;;;10000;13;;;;;9992.0;6753.0
-2;314500;INTARIAN_PEPPER_ROOT;10309;9;;;;;10320;9;10323;22;;;10314.5;24380.0
-2;314600;ASH_COATED_OSMIUM;9984;12;9981;23;;;9993;2;10000;12;10002;23;9988.5;7012.0
-2;314600;INTARIAN_PEPPER_ROOT;10309;8;10306;16;;;10323;16;;;;;10316.0;24500.0
-2;314700;ASH_COATED_OSMIUM;9984;14;9981;22;;;10000;14;10002;22;;;9992.0;6753.0
-2;314700;INTARIAN_PEPPER_ROOT;10309;12;10306;21;;;10320;12;10323;21;;;10314.5;24380.0
-2;314800;ASH_COATED_OSMIUM;9984;11;9981;24;;;10000;11;10002;24;;;9992.0;6753.0
-2;314800;INTARIAN_PEPPER_ROOT;10309;11;10307;21;;;10311;4;10320;11;10323;21;10310.0;24020.0
-2;314900;ASH_COATED_OSMIUM;;;;;;;10000;13;;;;;10000.0;6161.0
-2;314900;INTARIAN_PEPPER_ROOT;10309;9;10307;18;;;10321;9;10323;18;;;10315.0;24420.0
-2;315000;ASH_COATED_OSMIUM;9984;14;9982;23;;;10002;23;;;;;9993.0;6679.0
-2;315000;INTARIAN_PEPPER_ROOT;10309;11;10307;24;;;10321;11;;;;;10315.0;24420.0
-2;315100;ASH_COATED_OSMIUM;9984;10;;;;;10000;10;10002;25;;;9992.0;6753.0
-2;315100;INTARIAN_PEPPER_ROOT;10309;12;10307;21;;;10321;12;10323;21;;;10315.0;24420.0
-2;315200;ASH_COATED_OSMIUM;9984;15;;;;;10000;15;10002;24;;;9992.0;6753.0
-2;315200;INTARIAN_PEPPER_ROOT;10310;9;10307;16;;;10321;9;10323;16;;;10315.5;24460.0
-2;315300;ASH_COATED_OSMIUM;9984;15;;;;;10000;15;;;;;9992.0;6795.0
-2;315300;INTARIAN_PEPPER_ROOT;10310;8;10307;21;;;10321;8;10324;21;;;10315.5;24460.0
-2;315400;ASH_COATED_OSMIUM;9981;29;;;;;10000;12;10002;29;;;9990.5;6915.0
-2;315400;INTARIAN_PEPPER_ROOT;10310;11;10307;15;;;10321;11;10324;15;;;10315.5;24460.0
-2;315500;ASH_COATED_OSMIUM;9981;26;;;;;;;;;;;9981.0;7675.0
-2;315500;INTARIAN_PEPPER_ROOT;10310;10;10307;23;;;10321;10;10324;23;;;10315.5;24460.0
-2;315600;ASH_COATED_OSMIUM;9984;15;9981;25;;;10002;25;;;;;9993.0;6715.0
-2;315600;INTARIAN_PEPPER_ROOT;10307;22;;;;;10321;9;10324;22;;;10314.0;24340.0
-2;315700;ASH_COATED_OSMIUM;9983;11;;;;;9999;11;10002;23;;;9991.0;6875.0
-2;315700;INTARIAN_PEPPER_ROOT;10310;11;10307;24;;;10321;11;10324;24;;;10315.5;24460.0
-2;315800;ASH_COATED_OSMIUM;9983;12;9981;26;;;9999;12;10002;26;;;9991.0;6875.0
-2;315800;INTARIAN_PEPPER_ROOT;10310;9;10308;15;;;10321;9;10324;15;;;10315.5;24460.0
-2;315900;ASH_COATED_OSMIUM;9981;23;;;;;9999;10;10002;23;;;9990.0;6955.0
-2;315900;INTARIAN_PEPPER_ROOT;10308;20;;;;;10322;12;;;;;10315.0;24420.0
-2;316000;ASH_COATED_OSMIUM;9984;15;;;;;10000;15;10003;28;;;9992.0;6795.0
-2;316000;INTARIAN_PEPPER_ROOT;10310;9;10308;16;;;10322;9;;;;;10316.0;24500.0
-2;316100;ASH_COATED_OSMIUM;9984;13;9982;27;;;10000;13;10003;27;;;9992.0;6795.0
-2;316100;INTARIAN_PEPPER_ROOT;10310;10;10308;23;;;10322;10;10324;23;;;10316.0;24500.0
-2;316200;ASH_COATED_OSMIUM;9985;11;9982;20;;;10000;11;;;;;9992.5;6774.5
-2;316200;INTARIAN_PEPPER_ROOT;10308;24;;;;;10322;10;10324;24;;;10315.0;24420.0
-2;316300;ASH_COATED_OSMIUM;9985;13;;;;;10001;13;10003;28;;;9993.0;6736.0
-2;316300;INTARIAN_PEPPER_ROOT;10308;18;;;;;10322;10;10325;18;;;10315.0;24420.0
-2;316400;ASH_COATED_OSMIUM;9985;10;9982;21;;;10003;21;;;;;9994.0;6659.0
-2;316400;INTARIAN_PEPPER_ROOT;10308;15;;;;;10322;12;;;;;10315.0;24420.0
-2;316500;ASH_COATED_OSMIUM;9984;12;9982;20;;;10000;12;;;;;9992.0;6813.0
-2;316500;INTARIAN_PEPPER_ROOT;10311;12;10308;24;;;10322;12;10325;24;;;10316.5;24540.0
-2;316600;ASH_COATED_OSMIUM;9985;11;9982;25;;;10003;25;;;;;9994.0;6659.0
-2;316600;INTARIAN_PEPPER_ROOT;10311;9;;;;;10322;9;10325;15;;;10316.5;24540.0
-2;316700;ASH_COATED_OSMIUM;9985;10;9982;24;;;10003;24;;;;;9994.0;6659.0
-2;316700;INTARIAN_PEPPER_ROOT;10311;12;10308;16;;;10322;12;10325;16;;;10316.5;24540.0
-2;316800;ASH_COATED_OSMIUM;9985;13;9982;24;;;10001;13;;;;;9993.0;6736.0
-2;316800;INTARIAN_PEPPER_ROOT;10311;9;;;;;10322;9;10325;25;;;10316.5;24540.0
-2;316900;ASH_COATED_OSMIUM;9984;11;9982;27;;;10000;11;;;;;9992.0;6813.0
-2;316900;INTARIAN_PEPPER_ROOT;10311;9;;;;;10325;17;;;;;10318.0;24660.0
-2;317000;ASH_COATED_OSMIUM;;;;;;;10000;15;10003;29;;;10000.0;6197.0
-2;317000;INTARIAN_PEPPER_ROOT;10311;8;;;;;10323;8;10325;20;;;10317.0;24580.0
-2;317100;ASH_COATED_OSMIUM;9985;12;9982;28;;;10003;28;;;;;9994.0;6659.0
-2;317100;INTARIAN_PEPPER_ROOT;10311;12;10309;16;;;10325;16;;;;;10318.0;24660.0
-2;317200;ASH_COATED_OSMIUM;9985;11;9982;24;;;10001;11;10003;24;;;9993.0;6736.0
-2;317200;INTARIAN_PEPPER_ROOT;10312;10;;;;;10323;10;10325;23;;;10317.5;24620.0
-2;317300;ASH_COATED_OSMIUM;;;;;;;10002;15;;;;;10002.0;6043.0
-2;317300;INTARIAN_PEPPER_ROOT;10312;8;;;;;10323;8;10326;17;;;10317.5;24620.0
-2;317400;ASH_COATED_OSMIUM;9983;26;;;;;10001;13;10004;26;;;9992.0;6813.0
-2;317400;INTARIAN_PEPPER_ROOT;10312;10;10309;18;;;10323;10;;;;;10317.5;24620.0
-2;317500;ASH_COATED_OSMIUM;9986;11;9983;21;;;10004;21;;;;;9995.0;6582.0
-2;317500;INTARIAN_PEPPER_ROOT;10312;10;10309;22;;;10323;10;10326;22;;;10317.5;24620.0
-2;317600;ASH_COATED_OSMIUM;9984;29;;;;;10005;29;;;;;9994.5;6620.5
-2;317600;INTARIAN_PEPPER_ROOT;10312;9;10309;25;;;10323;9;10326;25;;;10317.5;24620.0
-2;317700;ASH_COATED_OSMIUM;9986;13;;;;;10002;13;10005;25;;;9994.0;6659.0
-2;317700;INTARIAN_PEPPER_ROOT;10312;12;10309;15;;;10326;15;;;;;10319.0;24740.0
-2;317800;ASH_COATED_OSMIUM;9986;10;;;;;10002;10;10005;22;;;9994.0;6659.0
-2;317800;INTARIAN_PEPPER_ROOT;10312;9;10310;16;;;10323;9;;;;;10317.5;24620.0
-2;317900;ASH_COATED_OSMIUM;9986;11;9984;30;;;10002;11;10005;30;;;9994.0;6659.0
-2;317900;INTARIAN_PEPPER_ROOT;10312;9;10310;17;;;10324;9;10326;17;;;10318.0;24660.0
-2;318000;ASH_COATED_OSMIUM;9986;14;9984;20;;;10002;14;10005;20;;;9994.0;6659.0
-2;318000;INTARIAN_PEPPER_ROOT;10312;12;;;;;10324;12;10326;15;;;10318.0;24660.0
-2;318100;ASH_COATED_OSMIUM;9985;12;9983;23;;;10001;12;10004;23;;;9993.0;6736.0
-2;318100;INTARIAN_PEPPER_ROOT;10312;12;;;;;10324;12;10326;25;;;10318.0;24660.0
-2;318200;ASH_COATED_OSMIUM;9991;4;9985;14;9983;30;10001;14;10004;30;;;9996.0;6505.0
-2;318200;INTARIAN_PEPPER_ROOT;10313;8;10310;18;;;10324;8;10326;18;;;10318.5;24700.0
-2;318300;ASH_COATED_OSMIUM;9985;15;9983;29;;;10001;15;10004;29;;;9993.0;6736.0
-2;318300;INTARIAN_PEPPER_ROOT;10313;11;;;;;10324;11;10327;20;;;10318.5;24700.0
-2;318400;ASH_COATED_OSMIUM;9983;21;;;;;10001;11;10004;21;;;9992.0;6813.0
-2;318400;INTARIAN_PEPPER_ROOT;10313;12;;;;;10324;12;10327;20;;;10318.5;24700.0
-2;318500;ASH_COATED_OSMIUM;9985;10;9983;21;;;10004;21;;;;;9994.5;6620.5
-2;318500;INTARIAN_PEPPER_ROOT;10310;18;;;;;10324;12;10327;18;;;10317.0;24580.0
-2;318600;ASH_COATED_OSMIUM;9985;15;9982;20;;;10001;15;;;;;9993.0;6736.0
-2;318600;INTARIAN_PEPPER_ROOT;10313;9;10310;19;;;10324;9;10327;19;;;10318.5;24700.0
-2;318700;ASH_COATED_OSMIUM;9983;24;;;;;10002;14;10004;24;;;9992.5;6774.5
-2;318700;INTARIAN_PEPPER_ROOT;10313;11;10310;23;;;10324;11;10327;23;;;10318.5;24700.0
-2;318800;ASH_COATED_OSMIUM;9986;12;9983;26;;;10004;26;;;;;9995.0;6638.0
-2;318800;INTARIAN_PEPPER_ROOT;;;;;;;10324;9;;;;;10324.0;25140.0
-2;318900;ASH_COATED_OSMIUM;9986;10;;;;;10002;10;10004;30;;;9994.0;6708.0
-2;318900;INTARIAN_PEPPER_ROOT;10313;8;10311;23;;;10325;8;10327;23;;;10319.0;24740.0
-2;319000;ASH_COATED_OSMIUM;9986;10;;;;;10002;10;10005;28;;;9994.0;6708.0
-2;319000;INTARIAN_PEPPER_ROOT;10313;9;10311;25;;;10325;9;10327;25;;;10319.0;24740.0
-2;319100;ASH_COATED_OSMIUM;9986;14;9983;26;;;10002;14;10004;26;;;9994.0;6708.0
-2;319100;INTARIAN_PEPPER_ROOT;10313;11;;;;;10325;11;10327;20;;;10319.0;24740.0
-2;319200;ASH_COATED_OSMIUM;9986;10;9983;28;;;10002;10;10004;28;;;9994.0;6708.0
-2;319200;INTARIAN_PEPPER_ROOT;10311;16;;;;;10325;12;10327;16;;;10318.0;24660.0
-2;319300;ASH_COATED_OSMIUM;9985;13;9983;21;;;10001;13;10004;21;;;9993.0;6778.0
-2;319300;INTARIAN_PEPPER_ROOT;10311;25;;;;;10325;10;;;;;10318.0;24660.0
-2;319400;ASH_COATED_OSMIUM;9985;11;9983;25;;;10001;11;;;;;9993.0;6778.0
-2;319400;INTARIAN_PEPPER_ROOT;10314;8;10311;25;;;10325;8;10328;25;;;10319.5;24780.0
-2;319500;ASH_COATED_OSMIUM;9986;11;9983;29;;;10002;11;10004;29;;;9994.0;6708.0
-2;319500;INTARIAN_PEPPER_ROOT;10314;10;10311;25;;;10325;10;10328;25;;;10319.5;24780.0
-2;319600;ASH_COATED_OSMIUM;9986;14;9984;27;;;10002;14;10005;27;;;9994.0;6708.0
-2;319600;INTARIAN_PEPPER_ROOT;10317;6;10311;22;;;10325;10;10328;22;;;10321.0;24900.0
-2;319700;ASH_COATED_OSMIUM;9986;11;9984;30;;;10005;30;;;;;9995.5;6603.0
-2;319700;INTARIAN_PEPPER_ROOT;10314;11;;;;;10328;22;;;;;10321.0;24900.0
-2;319800;ASH_COATED_OSMIUM;9986;15;9984;24;;;10005;24;;;;;9995.5;6603.0
-2;319800;INTARIAN_PEPPER_ROOT;10314;10;;;;;10325;10;10328;19;;;10319.5;24780.0
-2;319900;ASH_COATED_OSMIUM;9986;14;9984;30;;;10002;14;;;;;9994.0;6708.0
-2;319900;INTARIAN_PEPPER_ROOT;10314;9;10312;22;;;;;;;;;10314.0;24340.0
-2;320000;ASH_COATED_OSMIUM;9986;15;9983;23;;;10002;15;10004;23;;;9994.0;6708.0
-2;320000;INTARIAN_PEPPER_ROOT;10314;8;;;;;10326;8;10328;24;;;10320.0;24820.0
-2;320100;ASH_COATED_OSMIUM;9986;13;;;;;10002;13;10004;22;;;9994.0;6708.0
-2;320100;INTARIAN_PEPPER_ROOT;10314;8;10312;24;;;10326;8;10328;24;;;10320.0;24820.0
-2;320200;ASH_COATED_OSMIUM;9983;27;;;;;10004;27;;;;;9993.5;6743.0
-2;320200;INTARIAN_PEPPER_ROOT;10315;8;10312;23;;;10326;8;10328;23;;;10320.5;24860.0
-2;320300;ASH_COATED_OSMIUM;9986;12;9984;28;;;;;;;;;9986.0;7268.0
-2;320300;INTARIAN_PEPPER_ROOT;10315;10;10312;15;;;10329;15;;;;;10322.0;24980.0
-2;320400;ASH_COATED_OSMIUM;9986;13;;;;;9995;2;10002;13;10004;30;9990.5;6953.0
-2;320400;INTARIAN_PEPPER_ROOT;10315;10;10312;22;;;10326;10;10329;22;;;10320.5;24860.0
-2;320500;ASH_COATED_OSMIUM;9986;13;9984;21;;;10002;13;10005;21;;;9994.0;6708.0
-2;320500;INTARIAN_PEPPER_ROOT;10312;23;;;;;10326;12;10329;23;;;10319.0;24740.0
-2;320600;ASH_COATED_OSMIUM;9986;14;9983;21;;;10002;14;10004;21;;;9994.0;6708.0
-2;320600;INTARIAN_PEPPER_ROOT;10315;8;;;;;10326;8;;;;;10320.5;24860.0
-2;320700;ASH_COATED_OSMIUM;9984;24;;;;;10002;12;10005;24;;;9993.0;6778.0
-2;320700;INTARIAN_PEPPER_ROOT;10315;11;10312;16;;;10329;16;;;;;10322.0;24980.0
-2;320800;ASH_COATED_OSMIUM;9987;10;9984;26;;;10003;10;10005;26;;;9995.0;6638.0
-2;320800;INTARIAN_PEPPER_ROOT;10315;9;10313;23;;;;;;;;;10315.0;24420.0
-2;320900;ASH_COATED_OSMIUM;9984;24;;;;;10003;12;;;;;9993.5;6743.0
-2;320900;INTARIAN_PEPPER_ROOT;10315;9;;;;;10327;9;10329;15;;;10321.0;24900.0
-2;321000;ASH_COATED_OSMIUM;9987;10;9984;29;;;10003;10;10005;29;;;9995.0;6638.0
-2;321000;INTARIAN_PEPPER_ROOT;10315;10;10313;23;;;10317;6;10329;23;;;10316.0;24500.0
-2;321100;ASH_COATED_OSMIUM;9986;14;9984;25;;;10002;14;10005;25;;;9994.0;6750.0
-2;321100;INTARIAN_PEPPER_ROOT;10315;12;;;;;10327;12;10329;25;;;10321.0;24900.0
-2;321200;ASH_COATED_OSMIUM;9987;12;9984;27;;;10003;12;10005;27;;;9995.0;6674.0
-2;321200;INTARIAN_PEPPER_ROOT;10316;12;10313;18;;;10327;12;;;;;10321.5;24940.0
-2;321300;ASH_COATED_OSMIUM;9987;15;9984;25;;;10005;25;;;;;9996.0;6598.0
-2;321300;INTARIAN_PEPPER_ROOT;10316;12;10313;20;;;10327;12;;;;;10321.5;24940.0
-2;321400;ASH_COATED_OSMIUM;9987;11;9985;21;;;10003;11;10006;21;;;9995.0;6674.0
-2;321400;INTARIAN_PEPPER_ROOT;10316;12;10313;15;;;10327;12;10330;15;;;10321.5;24940.0
-2;321500;ASH_COATED_OSMIUM;9987;13;9985;27;;;;;;;;;9987.0;7282.0
-2;321500;INTARIAN_PEPPER_ROOT;10316;12;10313;25;;;10327;12;10330;25;;;10321.5;24940.0
-2;321600;ASH_COATED_OSMIUM;9988;13;9985;29;;;10004;13;10006;29;;;9996.0;6598.0
-2;321600;INTARIAN_PEPPER_ROOT;10316;9;10313;25;;;10327;9;10330;25;;;10321.5;24940.0
-2;321700;ASH_COATED_OSMIUM;9987;10;;;;;10003;10;10006;21;;;9995.0;6674.0
-2;321700;INTARIAN_PEPPER_ROOT;10316;8;10313;19;;;10327;8;10330;19;;;10321.5;24940.0
-2;321800;ASH_COATED_OSMIUM;9988;12;9985;28;;;10006;28;;;;;9997.0;6522.0
-2;321800;INTARIAN_PEPPER_ROOT;10314;22;;;;;10327;11;10330;22;;;10320.5;24860.0
-2;321900;ASH_COATED_OSMIUM;9987;11;9985;23;;;10006;23;;;;;9996.5;6560.0
-2;321900;INTARIAN_PEPPER_ROOT;10316;9;10314;23;;;10318;4;10328;9;;;10317.0;24580.0
-2;322000;ASH_COATED_OSMIUM;9988;10;9985;27;;;10004;10;;;;;9996.0;6598.0
-2;322000;INTARIAN_PEPPER_ROOT;10316;12;10314;21;;;10330;21;;;;;10323.0;25060.0
-2;322100;ASH_COATED_OSMIUM;9987;13;;;;;10003;13;10006;29;;;9995.0;6674.0
-2;322100;INTARIAN_PEPPER_ROOT;10316;10;10314;22;;;10328;10;10330;22;;;10322.0;24980.0
-2;322200;ASH_COATED_OSMIUM;9987;13;9985;26;;;10003;13;10006;26;;;9995.0;6674.0
-2;322200;INTARIAN_PEPPER_ROOT;10317;9;10314;16;;;10328;9;10330;16;;;10322.5;25020.0
-2;322300;ASH_COATED_OSMIUM;9985;20;;;;;10003;10;10005;20;;;9994.0;6750.0
-2;322300;INTARIAN_PEPPER_ROOT;10317;11;10314;22;;;10328;11;10331;22;;;10322.5;25020.0
-2;322400;ASH_COATED_OSMIUM;9985;25;;;;;10003;11;10006;25;;;9994.0;6750.0
-2;322400;INTARIAN_PEPPER_ROOT;10317;8;10314;22;;;10331;22;;;;;10324.0;25140.0
-2;322500;ASH_COATED_OSMIUM;9985;30;;;;;10003;11;;;;;9994.0;6750.0
-2;322500;INTARIAN_PEPPER_ROOT;10317;11;10314;25;;;10328;11;;;;;10322.5;25020.0
-2;322600;ASH_COATED_OSMIUM;9987;10;9984;21;;;10005;21;;;;;9996.0;6598.0
-2;322600;INTARIAN_PEPPER_ROOT;10317;12;10314;25;;;10328;12;10331;25;;;10322.5;25020.0
-2;322700;ASH_COATED_OSMIUM;9987;12;9984;23;;;10003;12;10005;23;;;9995.0;6674.0
-2;322700;INTARIAN_PEPPER_ROOT;10317;9;10314;25;;;10328;9;10331;25;;;10322.5;25020.0
-2;322800;ASH_COATED_OSMIUM;9987;11;9984;26;;;10003;11;10005;26;;;9995.0;6674.0
-2;322800;INTARIAN_PEPPER_ROOT;10317;10;10315;22;;;10328;10;10331;22;;;10322.5;25020.0
-2;322900;ASH_COATED_OSMIUM;9987;12;9985;22;;;10003;12;10006;22;;;9995.0;6674.0
-2;322900;INTARIAN_PEPPER_ROOT;10317;8;;;;;10329;8;10331;25;;;10323.0;25060.0
-2;323000;ASH_COATED_OSMIUM;9987;13;9984;26;;;10003;13;10005;26;;;9995.0;6674.0
-2;323000;INTARIAN_PEPPER_ROOT;10317;12;10315;16;;;10329;12;10331;16;;;10323.0;25060.0
-2;323100;ASH_COATED_OSMIUM;9987;13;9984;23;;;10003;13;10005;23;;;9995.0;6674.0
-2;323100;INTARIAN_PEPPER_ROOT;10315;24;;;;;10329;12;;;;;10322.0;24980.0
-2;323200;ASH_COATED_OSMIUM;9984;26;;;;;10002;15;;;;;9993.0;6826.0
-2;323200;INTARIAN_PEPPER_ROOT;10318;9;10315;23;;;10329;9;;;;;10323.5;25100.0
-2;323300;ASH_COATED_OSMIUM;9986;13;9984;27;;;10002;13;10005;27;;;9994.0;6750.0
-2;323300;INTARIAN_PEPPER_ROOT;10318;8;10315;21;;;;;;;;;10318.0;24660.0
-2;323400;ASH_COATED_OSMIUM;9987;10;;;;;10003;10;;;;;9995.0;6674.0
-2;323400;INTARIAN_PEPPER_ROOT;10318;11;10315;23;;;10332;23;;;;;10325.0;25220.0
-2;323500;ASH_COATED_OSMIUM;9987;15;9984;20;;;10003;15;10005;20;;;9995.0;6674.0
-2;323500;INTARIAN_PEPPER_ROOT;10318;9;10315;21;;;10329;9;;;;;10323.5;25100.0
-2;323600;ASH_COATED_OSMIUM;9987;11;;;;;10003;11;;;;;9995.0;6674.0
-2;323600;INTARIAN_PEPPER_ROOT;10318;8;10315;17;;;10329;8;;;;;10323.5;25100.0
-2;323700;ASH_COATED_OSMIUM;9984;27;;;;;10003;11;10005;27;;;9993.5;6788.0
-2;323700;INTARIAN_PEPPER_ROOT;10318;9;;;;;10329;9;10332;22;;;10323.5;25100.0
-2;323800;ASH_COATED_OSMIUM;9987;14;9984;28;;;10003;14;10005;28;;;9995.0;6674.0
-2;323800;INTARIAN_PEPPER_ROOT;10318;12;10316;24;;;10329;12;;;;;10323.5;25100.0
-2;323900;ASH_COATED_OSMIUM;9984;23;;;;;10002;13;10005;23;;;9993.0;6826.0
-2;323900;INTARIAN_PEPPER_ROOT;10318;11;;;;;10330;11;;;;;10324.0;25140.0
-2;324000;ASH_COATED_OSMIUM;9986;15;;;;;10002;15;10005;30;;;9994.0;6750.0
-2;324000;INTARIAN_PEPPER_ROOT;10318;11;10316;18;;;10330;11;10332;18;;;10324.0;25140.0
-2;324100;ASH_COATED_OSMIUM;9986;13;9984;22;;;10002;13;10005;22;;;9994.0;6750.0
-2;324100;INTARIAN_PEPPER_ROOT;10318;11;;;;;10332;21;;;;;10325.0;25220.0
-2;324200;ASH_COATED_OSMIUM;9986;10;9984;23;;;;;;;;;9986.0;7358.0
-2;324200;INTARIAN_PEPPER_ROOT;10319;9;10316;23;;;10330;9;10332;23;;;10324.5;25180.0
-2;324300;ASH_COATED_OSMIUM;9984;27;;;;;10002;11;10005;27;;;9993.0;6826.0
-2;324300;INTARIAN_PEPPER_ROOT;10319;8;;;;;10330;8;10333;16;;;10324.5;25180.0
-2;324400;ASH_COATED_OSMIUM;9986;11;9984;23;;;10005;23;;;;;9995.5;6636.0
-2;324400;INTARIAN_PEPPER_ROOT;10316;24;;;;;10330;11;10333;24;;;10323.0;25060.0
-2;324500;ASH_COATED_OSMIUM;9986;15;9984;29;;;10002;15;10005;29;;;9994.0;6750.0
-2;324500;INTARIAN_PEPPER_ROOT;10319;9;10316;23;;;10333;23;;;;;10326.0;25300.0
-2;324600;ASH_COATED_OSMIUM;9984;21;;;;;10002;15;10005;21;;;9993.0;6858.0
-2;324600;INTARIAN_PEPPER_ROOT;10319;12;10316;18;;;10330;12;10333;18;;;10324.5;25180.0
-2;324700;ASH_COATED_OSMIUM;9995;6;9986;10;;;10002;10;10004;26;;;9998.5;6418.0
-2;324700;INTARIAN_PEPPER_ROOT;10319;11;10316;18;;;10330;11;10333;18;;;10324.5;25180.0
-2;324800;ASH_COATED_OSMIUM;9986;11;9984;30;;;10002;11;;;;;9994.0;6778.0
-2;324800;INTARIAN_PEPPER_ROOT;10319;11;10317;24;;;10330;11;10333;24;;;10324.5;25180.0
-2;324900;ASH_COATED_OSMIUM;9986;12;9984;21;;;10002;12;10005;21;;;9994.0;6778.0
-2;324900;INTARIAN_PEPPER_ROOT;10327;4;10319;11;10317;24;10331;11;10333;24;;;10329.0;25540.0
-2;325000;ASH_COATED_OSMIUM;9986;11;9984;22;;;10002;11;10005;22;;;9994.0;6778.0
-2;325000;INTARIAN_PEPPER_ROOT;10319;12;10317;18;;;10331;12;;;;;10325.0;25220.0
-2;325100;ASH_COATED_OSMIUM;9987;11;9984;27;;;10003;11;10005;27;;;9995.0;6698.0
-2;325100;INTARIAN_PEPPER_ROOT;10319;11;;;;;10331;11;10333;16;;;10325.0;25220.0
-2;325200;ASH_COATED_OSMIUM;9983;24;;;;;10004;24;;;;;9993.5;6818.0
-2;325200;INTARIAN_PEPPER_ROOT;10320;12;10317;20;;;10333;20;;;;;10326.5;25340.0
-2;325300;ASH_COATED_OSMIUM;9986;12;;;;;10002;12;10004;24;;;9994.0;6778.0
-2;325300;INTARIAN_PEPPER_ROOT;10320;12;10317;16;;;10331;12;10334;16;;;10325.5;25260.0
-2;325400;ASH_COATED_OSMIUM;9996;7;9986;12;9984;23;10002;12;10005;23;;;9999.0;6378.0
-2;325400;INTARIAN_PEPPER_ROOT;10320;8;10317;20;;;10334;20;;;;;10327.0;25380.0
-2;325500;ASH_COATED_OSMIUM;;;;;;;10002;11;10004;24;;;10002.0;6138.0
-2;325500;INTARIAN_PEPPER_ROOT;10320;9;10317;20;;;10331;9;10334;20;;;10325.5;25260.0
-2;325600;ASH_COATED_OSMIUM;9986;15;9984;21;;;10002;15;10005;21;;;9994.0;6778.0
-2;325600;INTARIAN_PEPPER_ROOT;10320;12;10317;19;;;10331;12;10334;19;;;10325.5;25260.0
-2;325700;ASH_COATED_OSMIUM;9986;12;9984;23;;;10002;12;10005;23;;;9994.0;6778.0
-2;325700;INTARIAN_PEPPER_ROOT;10320;9;;;;;10331;9;;;;;10325.5;25260.0
-2;325800;ASH_COATED_OSMIUM;9986;12;9983;24;;;10002;12;;;;;9994.0;6778.0
-2;325800;INTARIAN_PEPPER_ROOT;10320;9;10318;18;;;10331;9;10334;18;;;10325.5;25260.0
-2;325900;ASH_COATED_OSMIUM;;;;;;;10004;29;;;;;10004.0;5978.0
-2;325900;INTARIAN_PEPPER_ROOT;;;;;;;10332;9;10334;20;;;10332.0;25780.0
-2;326000;ASH_COATED_OSMIUM;9985;14;9983;30;;;10001;14;;;;;9993.0;6858.0
-2;326000;INTARIAN_PEPPER_ROOT;10320;9;;;;;10332;9;10334;24;;;10326.0;25300.0
-2;326100;ASH_COATED_OSMIUM;9985;15;9983;23;;;;;;;;;9985.0;7498.0
-2;326100;INTARIAN_PEPPER_ROOT;10318;25;;;;;10332;9;;;;;10325.0;25220.0
-2;326200;ASH_COATED_OSMIUM;9985;15;;;;;10001;15;10004;26;;;9993.0;6858.0
-2;326200;INTARIAN_PEPPER_ROOT;10321;10;;;;;10332;10;10334;15;;;10326.5;25340.0
-2;326300;ASH_COATED_OSMIUM;9986;13;9983;21;;;10002;13;10004;21;;;9994.0;6778.0
-2;326300;INTARIAN_PEPPER_ROOT;10321;8;10318;21;;;10332;8;10335;21;;;10326.5;25340.0
-2;326400;ASH_COATED_OSMIUM;9983;23;;;;;10002;14;;;;;9992.5;6898.0
-2;326400;INTARIAN_PEPPER_ROOT;10321;10;10318;15;;;10332;10;;;;;10326.5;25340.0
-2;326500;ASH_COATED_OSMIUM;9986;10;9983;24;;;10001;10;10004;24;;;9993.5;6818.0
-2;326500;INTARIAN_PEPPER_ROOT;10321;9;10318;18;;;10332;9;10335;18;;;10326.5;25340.0
-2;326600;ASH_COATED_OSMIUM;9991;2;9985;13;9983;28;10001;13;10004;28;;;9996.0;6618.0
-2;326600;INTARIAN_PEPPER_ROOT;10321;8;10318;23;;;10332;8;10335;23;;;10326.5;25340.0
-2;326700;ASH_COATED_OSMIUM;9986;12;9983;27;;;10002;12;;;;;9994.0;6778.0
-2;326700;INTARIAN_PEPPER_ROOT;10321;10;10318;18;;;10332;10;10335;18;;;10326.5;25340.0
-2;326800;ASH_COATED_OSMIUM;9986;12;9983;29;;;10002;12;;;;;9994.0;6778.0
-2;326800;INTARIAN_PEPPER_ROOT;10321;11;10319;18;;;10332;11;;;;;10326.5;25340.0
-2;326900;ASH_COATED_OSMIUM;9986;13;9984;30;;;10002;13;;;;;9994.0;6778.0
-2;326900;INTARIAN_PEPPER_ROOT;10319;21;;;;;;;;;;;10319.0;24740.0
-2;327000;ASH_COATED_OSMIUM;9987;10;;;;;10003;10;10005;23;;;9995.0;6698.0
-2;327000;INTARIAN_PEPPER_ROOT;10321;8;10319;20;;;10333;8;10335;20;;;10327.0;25380.0
-2;327100;ASH_COATED_OSMIUM;9985;30;;;;;10006;30;;;;;9995.5;6658.0
-2;327100;INTARIAN_PEPPER_ROOT;10321;12;;;;;10333;12;10335;17;;;10327.0;25380.0
-2;327200;ASH_COATED_OSMIUM;9987;15;9984;21;;;10003;15;;;;;9995.0;6698.0
-2;327200;INTARIAN_PEPPER_ROOT;10322;9;10319;20;;;10333;9;10335;20;;;10327.5;25420.0
-2;327300;ASH_COATED_OSMIUM;9987;15;;;;;10005;22;;;;;9996.0;6618.0
-2;327300;INTARIAN_PEPPER_ROOT;;;;;;;10333;11;;;;;10333.0;25860.0
-2;327400;ASH_COATED_OSMIUM;;;;;;;10003;14;10005;20;;;10003.0;6058.0
-2;327400;INTARIAN_PEPPER_ROOT;10322;8;10319;22;;;10333;8;10336;22;;;10327.5;25420.0
-2;327500;ASH_COATED_OSMIUM;9986;15;;;;;10002;15;;;;;9994.0;6778.0
-2;327500;INTARIAN_PEPPER_ROOT;10322;12;10319;19;;;10333;12;10336;19;;;10327.5;25420.0
-2;327600;ASH_COATED_OSMIUM;9987;14;9984;23;;;10003;14;10005;23;;;9995.0;6698.0
-2;327600;INTARIAN_PEPPER_ROOT;10322;9;;;;;10333;9;10336;25;;;10327.5;25420.0
-2;327700;ASH_COATED_OSMIUM;9987;10;;;;;10005;28;;;;;9996.0;6618.0
-2;327700;INTARIAN_PEPPER_ROOT;10322;9;10319;17;;;10333;9;10336;17;;;10327.5;25420.0
-2;327800;ASH_COATED_OSMIUM;9987;14;9984;26;;;10003;14;;;;;9995.0;6698.0
-2;327800;INTARIAN_PEPPER_ROOT;10322;12;10320;16;;;10336;16;;;;;10329.0;25540.0
-2;327900;ASH_COATED_OSMIUM;9987;10;9984;30;;;10003;10;;;;;9995.0;6698.0
-2;327900;INTARIAN_PEPPER_ROOT;10322;8;10320;17;;;10336;17;;;;;10329.0;25540.0
-2;328000;ASH_COATED_OSMIUM;;;;;;;10003;12;10005;20;;;10003.0;6058.0
-2;328000;INTARIAN_PEPPER_ROOT;10322;11;10320;22;;;10334;11;10336;22;;;10328.0;25460.0
-2;328100;ASH_COATED_OSMIUM;9987;13;;;;;10003;13;10005;30;;;9995.0;6698.0
-2;328100;INTARIAN_PEPPER_ROOT;10322;9;10320;20;;;10334;9;;;;;10328.0;25460.0
-2;328200;ASH_COATED_OSMIUM;9987;10;9984;21;;;10003;10;;;;;9995.0;6698.0
-2;328200;INTARIAN_PEPPER_ROOT;10323;8;10320;24;;;10334;8;10336;24;;;10328.5;25500.0
-2;328300;ASH_COATED_OSMIUM;9984;21;;;;;10003;15;10005;21;;;9993.5;6818.0
-2;328300;INTARIAN_PEPPER_ROOT;10323;10;10320;15;;;10334;10;10337;15;;;10328.5;25500.0
-2;328400;ASH_COATED_OSMIUM;9987;13;9984;28;;;10003;13;;;;;9995.0;6698.0
-2;328400;INTARIAN_PEPPER_ROOT;10323;11;10320;18;;;10334;11;10337;18;;;10328.5;25500.0
-2;328500;ASH_COATED_OSMIUM;9987;11;9984;28;;;10003;11;;;;;9995.0;6698.0
-2;328500;INTARIAN_PEPPER_ROOT;10323;9;;;;;10334;9;10337;23;;;10328.5;25500.0
-2;328600;ASH_COATED_OSMIUM;9986;11;9984;25;;;10002;11;10005;25;;;9994.0;6778.0
-2;328600;INTARIAN_PEPPER_ROOT;10320;21;;;;;10334;10;10337;21;;;10327.0;25380.0
-2;328700;ASH_COATED_OSMIUM;9992;5;;;;;10003;10;10005;30;;;9997.5;6498.0
-2;328700;INTARIAN_PEPPER_ROOT;10323;10;;;;;10334;10;10337;25;;;10328.5;25500.0
-2;328800;ASH_COATED_OSMIUM;9987;12;9984;29;;;10003;12;10005;29;;;9995.0;6698.0
-2;328800;INTARIAN_PEPPER_ROOT;10323;9;10321;24;;;10334;9;10337;24;;;10328.5;25500.0
-2;328900;ASH_COATED_OSMIUM;9984;21;;;;;10002;14;;;;;9993.0;6858.0
-2;328900;INTARIAN_PEPPER_ROOT;10321;15;;;;;10335;12;10337;15;;;10328.0;25460.0
-2;329000;ASH_COATED_OSMIUM;9986;10;9983;28;;;10002;10;10004;28;;;9994.0;6778.0
-2;329000;INTARIAN_PEPPER_ROOT;10323;12;10321;18;;;10335;12;10337;18;;;10329.0;25540.0
-2;329100;ASH_COATED_OSMIUM;9987;13;;;;;10003;13;10005;20;;;9995.0;6698.0
-2;329100;INTARIAN_PEPPER_ROOT;10332;6;10321;18;;;10335;8;10337;18;;;10333.5;25900.0
-2;329200;ASH_COATED_OSMIUM;9984;28;;;;;10003;14;10005;28;;;9993.5;6818.0
-2;329200;INTARIAN_PEPPER_ROOT;10324;8;;;;;10335;8;10337;24;;;10329.5;25580.0
-2;329300;ASH_COATED_OSMIUM;9987;13;;;;;10003;13;10005;25;;;9995.0;6698.0
-2;329300;INTARIAN_PEPPER_ROOT;10324;12;10321;19;;;10335;12;10338;19;;;10329.5;25580.0
-2;329400;ASH_COATED_OSMIUM;9997;7;9987;13;9985;28;10003;13;10006;28;;;10000.0;6298.0
-2;329400;INTARIAN_PEPPER_ROOT;10324;9;;;;;10335;9;10338;19;;;10329.5;25580.0
-2;329500;ASH_COATED_OSMIUM;9987;15;9985;20;;;10003;15;10005;20;;;9995.0;6698.0
-2;329500;INTARIAN_PEPPER_ROOT;10324;8;10321;23;;;10335;8;10338;23;;;10329.5;25580.0
-2;329600;ASH_COATED_OSMIUM;9986;14;;;;;10002;14;10005;27;;;9994.0;6778.0
-2;329600;INTARIAN_PEPPER_ROOT;10321;23;;;;;10335;10;10338;23;;;10328.0;25460.0
-2;329700;ASH_COATED_OSMIUM;9986;15;9983;24;;;10002;15;10004;24;;;9994.0;6778.0
-2;329700;INTARIAN_PEPPER_ROOT;10324;12;10321;18;;;10335;12;;;;;10329.5;25580.0
-2;329800;ASH_COATED_OSMIUM;9986;13;9983;23;;;9995;5;10004;23;;;9990.5;7058.0
-2;329800;INTARIAN_PEPPER_ROOT;10324;11;;;;;10335;11;10338;22;;;10329.5;25580.0
-2;329900;ASH_COATED_OSMIUM;9984;21;;;;;;;;;;;9984.0;7578.0
-2;329900;INTARIAN_PEPPER_ROOT;10324;12;10322;19;;;10336;12;;;;;10330.0;25620.0
-2;330000;ASH_COATED_OSMIUM;9986;10;9983;20;;;10002;10;10004;20;;;9994.0;6778.0
-2;330000;INTARIAN_PEPPER_ROOT;10324;11;10322;24;;;10336;11;;;;;10330.0;25620.0
-2;330100;ASH_COATED_OSMIUM;9986;10;;;;;10005;29;;;;;9995.5;6658.0
-2;330100;INTARIAN_PEPPER_ROOT;10324;11;10322;15;;;10336;11;10338;15;;;10330.0;25620.0
-2;330200;ASH_COATED_OSMIUM;9986;11;9984;28;;;10002;11;10005;28;;;9994.0;6778.0
-2;330200;INTARIAN_PEPPER_ROOT;10325;8;10322;17;;;10336;8;;;;;10330.5;25660.0
-2;330300;ASH_COATED_OSMIUM;9983;27;;;;;10002;11;10004;27;;;9992.5;6898.0
-2;330300;INTARIAN_PEPPER_ROOT;10325;12;10322;20;;;10336;12;10339;20;;;10330.5;25660.0
-2;330400;ASH_COATED_OSMIUM;9982;22;;;;;10003;22;;;;;9992.5;6898.0
-2;330400;INTARIAN_PEPPER_ROOT;10325;10;10322;18;;;10336;10;10339;18;;;10330.5;25660.0
-2;330500;ASH_COATED_OSMIUM;9985;12;9982;20;;;10001;12;10003;20;;;9993.0;6858.0
-2;330500;INTARIAN_PEPPER_ROOT;10325;10;10322;15;;;10336;10;10339;15;;;10330.5;25660.0
-2;330600;ASH_COATED_OSMIUM;9985;14;9982;22;;;10001;14;;;;;9993.0;6858.0
-2;330600;INTARIAN_PEPPER_ROOT;10322;25;;;;;10339;25;;;;;10330.5;25660.0
-2;330700;ASH_COATED_OSMIUM;9985;11;;;;;10001;11;10003;26;;;9993.0;6858.0
-2;330700;INTARIAN_PEPPER_ROOT;10325;11;;;;;10336;11;;;;;10330.5;25660.0
-2;330800;ASH_COATED_OSMIUM;9982;25;;;;;10003;25;;;;;9992.5;6955.0
-2;330800;INTARIAN_PEPPER_ROOT;10325;9;10323;21;;;10336;9;;;;;10330.5;25660.0
-2;330900;ASH_COATED_OSMIUM;9985;15;9982;22;;;10003;22;;;;;9994.0;6844.0
-2;330900;INTARIAN_PEPPER_ROOT;;;;;;;10337;11;;;;;10337.0;26180.0
-2;331000;ASH_COATED_OSMIUM;9982;30;;;;;10000;15;;;;;9991.0;7066.0
-2;331000;INTARIAN_PEPPER_ROOT;10325;12;10323;19;;;10337;12;10339;19;;;10331.0;25700.0
-2;331100;ASH_COATED_OSMIUM;9984;10;;;;;10000;10;10003;27;;;9992.0;6992.0
-2;331100;INTARIAN_PEPPER_ROOT;10325;11;10323;20;;;10339;20;;;;;10332.0;25780.0
-2;331200;ASH_COATED_OSMIUM;9983;14;9981;22;;;9999;14;10002;22;;;9991.0;7066.0
-2;331200;INTARIAN_PEPPER_ROOT;10326;10;10323;17;;;10337;10;10339;17;;;10331.5;25740.0
-2;331300;ASH_COATED_OSMIUM;9984;12;9981;26;;;10000;12;;;;;9992.0;6992.0
-2;331300;INTARIAN_PEPPER_ROOT;10326;10;10323;23;;;10337;10;10340;23;;;10331.5;25740.0
-2;331400;ASH_COATED_OSMIUM;9984;12;9981;21;;;10000;12;10002;21;;;9992.0;6992.0
-2;331400;INTARIAN_PEPPER_ROOT;10326;10;10323;18;;;10337;10;10340;18;;;10331.5;25740.0
-2;331500;ASH_COATED_OSMIUM;9983;14;;;;;9999;14;10002;21;;;9991.0;7066.0
-2;331500;INTARIAN_PEPPER_ROOT;10323;24;;;;;10340;24;;;;;10331.5;25740.0
-2;331600;ASH_COATED_OSMIUM;9983;12;9980;23;;;9999;12;10001;23;;;9991.0;7066.0
-2;331600;INTARIAN_PEPPER_ROOT;10326;8;10323;21;;;10337;8;10340;21;;;10331.5;25740.0
-2;331700;ASH_COATED_OSMIUM;9983;13;9980;23;;;9999;13;10001;23;;;9991.0;7066.0
-2;331700;INTARIAN_PEPPER_ROOT;10326;11;;;;;10337;11;10340;22;;;10331.5;25740.0
-2;331800;ASH_COATED_OSMIUM;9980;29;;;;;9998;10;10001;29;;;9989.0;7214.0
-2;331800;INTARIAN_PEPPER_ROOT;10326;8;10324;16;;;10337;8;10340;16;;;10331.5;25740.0
-2;331900;ASH_COATED_OSMIUM;9980;29;;;;;10001;29;;;;;9990.5;7103.0
-2;331900;INTARIAN_PEPPER_ROOT;10326;12;10324;16;;;10338;12;10340;16;;;10332.0;25780.0
-2;332000;ASH_COATED_OSMIUM;9983;11;9980;22;;;9999;11;10001;22;;;9991.0;7066.0
-2;332000;INTARIAN_PEPPER_ROOT;10326;8;10324;23;;;10338;8;10340;23;;;10332.0;25780.0
-2;332100;ASH_COATED_OSMIUM;9983;12;;;;;10001;22;;;;;9992.0;6992.0
-2;332100;INTARIAN_PEPPER_ROOT;10326;9;10324;22;;;10340;22;;;;;10333.0;25860.0
-2;332200;ASH_COATED_OSMIUM;9982;11;9980;22;;;9998;11;;;;;9990.0;7140.0
-2;332200;INTARIAN_PEPPER_ROOT;10327;8;;;;;10338;8;10340;23;;;10332.5;25820.0
-2;332300;ASH_COATED_OSMIUM;9982;11;9980;30;;;;;;;;;9982.0;7732.0
-2;332300;INTARIAN_PEPPER_ROOT;10327;12;10324;19;;;10338;12;10341;19;;;10332.5;25820.0
-2;332400;ASH_COATED_OSMIUM;9982;12;9979;29;;;9998;12;10000;29;;;9990.0;7140.0
-2;332400;INTARIAN_PEPPER_ROOT;10327;9;;;;;10338;9;10341;18;;;10332.5;25820.0
-2;332500;ASH_COATED_OSMIUM;9982;12;9979;27;;;9998;12;10000;27;;;9990.0;7140.0
-2;332500;INTARIAN_PEPPER_ROOT;10327;8;10324;18;;;10341;18;;;;;10334.0;25940.0
-2;332600;ASH_COATED_OSMIUM;9981;14;;;;;9997;14;10000;29;;;9989.0;7214.0
-2;332600;INTARIAN_PEPPER_ROOT;10327;12;10324;17;;;10341;17;;;;;10334.0;25940.0
-2;332700;ASH_COATED_OSMIUM;9979;27;;;;;9997;10;;;;;9988.0;7288.0
-2;332700;INTARIAN_PEPPER_ROOT;10324;17;;;;;10338;8;;;;;10331.0;25700.0
-2;332800;ASH_COATED_OSMIUM;9982;11;9979;28;;;9998;11;10000;28;;;9990.0;7140.0
-2;332800;INTARIAN_PEPPER_ROOT;10327;12;10325;16;;;10338;12;;;;;10332.5;25820.0
-2;332900;ASH_COATED_OSMIUM;9982;13;9979;25;;;9987;8;9998;13;;;9984.5;7527.0
-2;332900;INTARIAN_PEPPER_ROOT;10327;8;10325;21;;;10341;21;;;;;10334.0;25940.0
-2;333000;ASH_COATED_OSMIUM;9982;13;9979;21;;;9998;13;10000;21;;;9990.0;7164.0
-2;333000;INTARIAN_PEPPER_ROOT;10327;9;10325;16;;;10339;9;;;;;10333.0;25860.0
-2;333100;ASH_COATED_OSMIUM;9982;13;9980;29;;;9998;13;10001;29;;;9990.0;7164.0
-2;333100;INTARIAN_PEPPER_ROOT;10327;8;10325;22;;;10339;8;10341;22;;;10333.0;25860.0
-2;333200;ASH_COATED_OSMIUM;9980;28;;;;;10001;28;;;;;9990.5;7131.0
-2;333200;INTARIAN_PEPPER_ROOT;;;;;;;10339;9;;;;;10339.0;26340.0
-2;333300;ASH_COATED_OSMIUM;9982;10;9980;24;;;9998;10;;;;;9990.0;7164.0
-2;333300;INTARIAN_PEPPER_ROOT;10328;9;10325;21;;;10339;9;10342;21;;;10333.5;25900.0
-2;333400;ASH_COATED_OSMIUM;9983;11;9980;27;;;9999;11;10001;27;;;9991.0;7168.0
-2;333400;INTARIAN_PEPPER_ROOT;10328;11;10325;22;;;10339;11;10342;22;;;10333.5;25900.0
-2;333500;ASH_COATED_OSMIUM;9982;12;9980;21;;;9998;12;10001;21;;;9990.0;7224.0
-2;333500;INTARIAN_PEPPER_ROOT;10328;11;10325;24;;;10339;11;;;;;10333.5;25900.0
-2;333600;ASH_COATED_OSMIUM;9980;26;;;;;9999;11;10001;26;;;9989.5;7294.5
-2;333600;INTARIAN_PEPPER_ROOT;10325;22;;;;;10339;11;10342;22;;;10332.0;25780.0
-2;333700;ASH_COATED_OSMIUM;9980;30;;;;;9998;15;10001;30;;;9989.0;7325.0
-2;333700;INTARIAN_PEPPER_ROOT;10325;21;;;;;10339;11;10342;21;;;10332.0;25780.0
-2;333800;ASH_COATED_OSMIUM;9982;14;9980;27;;;9998;14;10001;27;;;9990.0;7264.0
-2;333800;INTARIAN_PEPPER_ROOT;10326;25;;;;;10339;9;10342;25;;;10332.5;25820.0
-2;333900;ASH_COATED_OSMIUM;9980;23;;;;;9999;11;10001;23;;;9989.5;7294.5
-2;333900;INTARIAN_PEPPER_ROOT;10328;8;10326;24;;;10340;8;10342;24;;;10334.0;25940.0
-2;334000;ASH_COATED_OSMIUM;;;;;;;9999;10;10001;30;;;9999.0;6715.0
-2;334000;INTARIAN_PEPPER_ROOT;10328;8;10326;20;;;10340;8;10342;20;;;10334.0;25940.0
-2;334100;ASH_COATED_OSMIUM;9983;12;9980;29;;;9999;12;10001;29;;;9991.0;7203.0
-2;334100;INTARIAN_PEPPER_ROOT;10328;8;;;;;10340;8;10342;20;;;10334.0;25940.0
-2;334200;ASH_COATED_OSMIUM;9983;14;9980;29;;;10001;29;;;;;9992.0;7142.0
-2;334200;INTARIAN_PEPPER_ROOT;10329;11;10326;17;;;10336;11;10340;11;;;10332.5;25820.0
-2;334300;ASH_COATED_OSMIUM;9980;27;;;;;9998;13;10001;27;;;9989.0;7325.0
-2;334300;INTARIAN_PEPPER_ROOT;10329;11;10326;21;;;10340;11;10343;21;;;10334.5;25980.0
-2;334400;ASH_COATED_OSMIUM;9982;13;9980;25;;;9998;13;10001;25;;;9990.0;7264.0
-2;334400;INTARIAN_PEPPER_ROOT;10329;10;10326;24;;;10340;10;10343;24;;;10334.5;25980.0
-2;334500;ASH_COATED_OSMIUM;9982;13;9980;27;;;9998;13;10001;27;;;9990.0;7264.0
-2;334500;INTARIAN_PEPPER_ROOT;10329;12;10326;24;;;10331;5;10340;12;10343;24;10330.0;25620.0
-2;334600;ASH_COATED_OSMIUM;9979;22;;;;;9998;11;10000;22;;;9988.5;7355.5
-2;334600;INTARIAN_PEPPER_ROOT;10329;9;10326;15;;;10340;9;10343;15;;;10334.5;25980.0
-2;334700;ASH_COATED_OSMIUM;9980;27;;;;;9998;12;10001;27;;;9989.0;7325.0
-2;334700;INTARIAN_PEPPER_ROOT;10329;8;10326;24;;;10340;8;10343;24;;;10334.5;25980.0
-2;334800;ASH_COATED_OSMIUM;9980;28;;;;;9998;10;;;;;9989.0;7325.0
-2;334800;INTARIAN_PEPPER_ROOT;10329;11;10327;17;;;10340;11;;;;;10334.5;25980.0
-2;334900;ASH_COATED_OSMIUM;9979;24;;;;;9997;14;10000;24;;;9988.0;7386.0
-2;334900;INTARIAN_PEPPER_ROOT;10329;12;;;;;10341;12;10343;25;;;10335.0;26020.0
-2;335000;ASH_COATED_OSMIUM;9981;12;9979;28;;;9997;12;10000;28;;;9989.0;7325.0
-2;335000;INTARIAN_PEPPER_ROOT;10329;12;10327;23;;;10341;12;10343;23;;;10335.0;26020.0
-2;335100;ASH_COATED_OSMIUM;9982;10;9980;21;;;9998;10;;;;;9990.0;7264.0
-2;335100;INTARIAN_PEPPER_ROOT;10329;9;10327;19;;;10341;9;10343;19;;;10335.0;26020.0
-2;335200;ASH_COATED_OSMIUM;9982;12;9980;21;;;9998;12;;;;;9990.0;7264.0
-2;335200;INTARIAN_PEPPER_ROOT;10327;25;;;;;10341;9;10343;25;;;10334.0;25940.0
-2;335300;ASH_COATED_OSMIUM;9982;11;;;;;9998;11;10001;26;;;9990.0;7264.0
-2;335300;INTARIAN_PEPPER_ROOT;10330;10;10327;19;;;10344;19;;;;;10337.0;26180.0
-2;335400;ASH_COATED_OSMIUM;9982;13;;;;;10001;25;;;;;9991.5;7172.5
-2;335400;INTARIAN_PEPPER_ROOT;10330;10;;;;;10341;10;;;;;10335.5;26060.0
-2;335500;ASH_COATED_OSMIUM;9983;15;9980;30;;;9999;15;;;;;9991.0;7203.0
-2;335500;INTARIAN_PEPPER_ROOT;10330;11;10327;16;;;10341;11;10344;16;;;10335.5;26060.0
-2;335600;ASH_COATED_OSMIUM;9980;21;;;;;9998;15;10001;21;;;9989.0;7325.0
-2;335600;INTARIAN_PEPPER_ROOT;10330;10;10327;25;;;10337;10;10344;25;;;10333.5;25900.0
-2;335700;ASH_COATED_OSMIUM;9982;10;9980;24;;;9998;10;10001;24;;;9990.0;7264.0
-2;335700;INTARIAN_PEPPER_ROOT;10330;12;10327;23;;;10341;12;10344;23;;;10335.5;26060.0
-2;335800;ASH_COATED_OSMIUM;9982;10;9979;22;;;9998;10;10000;22;;;9990.0;7264.0
-2;335800;INTARIAN_PEPPER_ROOT;10330;10;10328;19;;;10341;10;10344;19;;;10335.5;26060.0
-2;335900;ASH_COATED_OSMIUM;9982;15;9979;24;;;9998;15;;;;;9990.0;7264.0
-2;335900;INTARIAN_PEPPER_ROOT;10330;12;10328;18;;;10342;12;;;;;10336.0;26100.0
-2;336000;ASH_COATED_OSMIUM;;;;;;;9998;15;10000;23;;;9998.0;6776.0
-2;336000;INTARIAN_PEPPER_ROOT;10328;25;;;;;10344;25;;;;;10336.0;26100.0
-2;336100;ASH_COATED_OSMIUM;9982;11;9980;23;;;9998;11;;;;;9990.0;7264.0
-2;336100;INTARIAN_PEPPER_ROOT;10328;18;;;;;10342;9;10344;18;;;10335.0;26020.0
-2;336200;ASH_COATED_OSMIUM;9979;22;;;;;9998;10;10000;22;;;9988.5;7355.5
-2;336200;INTARIAN_PEPPER_ROOT;10331;9;10328;23;;;10342;9;10344;23;;;10336.5;26140.0
-2;336300;ASH_COATED_OSMIUM;9980;26;;;;;9998;11;10001;26;;;9989.0;7325.0
-2;336300;INTARIAN_PEPPER_ROOT;10331;11;10328;22;;;10342;11;10345;22;;;10336.5;26140.0
-2;336400;ASH_COATED_OSMIUM;;;;;;;9999;10;10001;21;;;9999.0;6715.0
-2;336400;INTARIAN_PEPPER_ROOT;10331;10;;;;;10342;10;10345;16;;;10336.5;26140.0
-2;336500;ASH_COATED_OSMIUM;;;;;;;9999;13;10002;22;;;9999.0;6715.0
-2;336500;INTARIAN_PEPPER_ROOT;10328;16;;;;;10342;12;10345;16;;;10335.0;26020.0
-2;336600;ASH_COATED_OSMIUM;9983;10;9981;24;;;9999;10;10002;24;;;9991.0;7203.0
-2;336600;INTARIAN_PEPPER_ROOT;10331;11;10328;24;;;10342;11;10345;24;;;10336.5;26140.0
-2;336700;ASH_COATED_OSMIUM;9983;14;9981;22;;;9999;14;10002;22;;;9991.0;7203.0
-2;336700;INTARIAN_PEPPER_ROOT;10331;9;10328;24;;;10342;9;;;;;10336.5;26140.0
-2;336800;ASH_COATED_OSMIUM;9981;23;;;;;9993;2;10002;23;;;9987.0;7447.0
-2;336800;INTARIAN_PEPPER_ROOT;10331;8;10329;23;;;10342;8;10345;23;;;10336.5;26140.0
-2;336900;ASH_COATED_OSMIUM;9984;13;;;;;10003;26;;;;;9993.5;7050.5
-2;336900;INTARIAN_PEPPER_ROOT;10331;12;10329;19;;;10343;12;10345;19;;;10337.0;26180.0
-2;337000;ASH_COATED_OSMIUM;9984;10;9982;26;;;10000;10;;;;;9992.0;7142.0
-2;337000;INTARIAN_PEPPER_ROOT;10329;21;;;;;10343;11;10345;21;;;10336.0;26100.0
-2;337100;ASH_COATED_OSMIUM;9981;25;;;;;10000;14;10002;25;;;9990.5;7233.5
-2;337100;INTARIAN_PEPPER_ROOT;10329;24;;;;;10343;9;10345;24;;;10336.0;26100.0
-2;337200;ASH_COATED_OSMIUM;9984;10;9981;23;;;10000;10;10002;23;;;9992.0;7142.0
-2;337200;INTARIAN_PEPPER_ROOT;10329;15;;;;;10343;12;10345;15;;;10336.0;26100.0
-2;337300;ASH_COATED_OSMIUM;9983;11;9981;29;;;9999;11;10001;29;;;9991.0;7203.0
-2;337300;INTARIAN_PEPPER_ROOT;10332;8;10329;20;;;10343;8;;;;;10337.5;26220.0
-2;337400;ASH_COATED_OSMIUM;9981;28;;;;;9993;5;9999;11;10002;28;9987.0;7447.0
-2;337400;INTARIAN_PEPPER_ROOT;10332;10;10329;20;;;10343;10;10346;20;;;10337.5;26220.0
-2;337500;ASH_COATED_OSMIUM;9983;15;;;;;9999;15;10001;27;;;9991.0;7203.0
-2;337500;INTARIAN_PEPPER_ROOT;10332;8;10329;25;;;10346;25;;;;;10339.0;26340.0
-2;337600;ASH_COATED_OSMIUM;9983;11;9980;24;;;10001;24;;;;;9992.0;7142.0
-2;337600;INTARIAN_PEPPER_ROOT;10332;12;10329;18;;;10343;12;10346;18;;;10337.5;26220.0
-2;337700;ASH_COATED_OSMIUM;9983;13;;;;;9999;13;10001;30;;;9991.0;7203.0
-2;337700;INTARIAN_PEPPER_ROOT;10332;9;;;;;10343;9;10346;21;;;10337.5;26220.0
-2;337800;ASH_COATED_OSMIUM;9983;12;9980;26;;;10001;26;;;;;9992.0;7142.0
-2;337800;INTARIAN_PEPPER_ROOT;10340;7;10332;12;;;10343;12;10346;20;;;10341.5;26540.0
-2;337900;ASH_COATED_OSMIUM;;;;;;;10001;26;;;;;10001.0;6593.0
-2;337900;INTARIAN_PEPPER_ROOT;10332;9;10330;21;;;10344;9;10346;21;;;10338.0;26260.0
-2;338000;ASH_COATED_OSMIUM;9983;10;;;;;9999;10;10001;23;;;9991.0;7203.0
-2;338000;INTARIAN_PEPPER_ROOT;10332;8;;;;;10344;8;;;;;10338.0;26260.0
-2;338100;ASH_COATED_OSMIUM;9980;25;;;;;9999;14;10001;25;;;9989.5;7294.5
-2;338100;INTARIAN_PEPPER_ROOT;10330;23;;;;;;;;;;;10330.0;25620.0
-2;338200;ASH_COATED_OSMIUM;9983;15;9980;20;;;9999;15;10001;20;;;9991.0;7203.0
-2;338200;INTARIAN_PEPPER_ROOT;10333;11;10330;24;;;10344;11;10346;24;;;10338.5;26300.0
-2;338300;ASH_COATED_OSMIUM;9983;14;9980;20;;;9999;14;10001;20;;;9991.0;7203.0
-2;338300;INTARIAN_PEPPER_ROOT;10333;10;10330;24;;;10344;10;10347;24;;;10338.5;26300.0
-2;338400;ASH_COATED_OSMIUM;9983;14;9980;20;;;9999;14;;;;;9991.0;7203.0
-2;338400;INTARIAN_PEPPER_ROOT;10333;12;;;;;10344;12;10347;17;;;10338.5;26300.0
-2;338500;ASH_COATED_OSMIUM;9982;11;9980;21;;;10001;21;;;;;9991.5;7172.5
-2;338500;INTARIAN_PEPPER_ROOT;10333;8;10330;17;;;10344;8;10347;17;;;10338.5;26300.0
-2;338600;ASH_COATED_OSMIUM;9979;30;;;;;9998;14;10000;30;;;9988.5;7355.5
-2;338600;INTARIAN_PEPPER_ROOT;10333;12;10330;22;;;10344;12;10347;22;;;10338.5;26300.0
-2;338700;ASH_COATED_OSMIUM;9982;10;9979;20;;;10000;20;;;;;9991.0;7203.0
-2;338700;INTARIAN_PEPPER_ROOT;10333;9;10330;17;;;10344;9;10347;17;;;10338.5;26300.0
-2;338800;ASH_COATED_OSMIUM;9982;10;9979;24;;;9998;10;;;;;9990.0;7264.0
-2;338800;INTARIAN_PEPPER_ROOT;10331;16;;;;;10344;11;10347;16;;;10337.5;26220.0
-2;338900;ASH_COATED_OSMIUM;9982;15;9979;22;;;9998;15;;;;;9990.0;7264.0
-2;338900;INTARIAN_PEPPER_ROOT;10333;10;10331;22;;;10345;10;10347;22;;;10339.0;26340.0
-2;339000;ASH_COATED_OSMIUM;9979;25;;;;;9997;15;;;;;9988.0;7386.0
-2;339000;INTARIAN_PEPPER_ROOT;10333;12;10331;19;;;10345;12;10347;19;;;10339.0;26340.0
-2;339100;ASH_COATED_OSMIUM;9982;12;9979;21;;;9997;12;10000;21;;;9989.5;7294.5
-2;339100;INTARIAN_PEPPER_ROOT;10333;11;10331;17;;;10345;11;10347;17;;;10339.0;26340.0
-2;339200;ASH_COATED_OSMIUM;;;;;;;9998;12;;;;;9998.0;6776.0
-2;339200;INTARIAN_PEPPER_ROOT;10331;19;;;;;10345;12;10347;19;;;10338.0;26260.0
-2;339300;ASH_COATED_OSMIUM;9982;11;9980;22;;;10001;22;;;;;9991.5;7172.5
-2;339300;INTARIAN_PEPPER_ROOT;10334;10;10331;25;;;10345;10;10348;25;;;10339.5;26380.0
-2;339400;ASH_COATED_OSMIUM;9982;15;9980;25;;;9998;15;10001;25;;;9990.0;7264.0
-2;339400;INTARIAN_PEPPER_ROOT;10334;10;;;;;10336;3;10345;10;10348;16;10335.0;26020.0
-2;339500;ASH_COATED_OSMIUM;9982;11;9979;23;;;9998;11;;;;;9990.0;7264.0
-2;339500;INTARIAN_PEPPER_ROOT;10334;8;10331;21;;;10345;8;10348;21;;;10339.5;26380.0
-2;339600;ASH_COATED_OSMIUM;9982;13;;;;;9998;13;10000;28;;;9990.0;7264.0
-2;339600;INTARIAN_PEPPER_ROOT;10334;9;;;;;10345;9;10348;25;;;10339.5;26380.0
-2;339700;ASH_COATED_OSMIUM;9981;15;;;;;9997;15;10000;24;;;9989.0;7325.0
-2;339700;INTARIAN_PEPPER_ROOT;10334;9;10331;19;;;10345;9;10348;19;;;10339.5;26380.0
-2;339800;ASH_COATED_OSMIUM;;;;;;;9997;14;10000;21;;;9997.0;6837.0
-2;339800;INTARIAN_PEPPER_ROOT;10332;23;;;;;10345;12;10348;23;;;10338.5;26300.0
-2;339900;ASH_COATED_OSMIUM;9981;15;9979;20;;;9997;15;;;;;9989.0;7325.0
-2;339900;INTARIAN_PEPPER_ROOT;10334;9;10332;24;;;10348;24;;;;;10341.0;26500.0
-2;340000;ASH_COATED_OSMIUM;9981;13;9979;20;;;9997;13;10000;20;;;9989.0;7325.0
-2;340000;INTARIAN_PEPPER_ROOT;10334;9;;;;;10346;9;;;;;10340.0;26420.0
-2;340100;ASH_COATED_OSMIUM;9981;15;9979;22;;;9997;15;10000;22;;;9989.0;7325.0
-2;340100;INTARIAN_PEPPER_ROOT;10334;10;10332;24;;;10346;10;10348;24;;;10340.0;26420.0
-2;340200;ASH_COATED_OSMIUM;9979;23;;;;;10000;23;;;;;9989.5;7294.5
-2;340200;INTARIAN_PEPPER_ROOT;10335;12;10332;22;;;10348;22;;;;;10341.5;26540.0
-2;340300;ASH_COATED_OSMIUM;9982;11;9979;24;;;9998;11;10000;24;;;9990.0;7264.0
-2;340300;INTARIAN_PEPPER_ROOT;10335;8;10332;15;;;10346;8;10349;15;;;10340.5;26460.0
-2;340400;ASH_COATED_OSMIUM;9981;11;;;;;10000;21;;;;;9990.5;7233.5
-2;340400;INTARIAN_PEPPER_ROOT;10335;11;;;;;10346;11;10349;16;;;10340.5;26460.0
-2;340500;ASH_COATED_OSMIUM;9981;14;9979;24;;;9997;14;10000;24;;;9989.0;7325.0
-2;340500;INTARIAN_PEPPER_ROOT;;;;;;;10349;18;;;;;10349.0;27140.0
-2;340600;ASH_COATED_OSMIUM;9981;11;9978;24;;;9997;11;9999;24;;;9989.0;7325.0
-2;340600;INTARIAN_PEPPER_ROOT;10335;8;;;;;10346;8;10349;17;;;10340.5;26460.0
-2;340700;ASH_COATED_OSMIUM;9981;11;9978;30;;;9997;11;9999;30;;;9989.0;7325.0
-2;340700;INTARIAN_PEPPER_ROOT;;;;;;;10346;9;10349;25;;;10346.0;26900.0
-2;340800;ASH_COATED_OSMIUM;9981;14;;;;;9997;14;10000;20;;;9989.0;7325.0
-2;340800;INTARIAN_PEPPER_ROOT;10333;16;;;;;10346;10;10349;16;;;10339.5;26380.0
-2;340900;ASH_COATED_OSMIUM;9981;15;9979;23;;;9997;15;10000;23;;;9989.0;7325.0
-2;340900;INTARIAN_PEPPER_ROOT;10335;10;;;;;10349;17;;;;;10342.0;26580.0
-2;341000;ASH_COATED_OSMIUM;9981;12;9979;27;;;9997;12;10000;27;;;9989.0;7325.0
-2;341000;INTARIAN_PEPPER_ROOT;10333;15;;;;;10347;11;10349;15;;;10340.0;26420.0
-2;341100;ASH_COATED_OSMIUM;9981;11;9979;28;;;9997;11;10000;28;;;9989.0;7325.0
-2;341100;INTARIAN_PEPPER_ROOT;10335;11;10333;20;;;10347;11;10349;20;;;10341.0;26500.0
-2;341200;ASH_COATED_OSMIUM;9981;15;9979;30;;;10000;30;;;;;9990.5;7233.5
-2;341200;INTARIAN_PEPPER_ROOT;10336;11;10333;19;;;10347;11;10349;19;;;10341.5;26540.0
-2;341300;ASH_COATED_OSMIUM;9981;13;;;;;9997;13;10000;22;;;9989.0;7325.0
-2;341300;INTARIAN_PEPPER_ROOT;10336;12;10333;21;;;10347;12;10350;21;;;10341.5;26540.0
-2;341400;ASH_COATED_OSMIUM;9981;12;9979;29;;;9997;12;10000;29;;;9989.0;7325.0
-2;341400;INTARIAN_PEPPER_ROOT;10336;10;10333;17;;;10347;10;;;;;10341.5;26540.0
-2;341500;ASH_COATED_OSMIUM;9981;12;;;;;9999;29;;;;;9990.0;7264.0
-2;341500;INTARIAN_PEPPER_ROOT;;;;;;;10347;9;10350;19;;;10347.0;26980.0
-2;341600;ASH_COATED_OSMIUM;9978;21;;;;;9997;13;9999;21;;;9987.5;7416.5
-2;341600;INTARIAN_PEPPER_ROOT;10336;12;;;;;10350;23;;;;;10343.0;26660.0
-2;341700;ASH_COATED_OSMIUM;9981;15;9978;30;;;9999;30;;;;;9990.0;7264.0
-2;341700;INTARIAN_PEPPER_ROOT;10336;12;10333;19;;;10347;12;10350;19;;;10341.5;26540.0
-2;341800;ASH_COATED_OSMIUM;9981;13;9978;26;;;9997;13;;;;;9989.0;7325.0
-2;341800;INTARIAN_PEPPER_ROOT;10336;11;10334;19;;;10350;19;;;;;10343.0;26660.0
-2;341900;ASH_COATED_OSMIUM;9981;12;9978;30;;;9997;12;9999;30;;;9989.0;7325.0
-2;341900;INTARIAN_PEPPER_ROOT;10336;8;10334;25;;;10348;8;10350;25;;;10342.0;26580.0
-2;342000;ASH_COATED_OSMIUM;9981;12;9978;27;;;9997;12;9999;27;;;9989.0;7325.0
-2;342000;INTARIAN_PEPPER_ROOT;10336;9;;;;;10350;20;;;;;10343.0;26660.0
-2;342100;ASH_COATED_OSMIUM;9981;11;9978;22;;;9997;11;9999;22;;;9989.0;7325.0
-2;342100;INTARIAN_PEPPER_ROOT;10334;20;;;;;;;;;;;10334.0;25940.0
-2;342200;ASH_COATED_OSMIUM;9978;28;;;;;9997;13;;;;;9987.5;7416.5
-2;342200;INTARIAN_PEPPER_ROOT;10337;11;10334;21;;;10350;21;;;;;10343.5;26700.0
-2;342300;ASH_COATED_OSMIUM;9980;15;9978;28;;;9996;15;9999;28;;;9988.0;7386.0
-2;342300;INTARIAN_PEPPER_ROOT;10337;12;;;;;10348;12;;;;;10342.5;26620.0
-2;342400;ASH_COATED_OSMIUM;9981;12;9978;30;;;9990;2;9997;12;9999;30;9985.5;7538.5
-2;342400;INTARIAN_PEPPER_ROOT;10337;8;10334;24;;;10348;8;10351;24;;;10342.5;26620.0
-2;342500;ASH_COATED_OSMIUM;9981;12;9979;30;;;9997;12;10000;30;;;9989.0;7325.0
-2;342500;INTARIAN_PEPPER_ROOT;10334;20;;;;;10348;8;;;;;10341.0;26500.0
-2;342600;ASH_COATED_OSMIUM;9982;14;9979;20;;;9998;14;;;;;9990.0;7264.0
-2;342600;INTARIAN_PEPPER_ROOT;10337;8;10334;18;;;10348;8;10351;18;;;10342.5;26620.0
-2;342700;ASH_COATED_OSMIUM;9982;15;9979;28;;;9998;15;;;;;9990.0;7264.0
-2;342700;INTARIAN_PEPPER_ROOT;10337;12;10334;18;;;10339;4;10348;12;;;10338.0;26260.0
-2;342800;ASH_COATED_OSMIUM;9981;14;9979;26;;;9997;14;;;;;9989.0;7325.0
-2;342800;INTARIAN_PEPPER_ROOT;10337;10;10335;21;;;10348;10;10351;21;;;10342.5;26620.0
-2;342900;ASH_COATED_OSMIUM;9982;10;9979;20;;;9998;10;10000;20;;;9990.0;7264.0
-2;342900;INTARIAN_PEPPER_ROOT;10335;16;;;;;10344;5;10349;9;;;10339.5;26380.0
-2;343000;ASH_COATED_OSMIUM;9982;12;;;;;9998;12;;;;;9990.0;7264.0
-2;343000;INTARIAN_PEPPER_ROOT;10335;16;;;;;10349;11;;;;;10342.0;26580.0
-2;343100;ASH_COATED_OSMIUM;9979;22;;;;;9997;11;;;;;9988.0;7386.0
-2;343100;INTARIAN_PEPPER_ROOT;10337;11;;;;;10349;11;10351;24;;;10343.0;26660.0
-2;343200;ASH_COATED_OSMIUM;9981;14;9979;26;;;9997;14;10000;26;;;9989.0;7325.0
-2;343200;INTARIAN_PEPPER_ROOT;10335;18;;;;;10349;11;10351;18;;;10342.0;26580.0
-2;343300;ASH_COATED_OSMIUM;9987;5;9979;29;;;;;;;;;9987.0;7447.0
-2;343300;INTARIAN_PEPPER_ROOT;10338;11;10335;22;;;10349;11;10352;22;;;10343.5;26700.0
-2;343400;ASH_COATED_OSMIUM;9981;10;9978;27;;;9997;10;9999;27;;;9989.0;7325.0
-2;343400;INTARIAN_PEPPER_ROOT;;;;;;;10349;12;10352;15;;;10349.0;27140.0
-2;343500;ASH_COATED_OSMIUM;9981;15;9979;20;;;9997;15;10000;20;;;9989.0;7325.0
-2;343500;INTARIAN_PEPPER_ROOT;10338;10;10335;17;;;10349;10;10352;17;;;10343.5;26700.0
-2;343600;ASH_COATED_OSMIUM;9982;11;;;;;9998;11;;;;;9990.0;7264.0
-2;343600;INTARIAN_PEPPER_ROOT;10338;10;10335;17;;;10349;10;10352;17;;;10343.5;26700.0
-2;343700;ASH_COATED_OSMIUM;9982;14;9980;21;;;9998;14;10001;21;;;9990.0;7264.0
-2;343700;INTARIAN_PEPPER_ROOT;10338;9;10335;24;;;10349;9;;;;;10343.5;26700.0
-2;343800;ASH_COATED_OSMIUM;9982;12;9980;29;;;9998;12;;;;;9990.0;7264.0
-2;343800;INTARIAN_PEPPER_ROOT;10338;12;10336;15;;;10349;12;10352;15;;;10343.5;26700.0
-2;343900;ASH_COATED_OSMIUM;9982;12;9979;24;;;;;;;;;9982.0;7752.0
-2;343900;INTARIAN_PEPPER_ROOT;10338;8;10336;23;;;10350;8;10352;23;;;10344.0;26740.0
-2;344000;ASH_COATED_OSMIUM;9982;10;9980;26;;;;;;;;;9982.0;7752.0
-2;344000;INTARIAN_PEPPER_ROOT;10338;11;10336;17;;;10350;11;;;;;10344.0;26740.0
-2;344100;ASH_COATED_OSMIUM;9982;10;9979;21;;;9998;10;10000;21;;;9990.0;7264.0
-2;344100;INTARIAN_PEPPER_ROOT;10336;18;;;;;10350;10;;;;;10343.0;26660.0
-2;344200;ASH_COATED_OSMIUM;9982;15;;;;;9998;15;10000;20;;;9990.0;7264.0
-2;344200;INTARIAN_PEPPER_ROOT;10339;10;10336;19;;;10350;10;10352;19;;;10344.5;26780.0
-2;344300;ASH_COATED_OSMIUM;9982;11;9979;23;;;9998;11;;;;;9990.0;7264.0
-2;344300;INTARIAN_PEPPER_ROOT;10336;25;;;;;10350;11;10353;25;;;10343.0;26660.0
-2;344400;ASH_COATED_OSMIUM;9982;12;9979;27;;;9998;12;10000;27;;;9990.0;7264.0
-2;344400;INTARIAN_PEPPER_ROOT;10339;9;10336;21;;;10350;9;10353;21;;;10344.5;26780.0
-2;344500;ASH_COATED_OSMIUM;9982;13;;;;;10001;30;;;;;9991.5;7172.5
-2;344500;INTARIAN_PEPPER_ROOT;10339;10;10336;18;;;10341;8;10350;10;10353;18;10340.0;26420.0
-2;344600;ASH_COATED_OSMIUM;9979;28;;;;;9998;12;10000;28;;;9988.5;7355.5
-2;344600;INTARIAN_PEPPER_ROOT;10339;10;10336;24;;;10350;10;;;;;10344.5;26780.0
-2;344700;ASH_COATED_OSMIUM;9982;12;9979;27;;;9998;12;10000;27;;;9990.0;7264.0
-2;344700;INTARIAN_PEPPER_ROOT;10336;17;;;;;10350;11;10353;17;;;10343.0;26660.0
-2;344800;ASH_COATED_OSMIUM;9982;11;9980;28;;;9998;11;10001;28;;;9990.0;7264.0
-2;344800;INTARIAN_PEPPER_ROOT;10339;8;10337;23;;;10350;8;10353;23;;;10344.5;26780.0
-2;344900;ASH_COATED_OSMIUM;9980;30;;;;;9998;13;10001;30;;;9989.0;7325.0
-2;344900;INTARIAN_PEPPER_ROOT;10339;8;10337;24;;;10351;8;10353;24;;;10345.0;26820.0
-2;345000;ASH_COATED_OSMIUM;9982;15;9979;22;;;9998;15;10000;22;;;9990.0;7264.0
-2;345000;INTARIAN_PEPPER_ROOT;10339;9;10337;15;;;10351;9;10353;15;;;10345.0;26820.0
-2;345100;ASH_COATED_OSMIUM;9979;24;;;;;9998;12;10000;24;;;9988.5;7355.5
-2;345100;INTARIAN_PEPPER_ROOT;10339;9;;;;;10351;9;10353;21;;;10345.0;26820.0
-2;345200;ASH_COATED_OSMIUM;9981;15;9979;26;;;;;;;;;9981.0;7813.0
-2;345200;INTARIAN_PEPPER_ROOT;10340;10;10337;25;;;10353;25;;;;;10346.5;26940.0
-2;345300;ASH_COATED_OSMIUM;9982;15;9979;23;;;10000;23;;;;;9991.0;7203.0
-2;345300;INTARIAN_PEPPER_ROOT;10340;11;;;;;10351;11;10354;16;;;10345.5;26860.0
-2;345400;ASH_COATED_OSMIUM;9982;10;9980;24;;;10000;24;;;;;9991.0;7203.0
-2;345400;INTARIAN_PEPPER_ROOT;10340;12;10337;20;;;10351;12;10354;20;;;10345.5;26860.0
-2;345500;ASH_COATED_OSMIUM;9982;12;9980;29;;;9998;12;10001;29;;;9990.0;7264.0
-2;345500;INTARIAN_PEPPER_ROOT;10340;12;10337;17;;;10354;17;;;;;10347.0;26980.0
-2;345600;ASH_COATED_OSMIUM;9982;13;9980;26;;;10001;26;;;;;9991.5;7172.5
-2;345600;INTARIAN_PEPPER_ROOT;10340;9;;;;;10351;9;10354;22;;;10345.5;26860.0
-2;345700;ASH_COATED_OSMIUM;9980;26;;;;;9999;12;10001;26;;;9989.5;7294.5
-2;345700;INTARIAN_PEPPER_ROOT;10340;10;10337;21;;;10351;10;;;;;10345.5;26860.0
-2;345800;ASH_COATED_OSMIUM;9982;11;9980;24;;;9998;11;10001;24;;;9990.0;7264.0
-2;345800;INTARIAN_PEPPER_ROOT;10340;12;;;;;10351;12;10354;23;;;10345.5;26860.0
-2;345900;ASH_COATED_OSMIUM;9982;15;9979;20;;;10000;20;;;;;9991.0;7203.0
-2;345900;INTARIAN_PEPPER_ROOT;10340;9;10338;23;;;10352;9;10354;23;;;10346.0;26900.0
-2;346000;ASH_COATED_OSMIUM;9982;10;;;;;9998;10;;;;;9990.0;7264.0
-2;346000;INTARIAN_PEPPER_ROOT;10340;12;;;;;10352;12;10354;19;;;10346.0;26900.0
-2;346100;ASH_COATED_OSMIUM;9982;10;9980;22;;;9998;10;10001;22;;;9990.0;7264.0
-2;346100;INTARIAN_PEPPER_ROOT;10338;24;;;;;10352;8;10354;24;;;10345.0;26820.0
-2;346200;ASH_COATED_OSMIUM;9982;11;9980;29;;;9998;11;10001;29;;;9990.0;7264.0
-2;346200;INTARIAN_PEPPER_ROOT;10349;8;10341;12;10338;19;10352;12;10354;19;;;10350.5;27260.0
-2;346300;ASH_COATED_OSMIUM;9982;14;9980;30;;;9992;3;9998;14;10001;30;9987.0;7447.0
-2;346300;INTARIAN_PEPPER_ROOT;10341;12;10338;21;;;10352;12;10355;21;;;10346.5;26940.0
-2;346400;ASH_COATED_OSMIUM;9979;26;;;;;9998;10;10000;26;;;9988.5;7355.5
-2;346400;INTARIAN_PEPPER_ROOT;10341;8;;;;;10352;8;10355;18;;;10346.5;26940.0
-2;346500;ASH_COATED_OSMIUM;9982;11;9980;28;;;9998;11;10000;28;;;9990.0;7264.0
-2;346500;INTARIAN_PEPPER_ROOT;10341;11;10338;19;;;10352;11;;;;;10346.5;26940.0
-2;346600;ASH_COATED_OSMIUM;9980;20;;;;;9998;13;10001;20;;;9989.0;7325.0
-2;346600;INTARIAN_PEPPER_ROOT;;;;;;;10352;12;10355;19;;;10352.0;27380.0
-2;346700;ASH_COATED_OSMIUM;9979;21;;;;;9998;13;;;;;9988.5;7381.0
-2;346700;INTARIAN_PEPPER_ROOT;10338;17;;;;;10352;10;10355;17;;;10345.0;26820.0
-2;346800;ASH_COATED_OSMIUM;9982;13;9979;27;;;9998;13;;;;;9990.0;7294.0
-2;346800;INTARIAN_PEPPER_ROOT;10341;12;10339;15;;;10352;12;10355;15;;;10346.5;26940.0
-2;346900;ASH_COATED_OSMIUM;9982;11;9979;23;;;9998;11;;;;;9990.0;7294.0
-2;346900;INTARIAN_PEPPER_ROOT;10341;8;;;;;10353;8;;;;;10347.0;26980.0
-2;347000;ASH_COATED_OSMIUM;9982;14;;;;;9998;14;10000;24;;;9990.0;7294.0
-2;347000;INTARIAN_PEPPER_ROOT;10341;11;10339;18;;;10355;18;;;;;10348.0;27060.0
-2;347100;ASH_COATED_OSMIUM;9982;13;9979;30;;;9998;13;10000;30;;;9990.0;7294.0
-2;347100;INTARIAN_PEPPER_ROOT;10341;8;10339;22;;;10355;22;;;;;10348.0;27060.0
-2;347200;ASH_COATED_OSMIUM;9988;4;9982;15;9980;26;9998;15;10001;26;;;9993.0;7120.0
-2;347200;INTARIAN_PEPPER_ROOT;10342;12;10339;21;;;10353;12;;;;;10347.5;27020.0
-2;347300;ASH_COATED_OSMIUM;9982;11;;;;;9998;11;10000;22;;;9990.0;7294.0
-2;347300;INTARIAN_PEPPER_ROOT;10339;16;;;;;10353;9;10356;16;;;10346.0;26900.0
-2;347400;ASH_COATED_OSMIUM;9979;26;;;;;10000;26;;;;;9989.5;7323.0
-2;347400;INTARIAN_PEPPER_ROOT;10342;8;10339;25;;;10356;25;;;;;10349.0;27140.0
-2;347500;ASH_COATED_OSMIUM;9982;15;9980;23;;;9998;15;10001;23;;;9990.0;7294.0
-2;347500;INTARIAN_PEPPER_ROOT;10342;12;10339;22;;;10353;12;;;;;10347.5;27020.0
-2;347600;ASH_COATED_OSMIUM;9982;13;;;;;10001;22;;;;;9991.5;7207.0
-2;347600;INTARIAN_PEPPER_ROOT;10342;8;;;;;10356;15;;;;;10349.0;27140.0
-2;347700;ASH_COATED_OSMIUM;9980;24;;;;;9998;10;10001;24;;;9989.0;7352.0
-2;347700;INTARIAN_PEPPER_ROOT;10342;12;;;;;10353;12;10356;22;;;10347.5;27020.0
-2;347800;ASH_COATED_OSMIUM;9982;12;9980;22;;;9998;12;10001;22;;;9990.0;7294.0
-2;347800;INTARIAN_PEPPER_ROOT;10342;8;;;;;10356;23;;;;;10349.0;27140.0
-2;347900;ASH_COATED_OSMIUM;9982;15;9979;26;;;10000;26;;;;;9991.0;7236.0
-2;347900;INTARIAN_PEPPER_ROOT;10342;12;;;;;10354;12;10356;23;;;10348.0;27060.0
-2;348000;ASH_COATED_OSMIUM;9982;14;;;;;9998;14;;;;;9990.0;7294.0
-2;348000;INTARIAN_PEPPER_ROOT;10351;4;10342;8;;;10354;8;10356;18;;;10352.5;27420.0
-2;348100;ASH_COATED_OSMIUM;9979;21;;;;;10000;21;;;;;9989.5;7323.0
-2;348100;INTARIAN_PEPPER_ROOT;10342;10;10340;22;;;10354;10;10356;22;;;10348.0;27060.0
-2;348200;ASH_COATED_OSMIUM;9979;21;;;;;9997;12;10000;21;;;9988.0;7410.0
-2;348200;INTARIAN_PEPPER_ROOT;10343;12;10340;17;;;10354;12;10356;17;;;10348.5;27100.0
-2;348300;ASH_COATED_OSMIUM;9990;9;;;;;;;;;;;9990.0;7294.0
-2;348300;INTARIAN_PEPPER_ROOT;10343;11;10340;20;;;10354;11;10357;20;;;10348.5;27100.0
-2;348400;ASH_COATED_OSMIUM;9978;27;;;;;9996;12;9999;27;;;9987.0;7495.0
-2;348400;INTARIAN_PEPPER_ROOT;10343;11;10340;25;;;10354;11;10357;25;;;10348.5;27100.0
-2;348500;ASH_COATED_OSMIUM;9980;13;9978;25;;;9996;13;9999;25;;;9988.0;7428.0
-2;348500;INTARIAN_PEPPER_ROOT;;;;;;;10354;12;10357;25;;;10354.0;27540.0
-2;348600;ASH_COATED_OSMIUM;9978;30;;;;;9996;12;9999;30;;;9987.0;7495.0
-2;348600;INTARIAN_PEPPER_ROOT;;;;;;;10357;17;;;;;10357.0;27780.0
-2;348700;ASH_COATED_OSMIUM;9981;11;9978;26;;;9997;11;9999;26;;;9989.0;7361.0
-2;348700;INTARIAN_PEPPER_ROOT;10343;8;10340;20;;;10354;8;10357;20;;;10348.5;27100.0
-2;348800;ASH_COATED_OSMIUM;9980;15;9978;20;;;9999;20;;;;;9989.5;7327.5
-2;348800;INTARIAN_PEPPER_ROOT;10343;9;10341;21;;;10354;9;10357;21;;;10348.5;27100.0
-2;348900;ASH_COATED_OSMIUM;9978;27;;;;;9996;13;;;;;9987.0;7495.0
-2;348900;INTARIAN_PEPPER_ROOT;10341;19;;;;;10355;11;10357;19;;;10348.0;27060.0
-2;349000;ASH_COATED_OSMIUM;9978;30;;;;;9996;15;9999;30;;;9987.0;7495.0
-2;349000;INTARIAN_PEPPER_ROOT;10343;8;;;;;10355;8;10357;19;;;10349.0;27140.0
-2;349100;ASH_COATED_OSMIUM;9981;13;9979;28;;;9997;13;10000;28;;;9989.0;7361.0
-2;349100;INTARIAN_PEPPER_ROOT;10343;10;10341;18;;;10357;18;;;;;10350.0;27220.0
-2;349200;ASH_COATED_OSMIUM;9982;10;;;;;9997;10;10000;29;;;9989.5;7327.5
-2;349200;INTARIAN_PEPPER_ROOT;10344;9;10341;23;;;10357;23;;;;;10350.5;27260.0
-2;349300;ASH_COATED_OSMIUM;9982;15;;;;;10001;28;;;;;9991.5;7193.5
-2;349300;INTARIAN_PEPPER_ROOT;10344;8;;;;;10355;8;10358;22;;;10349.5;27180.0
-2;349400;ASH_COATED_OSMIUM;9982;13;9980;22;;;9992;2;10001;22;;;9987.0;7495.0
-2;349400;INTARIAN_PEPPER_ROOT;10344;12;10341;25;;;10355;12;;;;;10349.5;27180.0
-2;349500;ASH_COATED_OSMIUM;9980;30;;;;;9999;11;10001;30;;;9989.5;7378.5
-2;349500;INTARIAN_PEPPER_ROOT;10344;11;10341;15;;;10355;11;10358;15;;;10349.5;27180.0
-2;349600;ASH_COATED_OSMIUM;9983;15;9980;20;;;9999;15;;;;;9991.0;7269.0
-2;349600;INTARIAN_PEPPER_ROOT;10344;10;10341;19;;;10355;10;10358;19;;;10349.5;27180.0
-2;349700;ASH_COATED_OSMIUM;9983;13;9980;20;;;10001;20;;;;;9992.0;7196.0
-2;349700;INTARIAN_PEPPER_ROOT;10344;8;10341;19;;;10355;8;10358;19;;;10349.5;27180.0
-2;349800;ASH_COATED_OSMIUM;9980;23;;;;;9998;11;10001;23;;;9989.0;7415.0
-2;349800;INTARIAN_PEPPER_ROOT;10342;20;;;;;10355;8;;;;;10348.5;27100.0
-2;349900;ASH_COATED_OSMIUM;9983;11;9980;20;;;10001;20;;;;;9992.0;7196.0
-2;349900;INTARIAN_PEPPER_ROOT;10344;10;10342;19;;;10356;10;;;;;10350.0;27220.0
-2;350000;ASH_COATED_OSMIUM;9983;14;9980;30;;;9999;14;10001;30;;;9991.0;7269.0
-2;350000;INTARIAN_PEPPER_ROOT;10344;9;10342;22;;;10356;9;;;;;10350.0;27220.0
-2;350100;ASH_COATED_OSMIUM;9983;15;;;;;9999;15;10001;25;;;9991.0;7269.0
-2;350100;INTARIAN_PEPPER_ROOT;10342;20;;;;;10356;10;;;;;10349.0;27140.0
-2;350200;ASH_COATED_OSMIUM;9983;15;;;;;9999;15;10002;25;;;9991.0;7269.0
-2;350200;INTARIAN_PEPPER_ROOT;10345;8;10342;21;;;10356;8;10358;21;;;10350.5;27260.0
-2;350300;ASH_COATED_OSMIUM;9984;12;9981;27;;;10002;27;;;;;9993.0;7123.0
-2;350300;INTARIAN_PEPPER_ROOT;10345;11;10342;16;;;10356;11;10359;16;;;10350.5;27260.0
-2;350400;ASH_COATED_OSMIUM;9984;11;;;;;10000;11;10002;22;;;9992.0;7196.0
-2;350400;INTARIAN_PEPPER_ROOT;10345;9;10342;23;;;10356;9;10359;23;;;10350.5;27260.0
-2;350500;ASH_COATED_OSMIUM;9989;4;9984;10;9981;24;10000;10;10002;24;;;9994.5;7013.5
-2;350500;INTARIAN_PEPPER_ROOT;10345;10;10342;19;;;10359;19;;;;;10352.0;27380.0
-2;350600;ASH_COATED_OSMIUM;9984;13;9982;22;;;10002;22;;;;;9993.0;7123.0
-2;350600;INTARIAN_PEPPER_ROOT;10342;17;;;;;10356;8;;;;;10349.0;27140.0
-2;350700;ASH_COATED_OSMIUM;9984;10;9981;26;;;10000;10;10002;26;;;9992.0;7196.0
-2;350700;INTARIAN_PEPPER_ROOT;10345;10;;;;;10356;10;10359;15;;;10350.5;27260.0
-2;350800;ASH_COATED_OSMIUM;9984;15;9982;20;;;10000;15;10003;20;;;9992.0;7196.0
-2;350800;INTARIAN_PEPPER_ROOT;10345;8;10343;15;;;10356;8;10359;15;;;10350.5;27260.0
-2;350900;ASH_COATED_OSMIUM;9994;9;9985;15;9982;20;10001;15;10003;20;;;9997.5;6770.0
-2;350900;INTARIAN_PEPPER_ROOT;10345;12;10343;17;;;10357;12;10359;17;;;10351.0;27300.0
-2;351000;ASH_COATED_OSMIUM;9985;11;9983;29;;;10001;11;10004;29;;;9993.0;7130.0
-2;351000;INTARIAN_PEPPER_ROOT;10345;11;10343;24;;;10357;11;10359;24;;;10351.0;27300.0
-2;351100;ASH_COATED_OSMIUM;9986;10;9983;28;;;10002;10;10004;28;;;9994.0;7050.0
-2;351100;INTARIAN_PEPPER_ROOT;;;;;;;10357;10;;;;;10357.0;27780.0
-2;351200;ASH_COATED_OSMIUM;9986;13;9983;24;;;10002;13;;;;;9994.0;7050.0
-2;351200;INTARIAN_PEPPER_ROOT;10346;12;10343;16;;;10357;12;10359;16;;;10351.5;27340.0
-2;351300;ASH_COATED_OSMIUM;9986;11;9983;28;;;10002;11;10004;28;;;9994.0;7050.0
-2;351300;INTARIAN_PEPPER_ROOT;10346;9;;;;;10360;24;;;;;10353.0;27460.0
-2;351400;ASH_COATED_OSMIUM;9984;21;;;;;10002;10;;;;;9993.0;7130.0
-2;351400;INTARIAN_PEPPER_ROOT;10346;9;10343;18;;;10357;9;;;;;10351.5;27340.0
-2;351500;ASH_COATED_OSMIUM;9986;15;9983;24;;;10002;15;10004;24;;;9994.0;7050.0
-2;351500;INTARIAN_PEPPER_ROOT;10346;12;10343;23;;;10360;23;;;;;10353.0;27460.0
-2;351600;ASH_COATED_OSMIUM;9986;13;9984;24;;;10005;24;;;;;9995.5;6930.0
-2;351600;INTARIAN_PEPPER_ROOT;10346;10;;;;;10357;10;10360;17;;;10351.5;27340.0
-2;351700;ASH_COATED_OSMIUM;9987;11;9985;29;;;10003;11;;;;;9995.0;6970.0
-2;351700;INTARIAN_PEPPER_ROOT;10346;10;10343;21;;;10357;10;10360;21;;;10351.5;27340.0
-2;351800;ASH_COATED_OSMIUM;9987;13;9985;21;;;10003;13;10006;21;;;9995.0;6970.0
-2;351800;INTARIAN_PEPPER_ROOT;10346;11;10344;20;;;10357;11;10360;20;;;10351.5;27340.0
-2;351900;ASH_COATED_OSMIUM;9987;13;9984;21;;;10003;13;;;;;9995.0;6970.0
-2;351900;INTARIAN_PEPPER_ROOT;10346;12;;;;;10360;17;;;;;10353.0;27460.0
-2;352000;ASH_COATED_OSMIUM;9987;14;9985;22;;;10003;14;10006;22;;;9995.0;6970.0
-2;352000;INTARIAN_PEPPER_ROOT;10355;8;10346;9;;;10358;9;10360;20;;;10356.5;27740.0
-2;352100;ASH_COATED_OSMIUM;9987;13;9984;30;;;10003;13;10005;30;;;9995.0;6970.0
-2;352100;INTARIAN_PEPPER_ROOT;10346;8;10344;25;;;10358;8;;;;;10352.0;27380.0
-2;352200;ASH_COATED_OSMIUM;9987;11;9985;29;;;10003;11;10006;29;;;9995.0;6970.0
-2;352200;INTARIAN_PEPPER_ROOT;10347;12;10344;23;;;10360;23;;;;;10353.5;27500.0
-2;352300;ASH_COATED_OSMIUM;9988;14;9985;30;;;10004;14;;;;;9996.0;6890.0
-2;352300;INTARIAN_PEPPER_ROOT;10347;10;10344;22;;;10361;22;;;;;10354.0;27540.0
-2;352400;ASH_COATED_OSMIUM;9988;13;9985;29;;;10004;13;10006;29;;;9996.0;6890.0
-2;352400;INTARIAN_PEPPER_ROOT;10347;9;;;;;10358;9;10361;25;;;10352.5;27420.0
-2;352500;ASH_COATED_OSMIUM;9993;4;9988;10;9986;25;10004;10;10006;25;;;9998.5;6690.0
-2;352500;INTARIAN_PEPPER_ROOT;10347;10;10344;22;;;10358;10;10361;22;;;10352.5;27420.0
-2;352600;ASH_COATED_OSMIUM;9988;14;9986;20;;;;;;;;;9988.0;7530.0
-2;352600;INTARIAN_PEPPER_ROOT;10347;11;10344;16;;;10358;11;;;;;10352.5;27420.0
-2;352700;ASH_COATED_OSMIUM;9986;27;;;;;10004;15;;;;;9995.0;6970.0
-2;352700;INTARIAN_PEPPER_ROOT;10347;10;10344;20;;;;;;;;;10347.0;26980.0
-2;352800;ASH_COATED_OSMIUM;9987;14;9985;28;;;;;;;;;9987.0;7610.0
-2;352800;INTARIAN_PEPPER_ROOT;10347;10;10345;18;;;10358;10;;;;;10352.5;27420.0
-2;352900;ASH_COATED_OSMIUM;9985;23;;;;;;;;;;;9985.0;7770.0
-2;352900;INTARIAN_PEPPER_ROOT;10347;11;10345;22;;;10359;11;10361;22;;;10353.0;27460.0
-2;353000;ASH_COATED_OSMIUM;9987;13;9985;26;;;10003;13;10006;26;;;9995.0;6970.0
-2;353000;INTARIAN_PEPPER_ROOT;10347;11;10345;23;;;10359;11;10361;23;;;10353.0;27460.0
-2;353100;ASH_COATED_OSMIUM;9988;15;;;;;10006;25;;;;;9997.0;6810.0
-2;353100;INTARIAN_PEPPER_ROOT;10345;19;;;;;10359;8;;;;;10352.0;27380.0
-2;353200;ASH_COATED_OSMIUM;9988;13;9985;27;;;10004;13;10006;27;;;9996.0;6890.0
-2;353200;INTARIAN_PEPPER_ROOT;10348;10;;;;;10359;10;10361;23;;;10353.5;27500.0
-2;353300;ASH_COATED_OSMIUM;9987;14;9985;29;;;10006;29;;;;;9996.5;6850.0
-2;353300;INTARIAN_PEPPER_ROOT;10348;8;;;;;10359;8;10362;18;;;10353.5;27500.0
-2;353400;ASH_COATED_OSMIUM;9987;11;9985;23;;;10003;11;10006;23;;;9995.0;6970.0
-2;353400;INTARIAN_PEPPER_ROOT;10348;9;10345;16;;;10359;9;;;;;10353.5;27500.0
-2;353500;ASH_COATED_OSMIUM;9984;24;;;;;10003;13;10005;24;;;9993.5;7090.0
-2;353500;INTARIAN_PEPPER_ROOT;10348;11;10345;22;;;10359;11;;;;;10353.5;27500.0
-2;353600;ASH_COATED_OSMIUM;9987;14;;;;;10003;14;10005;26;;;9995.0;6970.0
-2;353600;INTARIAN_PEPPER_ROOT;10345;20;;;;;10359;8;10362;20;;;10352.0;27380.0
-2;353700;ASH_COATED_OSMIUM;9986;12;9984;25;;;10005;25;;;;;9995.5;6930.0
-2;353700;INTARIAN_PEPPER_ROOT;10348;12;10345;16;;;10359;12;10362;16;;;10353.5;27500.0
-2;353800;ASH_COATED_OSMIUM;9986;15;9984;22;;;10002;15;10005;22;;;9994.0;7050.0
-2;353800;INTARIAN_PEPPER_ROOT;10348;8;10346;24;;;10359;8;10362;24;;;10353.5;27500.0
-2;353900;ASH_COATED_OSMIUM;9987;11;9984;28;;;10003;11;10005;28;;;9995.0;6970.0
-2;353900;INTARIAN_PEPPER_ROOT;10348;11;10346;23;;;10362;23;;;;;10355.0;27620.0
-2;354000;ASH_COATED_OSMIUM;9987;12;9984;22;;;10003;12;10005;22;;;9995.0;6970.0
-2;354000;INTARIAN_PEPPER_ROOT;10348;9;;;;;10360;9;10362;15;;;10354.0;27540.0
-2;354100;ASH_COATED_OSMIUM;9986;10;9984;30;;;10005;30;;;;;9995.5;6930.0
-2;354100;INTARIAN_PEPPER_ROOT;10348;8;10346;15;;;10362;15;;;;;10355.0;27620.0
-2;354200;ASH_COATED_OSMIUM;9986;12;9984;21;;;10002;12;10005;21;;;9994.0;7092.0
-2;354200;INTARIAN_PEPPER_ROOT;10349;12;10346;15;;;10360;12;10362;15;;;10354.5;27580.0
-2;354300;ASH_COATED_OSMIUM;9986;10;9984;26;;;10002;10;10005;26;;;9994.0;7092.0
-2;354300;INTARIAN_PEPPER_ROOT;10349;12;;;;;;;;;;;10349.0;27140.0
-2;354400;ASH_COATED_OSMIUM;9984;20;;;;;10002;15;10005;20;;;9993.0;7166.0
-2;354400;INTARIAN_PEPPER_ROOT;10346;22;;;;;10360;11;10363;22;;;10353.0;27460.0
-2;354500;ASH_COATED_OSMIUM;9987;13;9984;28;;;10003;13;10005;28;;;9995.0;7018.0
-2;354500;INTARIAN_PEPPER_ROOT;10349;12;10346;24;;;10363;24;;;;;10356.0;27700.0
-2;354600;ASH_COATED_OSMIUM;9987;14;9984;20;;;10005;20;;;;;9996.0;6944.0
-2;354600;INTARIAN_PEPPER_ROOT;10346;20;;;;;10363;20;;;;;10354.5;27580.0
-2;354700;ASH_COATED_OSMIUM;9987;14;9984;20;;;10003;14;10005;20;;;9995.0;7046.0
-2;354700;INTARIAN_PEPPER_ROOT;10346;20;;;;;10360;10;10363;20;;;10353.0;27460.0
-2;354800;ASH_COATED_OSMIUM;9984;27;;;;;10003;15;10005;27;;;9993.5;7163.0
-2;354800;INTARIAN_PEPPER_ROOT;10349;11;10347;19;;;10360;11;10363;19;;;10354.5;27580.0
-2;354900;ASH_COATED_OSMIUM;9996;7;9984;26;;;10005;26;;;;;10000.5;6608.0
-2;354900;INTARIAN_PEPPER_ROOT;10347;23;;;;;10361;10;10363;23;;;10354.0;27540.0
-2;355000;ASH_COATED_OSMIUM;9987;13;9984;29;;;10003;13;10005;29;;;9995.0;7048.0
-2;355000;INTARIAN_PEPPER_ROOT;10349;12;10347;20;;;10361;12;10363;20;;;10355.0;27620.0
-2;355100;ASH_COATED_OSMIUM;9987;13;;;;;10002;13;10005;29;;;9994.5;7088.0
-2;355100;INTARIAN_PEPPER_ROOT;10349;12;10347;21;;;10361;12;10363;21;;;10355.0;27620.0
-2;355200;ASH_COATED_OSMIUM;9984;22;;;;;10002;14;;;;;9993.0;7208.0
-2;355200;INTARIAN_PEPPER_ROOT;10350;10;10347;23;;;10363;23;;;;;10356.5;27740.0
-2;355300;ASH_COATED_OSMIUM;9986;14;9984;24;;;10002;14;10005;24;;;9994.0;7128.0
-2;355300;INTARIAN_PEPPER_ROOT;10350;8;10347;20;;;10364;20;;;;;10357.0;27780.0
-2;355400;ASH_COATED_OSMIUM;9987;15;9984;23;;;;;;;;;9987.0;7688.0
-2;355400;INTARIAN_PEPPER_ROOT;10350;10;10347;25;;;10361;10;10364;25;;;10355.5;27660.0
-2;355500;ASH_COATED_OSMIUM;9987;15;9984;25;;;9996;3;10005;25;;;9991.5;7328.0
-2;355500;INTARIAN_PEPPER_ROOT;;;;;;;;;;;;;0.0;-800780.0
-2;355600;ASH_COATED_OSMIUM;9988;12;9985;30;;;10004;12;;;;;9996.0;6968.0
-2;355600;INTARIAN_PEPPER_ROOT;10350;12;10347;25;;;10361;12;10364;25;;;10355.5;27660.0
-2;355700;ASH_COATED_OSMIUM;9988;11;9985;30;;;10004;11;10006;30;;;9996.0;6968.0
-2;355700;INTARIAN_PEPPER_ROOT;10350;12;10347;17;;;10361;12;;;;;10355.5;27660.0
-2;355800;ASH_COATED_OSMIUM;9988;12;9986;23;;;10004;12;10007;23;;;9996.0;6968.0
-2;355800;INTARIAN_PEPPER_ROOT;10350;8;10348;18;;;10361;8;10364;18;;;10355.5;27660.0
-2;355900;ASH_COATED_OSMIUM;9988;12;9985;20;;;10006;20;;;;;9997.0;6888.0
-2;355900;INTARIAN_PEPPER_ROOT;10350;10;10348;18;;;10362;10;10364;18;;;10356.0;27700.0
-2;356000;ASH_COATED_OSMIUM;9988;11;;;;;10004;11;10006;20;;;9996.0;6968.0
-2;356000;INTARIAN_PEPPER_ROOT;10350;12;10348;24;;;10364;24;;;;;10357.0;27780.0
-2;356100;ASH_COATED_OSMIUM;9988;11;9985;27;;;10006;27;;;;;9997.0;6888.0
-2;356100;INTARIAN_PEPPER_ROOT;10350;10;10348;15;;;10362;10;10364;15;;;10356.0;27700.0
-2;356200;ASH_COATED_OSMIUM;9987;10;9985;26;;;10003;10;10006;26;;;9995.0;7048.0
-2;356200;INTARIAN_PEPPER_ROOT;10351;9;10348;15;;;10353;8;10362;9;;;10352.0;27380.0
-2;356300;ASH_COATED_OSMIUM;9988;10;;;;;10004;10;10006;29;;;9996.0;6968.0
-2;356300;INTARIAN_PEPPER_ROOT;10351;10;;;;;10365;20;;;;;10358.0;27860.0
-2;356400;ASH_COATED_OSMIUM;9985;22;;;;;10006;22;;;;;9995.5;7008.0
-2;356400;INTARIAN_PEPPER_ROOT;10351;9;10348;22;;;10362;9;10365;22;;;10356.5;27740.0
-2;356500;ASH_COATED_OSMIUM;9988;12;9985;25;;;10006;25;;;;;9997.0;6888.0
-2;356500;INTARIAN_PEPPER_ROOT;10351;10;10348;25;;;10362;10;10365;25;;;10356.5;27740.0
-2;356600;ASH_COATED_OSMIUM;9988;14;9985;24;;;10006;24;;;;;9997.0;6888.0
-2;356600;INTARIAN_PEPPER_ROOT;10351;8;10348;16;;;10362;8;10365;16;;;10356.5;27740.0
-2;356700;ASH_COATED_OSMIUM;9988;10;;;;;10004;10;10007;25;;;9996.0;6968.0
-2;356700;INTARIAN_PEPPER_ROOT;10348;16;;;;;10362;9;10365;16;;;10355.0;27620.0
-2;356800;ASH_COATED_OSMIUM;9988;12;9985;29;;;10006;29;;;;;9997.0;6888.0
-2;356800;INTARIAN_PEPPER_ROOT;10351;10;10349;24;;;10362;10;10365;24;;;10356.5;27740.0
-2;356900;ASH_COATED_OSMIUM;9997;10;;;;;10004;14;10006;23;;;10000.5;6608.0
-2;356900;INTARIAN_PEPPER_ROOT;10349;24;;;;;10363;9;;;;;10356.0;27700.0
-2;357000;ASH_COATED_OSMIUM;9988;11;9985;30;;;10004;11;10006;30;;;9996.0;6968.0
-2;357000;INTARIAN_PEPPER_ROOT;10351;8;;;;;10363;8;10365;22;;;10357.0;27780.0
-2;357100;ASH_COATED_OSMIUM;9988;10;9985;23;;;10004;10;10006;23;;;9996.0;6968.0
-2;357100;INTARIAN_PEPPER_ROOT;10351;11;10349;15;;;10363;11;;;;;10357.0;27780.0
-2;357200;ASH_COATED_OSMIUM;9988;15;;;;;10004;15;10006;26;;;9996.0;6968.0
-2;357200;INTARIAN_PEPPER_ROOT;10352;10;10349;21;;;10363;10;10365;21;;;10357.5;27820.0
-2;357300;ASH_COATED_OSMIUM;9988;15;9985;20;;;10004;15;10006;20;;;9996.0;6968.0
-2;357300;INTARIAN_PEPPER_ROOT;10352;12;10349;21;;;10366;21;;;;;10359.0;27940.0
-2;357400;ASH_COATED_OSMIUM;9988;13;9986;21;;;10007;21;;;;;9997.5;6848.0
-2;357400;INTARIAN_PEPPER_ROOT;10349;23;;;;;10363;8;10366;23;;;10356.0;27700.0
-2;357500;ASH_COATED_OSMIUM;9988;11;9986;25;;;10004;11;;;;;9996.0;6968.0
-2;357500;INTARIAN_PEPPER_ROOT;10355;11;10352;8;10349;21;10366;21;;;;;10360.5;28060.0
-2;357600;ASH_COATED_OSMIUM;9988;10;;;;;10004;10;10007;27;;;9996.0;6968.0
-2;357600;INTARIAN_PEPPER_ROOT;10349;18;;;;;10363;11;10366;18;;;10356.0;27700.0
-2;357700;ASH_COATED_OSMIUM;9988;10;;;;;10007;20;;;;;9997.5;6848.0
-2;357700;INTARIAN_PEPPER_ROOT;10349;15;;;;;10363;10;10366;15;;;10356.0;27700.0
-2;357800;ASH_COATED_OSMIUM;9988;11;;;;;10004;11;10007;30;;;9996.0;6968.0
-2;357800;INTARIAN_PEPPER_ROOT;10352;8;10350;20;;;10363;8;10366;20;;;10357.5;27820.0
-2;357900;ASH_COATED_OSMIUM;9988;14;9986;30;;;;;;;;;9988.0;7608.0
-2;357900;INTARIAN_PEPPER_ROOT;10352;9;;;;;10364;9;10366;25;;;10358.0;27860.0
-2;358000;ASH_COATED_OSMIUM;9986;30;;;;;10007;30;;;;;9996.5;6928.0
-2;358000;INTARIAN_PEPPER_ROOT;10352;12;10350;25;;;10366;25;;;;;10359.0;27940.0
-2;358100;ASH_COATED_OSMIUM;9988;11;9986;29;;;10004;11;10007;29;;;9996.0;6968.0
-2;358100;INTARIAN_PEPPER_ROOT;10352;10;10350;25;;;10360;7;10364;10;10366;25;10356.0;27700.0
-2;358200;ASH_COATED_OSMIUM;;;;;;;10004;12;10007;20;;;10004.0;6328.0
-2;358200;INTARIAN_PEPPER_ROOT;10350;16;;;;;10366;16;;;;;10358.0;27860.0
-2;358300;ASH_COATED_OSMIUM;9994;5;9988;11;9986;30;10004;11;10007;30;;;9999.0;6728.0
-2;358300;INTARIAN_PEPPER_ROOT;10353;10;10350;15;;;10355;4;10367;15;;;10354.0;27540.0
-2;358400;ASH_COATED_OSMIUM;9989;11;;;;;10005;11;10007;24;;;9997.0;6888.0
-2;358400;INTARIAN_PEPPER_ROOT;10353;8;;;;;10364;8;10367;17;;;10358.5;27900.0
-2;358500;ASH_COATED_OSMIUM;9989;13;;;;;10005;13;10007;29;;;9997.0;6888.0
-2;358500;INTARIAN_PEPPER_ROOT;10353;11;10350;17;;;10364;11;;;;;10358.5;27900.0
-2;358600;ASH_COATED_OSMIUM;9986;25;;;;;10005;14;10007;25;;;9995.5;7008.0
-2;358600;INTARIAN_PEPPER_ROOT;10353;10;10350;20;;;10364;10;10367;20;;;10358.5;27900.0
-2;358700;ASH_COATED_OSMIUM;9988;13;9986;28;;;10004;13;10007;28;;;9996.0;6968.0
-2;358700;INTARIAN_PEPPER_ROOT;10353;8;10350;21;;;10364;8;10367;21;;;10358.5;27900.0
-2;358800;ASH_COATED_OSMIUM;;;;;;;10005;10;10007;28;;;10005.0;6248.0
-2;358800;INTARIAN_PEPPER_ROOT;;;;;;;;;;;;;0.0;-800780.0
-2;358900;ASH_COATED_OSMIUM;9988;14;9986;22;;;10004;14;10007;22;;;9996.0;6968.0
-2;358900;INTARIAN_PEPPER_ROOT;10353;10;;;;;10367;22;;;;;10360.0;28020.0
-2;359000;ASH_COATED_OSMIUM;9988;12;;;;;10004;12;10007;24;;;9996.0;6968.0
-2;359000;INTARIAN_PEPPER_ROOT;10362;5;10353;10;10351;24;10365;10;10367;24;;;10363.5;28300.0
-2;359100;ASH_COATED_OSMIUM;9988;12;9986;23;;;10004;12;10007;23;;;9996.0;6968.0
-2;359100;INTARIAN_PEPPER_ROOT;10353;9;10351;24;;;10365;9;10367;24;;;10359.0;27940.0
-2;359200;ASH_COATED_OSMIUM;;;;;;;10004;11;10007;25;;;10004.0;6328.0
-2;359200;INTARIAN_PEPPER_ROOT;10351;15;;;;;10365;12;;;;;10358.0;27860.0
-2;359300;ASH_COATED_OSMIUM;9988;15;9985;25;;;10004;15;10006;25;;;9996.0;6968.0
-2;359300;INTARIAN_PEPPER_ROOT;10351;21;;;;;;;;;;;10351.0;27300.0
-2;359400;ASH_COATED_OSMIUM;9988;12;9986;25;;;10004;12;;;;;9996.0;6968.0
-2;359400;INTARIAN_PEPPER_ROOT;10351;20;;;;;10365;10;10368;20;;;10358.0;27860.0
-2;359500;ASH_COATED_OSMIUM;9988;13;9986;23;;;10004;13;10007;23;;;9996.0;6968.0
-2;359500;INTARIAN_PEPPER_ROOT;10354;12;10351;16;;;10365;12;;;;;10359.5;27980.0
-2;359600;ASH_COATED_OSMIUM;9988;11;;;;;10004;11;10007;27;;;9996.0;6968.0
-2;359600;INTARIAN_PEPPER_ROOT;10354;9;10351;21;;;10365;9;10368;21;;;10359.5;27980.0
-2;359700;ASH_COATED_OSMIUM;9989;12;;;;;10005;12;10007;27;;;9997.0;6888.0
-2;359700;INTARIAN_PEPPER_ROOT;10354;9;10351;21;;;10365;9;10368;21;;;10359.5;27980.0
-2;359800;ASH_COATED_OSMIUM;9989;11;;;;;10005;11;10007;28;;;9997.0;6888.0
-2;359800;INTARIAN_PEPPER_ROOT;10352;22;;;;;10356;3;10365;11;10368;22;10354.0;27540.0
-2;359900;ASH_COATED_OSMIUM;9994;4;9989;14;9986;30;10005;14;;;;;9999.5;6688.0
-2;359900;INTARIAN_PEPPER_ROOT;10354;12;10352;21;;;10368;21;;;;;10361.0;28100.0
-2;360000;ASH_COATED_OSMIUM;9989;12;9986;23;;;10005;12;10007;23;;;9997.0;6888.0
-2;360000;INTARIAN_PEPPER_ROOT;10354;9;10352;19;;;10366;9;10368;19;;;10360.0;28020.0
-2;360100;ASH_COATED_OSMIUM;9989;13;9987;26;;;10005;13;10008;26;;;9997.0;6888.0
-2;360100;INTARIAN_PEPPER_ROOT;;;;;;;10366;8;10368;19;;;10366.0;28500.0
-2;360200;ASH_COATED_OSMIUM;9989;11;9986;21;;;10005;11;10007;21;;;9997.0;6888.0
-2;360200;INTARIAN_PEPPER_ROOT;10355;12;10352;15;;;;;;;;;10355.0;27620.0
-2;360300;ASH_COATED_OSMIUM;9989;12;9987;28;;;10005;12;10008;28;;;9997.0;6888.0
-2;360300;INTARIAN_PEPPER_ROOT;10355;9;10352;23;;;10369;23;;;;;10362.0;28180.0
-2;360400;ASH_COATED_OSMIUM;9995;3;;;;;10008;22;;;;;10001.5;6528.0
-2;360400;INTARIAN_PEPPER_ROOT;10355;8;;;;;10366;8;10369;24;;;10360.5;28060.0
-2;360500;ASH_COATED_OSMIUM;9987;23;;;;;10008;23;;;;;9997.5;6848.0
-2;360500;INTARIAN_PEPPER_ROOT;10355;10;10352;19;;;10369;19;;;;;10362.0;28180.0
-2;360600;ASH_COATED_OSMIUM;9990;10;;;;;10006;10;10009;25;;;9998.0;6808.0
-2;360600;INTARIAN_PEPPER_ROOT;10355;8;;;;;10366;8;;;;;10360.5;28060.0
-2;360700;ASH_COATED_OSMIUM;9990;11;9988;27;;;10006;11;;;;;9998.0;6808.0
-2;360700;INTARIAN_PEPPER_ROOT;10355;12;;;;;10366;12;10369;20;;;10360.5;28060.0
-2;360800;ASH_COATED_OSMIUM;9991;14;9988;21;;;;;;;;;9991.0;7368.0
-2;360800;INTARIAN_PEPPER_ROOT;10355;9;10353;16;;;10366;9;10369;16;;;10360.5;28060.0
-2;360900;ASH_COATED_OSMIUM;9990;10;9988;23;;;10006;10;;;;;9998.0;6808.0
-2;360900;INTARIAN_PEPPER_ROOT;10353;16;;;;;10367;8;10369;16;;;10360.0;28020.0
-2;361000;ASH_COATED_OSMIUM;9995;4;9990;15;9987;28;10006;15;10008;28;;;10000.5;6608.0
-2;361000;INTARIAN_PEPPER_ROOT;10355;9;10353;24;;;10369;24;;;;;10362.0;28180.0
-2;361100;ASH_COATED_OSMIUM;9990;10;9988;21;;;10009;21;;;;;9999.5;6688.0
-2;361100;INTARIAN_PEPPER_ROOT;10355;12;10353;18;;;10367;12;10369;18;;;10361.0;28100.0
-2;361200;ASH_COATED_OSMIUM;9990;15;9988;21;;;10006;15;10009;21;;;9998.0;6808.0
-2;361200;INTARIAN_PEPPER_ROOT;10356;11;10353;19;;;10367;11;10369;19;;;10361.5;28140.0
-2;361300;ASH_COATED_OSMIUM;9990;10;9988;22;;;10006;10;;;;;9998.0;6808.0
-2;361300;INTARIAN_PEPPER_ROOT;10356;10;10353;21;;;10367;10;;;;;10361.5;28140.0
-2;361400;ASH_COATED_OSMIUM;9990;14;9988;23;;;10006;14;10009;23;;;9998.0;6808.0
-2;361400;INTARIAN_PEPPER_ROOT;10356;11;;;;;10367;11;10370;24;;;10361.5;28140.0
-2;361500;ASH_COATED_OSMIUM;9987;29;;;;;10008;29;;;;;9997.5;6848.0
-2;361500;INTARIAN_PEPPER_ROOT;10356;12;10353;18;;;10367;12;;;;;10361.5;28140.0
-2;361600;ASH_COATED_OSMIUM;9990;14;9987;23;;;10006;14;10008;23;;;9998.0;6808.0
-2;361600;INTARIAN_PEPPER_ROOT;10356;12;10353;23;;;10367;12;10370;23;;;10361.5;28140.0
-2;361700;ASH_COATED_OSMIUM;9987;28;;;;;10005;14;10008;28;;;9996.0;6968.0
-2;361700;INTARIAN_PEPPER_ROOT;10356;10;;;;;10367;10;;;;;10361.5;28140.0
-2;361800;ASH_COATED_OSMIUM;9989;14;9987;22;;;10005;14;10008;22;;;9997.0;6888.0
-2;361800;INTARIAN_PEPPER_ROOT;10356;11;10354;18;;;10367;11;10370;18;;;10361.5;28140.0
-2;361900;ASH_COATED_OSMIUM;9995;4;9989;14;9987;20;10005;14;10008;20;;;10000.0;6648.0
-2;361900;INTARIAN_PEPPER_ROOT;10356;11;10354;15;;;10368;11;;;;;10362.0;28180.0
-2;362000;ASH_COATED_OSMIUM;9987;29;;;;;10005;14;10008;29;;;9996.0;6968.0
-2;362000;INTARIAN_PEPPER_ROOT;10354;19;;;;;10368;12;10370;19;;;10361.0;28100.0
-2;362100;ASH_COATED_OSMIUM;9987;23;;;;;10008;23;;;;;9997.5;6848.0
-2;362100;INTARIAN_PEPPER_ROOT;10356;12;10354;15;;;10368;12;10370;15;;;10362.0;28180.0
-2;362200;ASH_COATED_OSMIUM;;;;;;;10005;13;10008;27;;;10005.0;6248.0
-2;362200;INTARIAN_PEPPER_ROOT;10357;10;10354;20;;;10368;10;10370;20;;;10362.5;28220.0
-2;362300;ASH_COATED_OSMIUM;9986;22;;;;;10005;11;;;;;9995.5;7008.0
-2;362300;INTARIAN_PEPPER_ROOT;10354;25;;;;;10368;10;;;;;10361.0;28100.0
-2;362400;ASH_COATED_OSMIUM;9987;28;;;;;10008;28;;;;;9997.5;6848.0
-2;362400;INTARIAN_PEPPER_ROOT;10357;8;10354;19;;;10368;8;10371;19;;;10362.5;28220.0
-2;362500;ASH_COATED_OSMIUM;9989;11;;;;;9999;3;10005;11;10008;30;9994.0;7128.0
-2;362500;INTARIAN_PEPPER_ROOT;10357;11;10354;15;;;10368;11;10371;15;;;10362.5;28220.0
-2;362600;ASH_COATED_OSMIUM;9986;21;;;;;10005;12;10007;21;;;9995.5;7008.0
-2;362600;INTARIAN_PEPPER_ROOT;10357;10;10354;22;;;10368;10;10371;22;;;10362.5;28220.0
-2;362700;ASH_COATED_OSMIUM;9988;11;9986;23;;;10004;11;10007;23;;;9996.0;6968.0
-2;362700;INTARIAN_PEPPER_ROOT;10357;9;10354;18;;;10371;18;;;;;10364.0;28340.0
-2;362800;ASH_COATED_OSMIUM;9986;24;;;;;10004;12;;;;;9995.0;7048.0
-2;362800;INTARIAN_PEPPER_ROOT;10357;10;10355;23;;;10368;10;10371;23;;;10362.5;28220.0
-2;362900;ASH_COATED_OSMIUM;9988;13;;;;;10004;13;10007;22;;;9996.0;6968.0
-2;362900;INTARIAN_PEPPER_ROOT;10357;9;10355;24;;;10369;9;10371;24;;;10363.0;28260.0
-2;363000;ASH_COATED_OSMIUM;9988;10;9986;23;;;10004;10;10007;23;;;9996.0;6968.0
-2;363000;INTARIAN_PEPPER_ROOT;10357;10;;;;;10369;10;10371;15;;;10363.0;28260.0
-2;363100;ASH_COATED_OSMIUM;9986;26;;;;;10005;15;;;;;9995.5;7008.0
-2;363100;INTARIAN_PEPPER_ROOT;10357;9;10355;15;;;10369;9;10371;15;;;10363.0;28260.0
-2;363200;ASH_COATED_OSMIUM;9989;12;9986;28;;;10005;12;;;;;9997.0;6888.0
-2;363200;INTARIAN_PEPPER_ROOT;10358;10;10355;17;;;10371;17;;;;;10364.5;28380.0
-2;363300;ASH_COATED_OSMIUM;;;;;;;10004;12;10007;23;;;10004.0;6328.0
-2;363300;INTARIAN_PEPPER_ROOT;10366;8;10358;10;10355;25;10369;10;10372;25;;;10367.5;28620.0
-2;363400;ASH_COATED_OSMIUM;9988;11;9986;28;;;10004;11;10007;28;;;9996.0;6968.0
-2;363400;INTARIAN_PEPPER_ROOT;10358;8;;;;;10365;5;10372;17;;;10361.5;28140.0
-2;363500;ASH_COATED_OSMIUM;9988;12;9986;27;;;10004;12;10007;27;;;9996.0;6968.0
-2;363500;INTARIAN_PEPPER_ROOT;10355;24;;;;;10369;12;10372;24;;;10362.0;28180.0
-2;363600;ASH_COATED_OSMIUM;9989;14;;;;;10005;14;10007;20;;;9997.0;6888.0
-2;363600;INTARIAN_PEPPER_ROOT;10358;10;10355;19;;;10369;10;;;;;10363.5;28300.0
-2;363700;ASH_COATED_OSMIUM;9986;28;;;;;10005;13;10007;28;;;9995.5;7008.0
-2;363700;INTARIAN_PEPPER_ROOT;10358;12;10355;17;;;10369;12;10372;17;;;10363.5;28300.0
-2;363800;ASH_COATED_OSMIUM;9988;15;9986;21;;;10004;15;10007;21;;;9996.0;6968.0
-2;363800;INTARIAN_PEPPER_ROOT;10358;11;10356;21;;;10369;11;10372;21;;;10363.5;28300.0
-2;363900;ASH_COATED_OSMIUM;9988;12;9986;24;;;10004;12;10007;24;;;9996.0;6968.0
-2;363900;INTARIAN_PEPPER_ROOT;10358;10;10356;16;;;10370;10;10372;16;;;10364.0;28340.0
-2;364000;ASH_COATED_OSMIUM;9994;2;9986;28;;;10007;28;;;;;10000.5;6608.0
-2;364000;INTARIAN_PEPPER_ROOT;10358;10;10356;20;;;10370;10;10372;20;;;10364.0;28340.0
-2;364100;ASH_COATED_OSMIUM;;;;;;;10005;14;;;;;10005.0;6248.0
-2;364100;INTARIAN_PEPPER_ROOT;10358;11;;;;;10370;11;;;;;10364.0;28340.0
-2;364200;ASH_COATED_OSMIUM;9989;15;9986;22;;;10007;22;;;;;9998.0;6808.0
-2;364200;INTARIAN_PEPPER_ROOT;10359;8;10356;15;;;10370;8;;;;;10364.5;28380.0
-2;364300;ASH_COATED_OSMIUM;9990;10;9987;25;;;10006;10;;;;;9998.0;6808.0
-2;364300;INTARIAN_PEPPER_ROOT;10359;11;10356;24;;;10370;11;;;;;10364.5;28380.0
-2;364400;ASH_COATED_OSMIUM;9989;12;;;;;10005;12;10008;24;;;9997.0;6888.0
-2;364400;INTARIAN_PEPPER_ROOT;10359;9;10356;21;;;10370;9;10373;21;;;10364.5;28380.0
-2;364500;ASH_COATED_OSMIUM;9989;14;;;;;10005;14;;;;;9997.0;6888.0
-2;364500;INTARIAN_PEPPER_ROOT;10359;12;10356;24;;;10370;12;10373;24;;;10364.5;28380.0
-2;364600;ASH_COATED_OSMIUM;9987;30;;;;;10008;30;;;;;9997.5;6848.0
-2;364600;INTARIAN_PEPPER_ROOT;10359;11;10356;25;;;10370;11;10373;25;;;10364.5;28380.0
-2;364700;ASH_COATED_OSMIUM;9989;15;;;;;10005;15;;;;;9997.0;6888.0
-2;364700;INTARIAN_PEPPER_ROOT;10356;25;;;;;10370;10;10373;25;;;10363.0;28260.0
-2;364800;ASH_COATED_OSMIUM;9989;15;;;;;10005;15;10007;30;;;9997.0;6888.0
-2;364800;INTARIAN_PEPPER_ROOT;10359;12;10357;22;;;10373;22;;;;;10366.0;28500.0
-2;364900;ASH_COATED_OSMIUM;9989;14;9987;27;;;10005;14;10008;27;;;9997.0;6888.0
-2;364900;INTARIAN_PEPPER_ROOT;;;;;;;10371;12;10373;21;;;10371.0;28900.0
-2;365000;ASH_COATED_OSMIUM;9989;11;;;;;9998;2;10005;11;10007;29;9993.5;7168.0
-2;365000;INTARIAN_PEPPER_ROOT;10359;9;;;;;10371;9;10373;16;;;10365.0;28420.0
-2;365100;ASH_COATED_OSMIUM;9989;15;9986;30;;;10007;30;;;;;9998.0;6808.0
-2;365100;INTARIAN_PEPPER_ROOT;10359;11;10357;21;;;10371;11;;;;;10365.0;28420.0
-2;365200;ASH_COATED_OSMIUM;9988;13;9986;26;;;10004;13;10007;26;;;9996.0;6968.0
-2;365200;INTARIAN_PEPPER_ROOT;10360;11;10357;21;;;;;;;;;10360.0;28020.0
-2;365300;ASH_COATED_OSMIUM;9986;24;;;;;9998;5;10004;15;;;9992.0;7288.0
-2;365300;INTARIAN_PEPPER_ROOT;10360;12;10357;15;;;10371;12;10374;15;;;10365.5;28460.0
-2;365400;ASH_COATED_OSMIUM;9989;13;9986;26;;;10005;13;10007;26;;;9997.0;6888.0
-2;365400;INTARIAN_PEPPER_ROOT;10360;9;10357;22;;;10371;9;10374;22;;;10365.5;28460.0
-2;365500;ASH_COATED_OSMIUM;9989;15;;;;;10005;15;10008;25;;;9997.0;6888.0
-2;365500;INTARIAN_PEPPER_ROOT;10360;9;10357;21;;;10374;21;;;;;10367.0;28580.0
-2;365600;ASH_COATED_OSMIUM;9990;13;9987;20;;;10006;13;10008;20;;;9998.0;6808.0
-2;365600;INTARIAN_PEPPER_ROOT;10360;12;;;;;10371;12;10374;17;;;10365.5;28460.0
-2;365700;ASH_COATED_OSMIUM;9989;11;9987;22;;;10008;22;;;;;9998.5;6768.0
-2;365700;INTARIAN_PEPPER_ROOT;10360;11;;;;;10371;11;;;;;10365.5;28460.0
-2;365800;ASH_COATED_OSMIUM;9987;29;;;;;10005;12;10008;29;;;9996.0;6968.0
-2;365800;INTARIAN_PEPPER_ROOT;10358;22;;;;;10371;9;10374;22;;;10364.5;28380.0
-2;365900;ASH_COATED_OSMIUM;9990;14;9988;24;;;10006;14;10009;24;;;9998.0;6808.0
-2;365900;INTARIAN_PEPPER_ROOT;10360;11;;;;;10374;24;;;;;10367.0;28580.0
-2;366000;ASH_COATED_OSMIUM;9991;10;9988;20;;;10007;10;10009;20;;;9999.0;6728.0
-2;366000;INTARIAN_PEPPER_ROOT;;;;;;;10372;8;10374;18;;;10372.0;28980.0
-2;366100;ASH_COATED_OSMIUM;9991;13;9988;20;;;10009;20;;;;;10000.0;6648.0
-2;366100;INTARIAN_PEPPER_ROOT;10360;12;;;;;10372;12;10374;25;;;10366.0;28500.0
-2;366200;ASH_COATED_OSMIUM;9988;29;;;;;10006;11;10009;29;;;9997.0;6888.0
-2;366200;INTARIAN_PEPPER_ROOT;10361;8;10358;24;;;10374;24;;;;;10367.5;28620.0
-2;366300;ASH_COATED_OSMIUM;9990;13;9988;26;;;10006;13;10009;26;;;9998.0;6808.0
-2;366300;INTARIAN_PEPPER_ROOT;10361;9;10358;24;;;10372;9;10375;24;;;10366.5;28540.0
-2;366400;ASH_COATED_OSMIUM;9990;13;9987;28;;;10008;28;;;;;9999.0;6728.0
-2;366400;INTARIAN_PEPPER_ROOT;10361;11;10358;17;;;10375;17;;;;;10368.0;28660.0
-2;366500;ASH_COATED_OSMIUM;9990;15;9987;22;;;10006;15;10008;22;;;9998.0;6808.0
-2;366500;INTARIAN_PEPPER_ROOT;10361;8;10358;18;;;10372;8;10375;18;;;10366.5;28540.0
-2;366600;ASH_COATED_OSMIUM;9990;14;;;;;10006;14;10009;26;;;9998.0;6808.0
-2;366600;INTARIAN_PEPPER_ROOT;10361;10;10358;24;;;10372;10;10375;24;;;10366.5;28540.0
-2;366700;ASH_COATED_OSMIUM;9988;27;;;;;10006;14;10009;27;;;9997.0;6888.0
-2;366700;INTARIAN_PEPPER_ROOT;10361;12;10358;19;;;10372;12;10375;19;;;10366.5;28540.0
-2;366800;ASH_COATED_OSMIUM;9990;12;9988;25;;;10009;25;;;;;9999.5;6688.0
-2;366800;INTARIAN_PEPPER_ROOT;10359;19;;;;;10372;9;10375;19;;;10365.5;28460.0
-2;366900;ASH_COATED_OSMIUM;9988;23;;;;;;;;;;;9988.0;7608.0
-2;366900;INTARIAN_PEPPER_ROOT;10361;9;10359;21;;;10373;9;;;;;10367.0;28580.0
-2;367000;ASH_COATED_OSMIUM;9990;12;9988;21;;;10006;12;10009;21;;;9998.0;6808.0
-2;367000;INTARIAN_PEPPER_ROOT;10361;11;10359;24;;;10373;11;10375;24;;;10367.0;28580.0
-2;367100;ASH_COATED_OSMIUM;9991;15;9988;22;;;10007;15;;;;;9999.0;6728.0
-2;367100;INTARIAN_PEPPER_ROOT;10361;12;10359;21;;;10373;12;10375;21;;;10367.0;28580.0
-2;367200;ASH_COATED_OSMIUM;9991;11;9988;24;;;10009;24;;;;;10000.0;6648.0
-2;367200;INTARIAN_PEPPER_ROOT;10362;11;10359;20;;;10373;11;;;;;10367.5;28620.0
-2;367300;ASH_COATED_OSMIUM;9991;11;9989;28;;;10007;11;10010;28;;;9999.0;6728.0
-2;367300;INTARIAN_PEPPER_ROOT;10362;10;10359;19;;;10373;10;10376;19;;;10367.5;28620.0
-2;367400;ASH_COATED_OSMIUM;9992;14;9989;20;;;10008;14;10010;20;;;10000.0;6648.0
-2;367400;INTARIAN_PEPPER_ROOT;10362;12;10359;24;;;10373;12;10376;24;;;10367.5;28620.0
-2;367500;ASH_COATED_OSMIUM;9992;10;9989;20;;;10010;20;;;;;10001.0;6568.0
-2;367500;INTARIAN_PEPPER_ROOT;10359;20;;;;;10373;8;10376;20;;;10366.0;28500.0
-2;367600;ASH_COATED_OSMIUM;9992;15;9990;29;;;10008;15;10011;29;;;10000.0;6648.0
-2;367600;INTARIAN_PEPPER_ROOT;10362;8;10359;19;;;;;;;;;10362.0;28180.0
-2;367700;ASH_COATED_OSMIUM;9993;13;;;;;10009;13;10011;27;;;10001.0;6568.0
-2;367700;INTARIAN_PEPPER_ROOT;10359;21;;;;;10373;11;10376;21;;;10366.0;28500.0
-2;367800;ASH_COATED_OSMIUM;9991;22;;;;;10009;12;10012;22;;;10000.0;6648.0
-2;367800;INTARIAN_PEPPER_ROOT;10360;17;;;;;10373;8;10376;17;;;10366.5;28540.0
-2;367900;ASH_COATED_OSMIUM;9991;30;;;;;10009;13;10012;30;;;10000.0;6648.0
-2;367900;INTARIAN_PEPPER_ROOT;10362;11;10360;19;;;10374;11;10376;19;;;10368.0;28660.0
-2;368000;ASH_COATED_OSMIUM;9993;15;9990;29;;;;;;;;;9993.0;7208.0
-2;368000;INTARIAN_PEPPER_ROOT;10360;19;;;;;10374;9;10376;19;;;10367.0;28580.0
-2;368100;ASH_COATED_OSMIUM;9993;12;9990;22;;;10009;12;10011;22;;;10001.0;6568.0
-2;368100;INTARIAN_PEPPER_ROOT;10360;20;;;;;10374;11;10376;20;;;10367.0;28580.0
-2;368200;ASH_COATED_OSMIUM;9993;15;;;;;10009;15;10011;23;;;10001.0;6568.0
-2;368200;INTARIAN_PEPPER_ROOT;10363;8;10360;22;;;;;;;;;10363.0;28260.0
-2;368300;ASH_COATED_OSMIUM;9993;15;9990;30;;;10009;15;10011;30;;;10001.0;6568.0
-2;368300;INTARIAN_PEPPER_ROOT;10363;9;10360;22;;;10374;9;10377;22;;;10368.5;28700.0
-2;368400;ASH_COATED_OSMIUM;9993;12;9990;23;;;10009;12;10011;23;;;10001.0;6568.0
-2;368400;INTARIAN_PEPPER_ROOT;10363;9;;;;;10374;9;10377;25;;;10368.5;28700.0
-2;368500;ASH_COATED_OSMIUM;10002;4;9992;12;9990;27;10008;12;10011;27;;;10005.0;6248.0
-2;368500;INTARIAN_PEPPER_ROOT;;;;;;;10374;8;10377;22;;;10374.0;29140.0
-2;368600;ASH_COATED_OSMIUM;9992;12;9990;23;;;10008;12;10011;23;;;10000.0;6648.0
-2;368600;INTARIAN_PEPPER_ROOT;10363;10;10360;23;;;10374;10;;;;;10368.5;28700.0
-2;368700;ASH_COATED_OSMIUM;9992;15;9989;23;;;10008;15;10010;23;;;10000.0;6648.0
-2;368700;INTARIAN_PEPPER_ROOT;10363;11;10360;22;;;10374;11;10377;22;;;10368.5;28700.0
-2;368800;ASH_COATED_OSMIUM;10002;4;9992;14;9990;24;10008;14;10011;24;;;10005.0;6248.0
-2;368800;INTARIAN_PEPPER_ROOT;10363;8;10361;18;;;10374;8;;;;;10368.5;28700.0
-2;368900;ASH_COATED_OSMIUM;9993;14;9990;26;;;10009;14;10011;26;;;10001.0;6568.0
-2;368900;INTARIAN_PEPPER_ROOT;10363;9;10361;15;;;10375;9;10377;15;;;10369.0;28740.0
-2;369000;ASH_COATED_OSMIUM;9993;12;;;;;10011;27;;;;;10002.0;6488.0
-2;369000;INTARIAN_PEPPER_ROOT;10363;11;10361;19;;;10375;11;10377;19;;;10369.0;28740.0
-2;369100;ASH_COATED_OSMIUM;9990;22;;;;;10009;13;10011;22;;;9999.5;6688.0
-2;369100;INTARIAN_PEPPER_ROOT;10363;8;10361;15;;;10375;8;10377;15;;;10369.0;28740.0
-2;369200;ASH_COATED_OSMIUM;9993;12;9990;21;;;10009;12;;;;;10001.0;6568.0
-2;369200;INTARIAN_PEPPER_ROOT;10364;12;10361;25;;;10375;12;10377;25;;;10369.5;28780.0
-2;369300;ASH_COATED_OSMIUM;9993;11;9990;20;;;;;;;;;9993.0;7208.0
-2;369300;INTARIAN_PEPPER_ROOT;10364;9;;;;;10375;9;10378;24;;;10369.5;28780.0
-2;369400;ASH_COATED_OSMIUM;9990;24;;;;;10008;11;10011;24;;;9999.0;6728.0
-2;369400;INTARIAN_PEPPER_ROOT;10361;18;;;;;10378;18;;;;;10369.5;28780.0
-2;369500;ASH_COATED_OSMIUM;9992;11;;;;;10008;11;10011;24;;;10000.0;6648.0
-2;369500;INTARIAN_PEPPER_ROOT;10364;9;;;;;10375;9;10378;20;;;10369.5;28780.0
-2;369600;ASH_COATED_OSMIUM;9992;11;9990;28;;;10008;11;10011;28;;;10000.0;6648.0
-2;369600;INTARIAN_PEPPER_ROOT;10364;8;;;;;10375;8;10378;15;;;10369.5;28780.0
-2;369700;ASH_COATED_OSMIUM;9990;23;;;;;10009;13;;;;;9999.5;6688.0
-2;369700;INTARIAN_PEPPER_ROOT;10361;20;;;;;10375;12;;;;;10368.0;28660.0
-2;369800;ASH_COATED_OSMIUM;9993;15;9990;23;;;10009;15;10011;23;;;10001.0;6568.0
-2;369800;INTARIAN_PEPPER_ROOT;10364;8;10362;22;;;10375;8;10378;22;;;10369.5;28780.0
-2;369900;ASH_COATED_OSMIUM;9993;11;9991;29;;;10009;11;10012;29;;;10001.0;6568.0
-2;369900;INTARIAN_PEPPER_ROOT;10364;12;10362;16;;;10376;12;;;;;10370.0;28820.0
-2;370000;ASH_COATED_OSMIUM;9993;11;9991;26;;;10009;11;10012;26;;;10001.0;6568.0
-2;370000;INTARIAN_PEPPER_ROOT;10364;12;10362;23;;;;;;;;;10364.0;28340.0
-2;370100;ASH_COATED_OSMIUM;9991;20;;;;;10009;10;10012;20;;;10000.0;6648.0
-2;370100;INTARIAN_PEPPER_ROOT;10364;11;10362;24;;;10376;11;10378;24;;;10370.0;28820.0
-2;370200;ASH_COATED_OSMIUM;9993;15;9991;29;;;10009;15;10012;29;;;10001.0;6568.0
-2;370200;INTARIAN_PEPPER_ROOT;10365;10;10362;18;;;10376;10;10378;18;;;10370.5;28860.0
-2;370300;ASH_COATED_OSMIUM;9998;3;9993;10;;;10009;10;10011;23;;;10003.5;6368.0
-2;370300;INTARIAN_PEPPER_ROOT;10365;11;10362;20;;;10376;11;10379;20;;;10370.5;28860.0
-2;370400;ASH_COATED_OSMIUM;9993;15;;;;;10011;24;;;;;10002.0;6536.0
-2;370400;INTARIAN_PEPPER_ROOT;10365;10;10362;15;;;10376;10;10379;15;;;10370.5;28860.0
-2;370500;ASH_COATED_OSMIUM;9993;14;9990;28;;;10009;14;10011;28;;;10001.0;6610.0
-2;370500;INTARIAN_PEPPER_ROOT;10365;8;10362;24;;;10376;8;10379;24;;;10370.5;28860.0
-2;370600;ASH_COATED_OSMIUM;9993;12;9990;22;;;10009;12;10011;22;;;10001.0;6610.0
-2;370600;INTARIAN_PEPPER_ROOT;10365;11;10362;18;;;10379;18;;;;;10372.0;28980.0
-2;370700;ASH_COATED_OSMIUM;9993;11;9990;26;;;10009;11;10011;26;;;10001.0;6666.0
-2;370700;INTARIAN_PEPPER_ROOT;10365;8;10362;17;;;10376;8;;;;;10370.5;28860.0
-2;370800;ASH_COATED_OSMIUM;9992;15;9990;28;;;10008;15;;;;;10000.0;6732.0
-2;370800;INTARIAN_PEPPER_ROOT;10365;9;;;;;10376;9;10379;19;;;10370.5;28860.0
-2;370900;ASH_COATED_OSMIUM;9993;13;9990;29;;;10009;13;10011;29;;;10001.0;6666.0
-2;370900;INTARIAN_PEPPER_ROOT;10365;12;10363;22;;;10377;12;10379;22;;;10371.0;28900.0
-2;371000;ASH_COATED_OSMIUM;9993;11;9991;29;;;10009;11;10012;29;;;10001.0;6666.0
-2;371000;INTARIAN_PEPPER_ROOT;10365;11;10363;24;;;;;;;;;10365.0;28420.0
-2;371100;ASH_COATED_OSMIUM;9991;24;;;;;10009;10;10012;24;;;10000.0;6732.0
-2;371100;INTARIAN_PEPPER_ROOT;10365;11;10363;19;;;10377;11;10379;19;;;10371.0;28900.0
-2;371200;ASH_COATED_OSMIUM;9990;28;;;;;10009;10;;;;;9999.5;6765.0
-2;371200;INTARIAN_PEPPER_ROOT;10366;8;;;;;10377;8;10379;17;;;10371.5;28940.0
-2;371300;ASH_COATED_OSMIUM;9993;11;;;;;10009;11;10011;29;;;10001.0;6666.0
-2;371300;INTARIAN_PEPPER_ROOT;10366;8;10363;21;;;10377;8;10380;21;;;10371.5;28940.0
-2;371400;ASH_COATED_OSMIUM;9990;25;;;;;10009;10;10011;25;;;9999.5;6765.0
-2;371400;INTARIAN_PEPPER_ROOT;10366;9;10363;15;;;10380;15;;;;;10373.0;29060.0
-2;371500;ASH_COATED_OSMIUM;9993;10;;;;;10009;10;10011;24;;;10001.0;6666.0
-2;371500;INTARIAN_PEPPER_ROOT;10366;8;;;;;10377;8;10380;19;;;10371.5;28940.0
-2;371600;ASH_COATED_OSMIUM;9993;11;;;;;;;;;;;9993.0;7194.0
-2;371600;INTARIAN_PEPPER_ROOT;10363;20;;;;;10377;9;10380;20;;;10370.0;28820.0
-2;371700;ASH_COATED_OSMIUM;9993;11;9990;27;;;10009;11;;;;;10001.0;6666.0
-2;371700;INTARIAN_PEPPER_ROOT;10366;9;10363;25;;;10380;25;;;;;10373.0;29060.0
-2;371800;ASH_COATED_OSMIUM;9993;11;9990;28;;;10011;28;;;;;10002.0;6600.0
-2;371800;INTARIAN_PEPPER_ROOT;10366;12;10364;25;;;10377;12;;;;;10371.5;28940.0
-2;371900;ASH_COATED_OSMIUM;9992;15;;;;;10008;15;;;;;10000.0;6732.0
-2;371900;INTARIAN_PEPPER_ROOT;10364;24;;;;;10380;24;;;;;10372.0;28980.0
-2;372000;ASH_COATED_OSMIUM;9993;11;9990;29;;;10009;11;10011;29;;;10001.0;6666.0
-2;372000;INTARIAN_PEPPER_ROOT;10364;16;;;;;10378;10;10380;16;;;10371.0;28900.0
-2;372100;ASH_COATED_OSMIUM;9993;14;;;;;9998;8;10009;14;10011;29;9995.5;7009.0
-2;372100;INTARIAN_PEPPER_ROOT;10366;11;10364;25;;;10378;11;;;;;10372.0;28980.0
-2;372200;ASH_COATED_OSMIUM;9992;14;9990;28;;;10008;14;10011;28;;;10000.0;6748.0
-2;372200;INTARIAN_PEPPER_ROOT;10364;15;;;;;10378;11;10380;15;;;10371.0;28900.0
-2;372300;ASH_COATED_OSMIUM;;;;;;;10002;2;10011;24;;;10002.0;6632.0
-2;372300;INTARIAN_PEPPER_ROOT;10364;25;;;;;10381;25;;;;;10372.5;29020.0
-2;372400;ASH_COATED_OSMIUM;9992;10;9990;20;;;10002;2;10011;20;;;9997.0;6922.0
-2;372400;INTARIAN_PEPPER_ROOT;10367;9;;;;;10381;19;;;;;10374.0;29140.0
-2;372500;ASH_COATED_OSMIUM;9993;14;9990;20;;;10011;20;;;;;10002.0;6632.0
-2;372500;INTARIAN_PEPPER_ROOT;10367;12;10364;20;;;10381;20;;;;;10374.0;29140.0
-2;372600;ASH_COATED_OSMIUM;9990;30;;;;;10009;14;10011;30;;;9999.5;6828.0
-2;372600;INTARIAN_PEPPER_ROOT;10367;10;10364;17;;;10378;10;;;;;10372.5;29020.0
-2;372700;ASH_COATED_OSMIUM;9993;11;9990;22;;;10009;11;;;;;10001.0;6750.0
-2;372700;INTARIAN_PEPPER_ROOT;10364;24;;;;;10378;10;10381;24;;;10371.0;28900.0
-2;372800;ASH_COATED_OSMIUM;9992;13;9990;26;;;10008;13;10011;26;;;10000.0;6802.0
-2;372800;INTARIAN_PEPPER_ROOT;10367;9;10365;24;;;10378;9;10381;24;;;10372.5;29020.0
-2;372900;ASH_COATED_OSMIUM;9993;15;9990;21;;;10009;15;10011;21;;;10001.0;6750.0
-2;372900;INTARIAN_PEPPER_ROOT;10365;18;;;;;10379;8;10381;18;;;10372.0;28980.0
-2;373000;ASH_COATED_OSMIUM;9991;21;;;;;10009;12;10012;21;;;10000.0;6802.0
-2;373000;INTARIAN_PEPPER_ROOT;10367;11;10365;21;;;10379;11;10381;21;;;10373.0;29060.0
-2;373100;ASH_COATED_OSMIUM;9993;12;;;;;10009;12;;;;;10001.0;6750.0
-2;373100;INTARIAN_PEPPER_ROOT;10365;25;;;;;10379;11;10381;25;;;10372.0;28980.0
-2;373200;ASH_COATED_OSMIUM;9993;14;9990;23;;;10009;14;;;;;10001.0;6750.0
-2;373200;INTARIAN_PEPPER_ROOT;10368;8;10365;20;;;10381;20;;;;;10374.5;29180.0
-2;373300;ASH_COATED_OSMIUM;9993;12;9990;22;;;10011;22;;;;;10002.0;6698.0
-2;373300;INTARIAN_PEPPER_ROOT;10368;8;10365;25;;;10379;8;10382;25;;;10373.5;29100.0
-2;373400;ASH_COATED_OSMIUM;9993;14;9990;21;;;10011;21;;;;;10002.0;6698.0
-2;373400;INTARIAN_PEPPER_ROOT;10368;12;10365;23;;;10379;12;;;;;10373.5;29100.0
-2;373500;ASH_COATED_OSMIUM;9993;13;9990;24;;;10009;13;10011;24;;;10001.0;6750.0
-2;373500;INTARIAN_PEPPER_ROOT;10368;11;;;;;10379;11;10382;15;;;10373.5;29100.0
-2;373600;ASH_COATED_OSMIUM;;;;;;;10009;11;10011;25;;;10009.0;6334.0
-2;373600;INTARIAN_PEPPER_ROOT;10368;11;10365;17;;;10379;11;10382;17;;;10373.5;29100.0
-2;373700;ASH_COATED_OSMIUM;9992;12;9990;28;;;10008;12;10011;28;;;10000.0;6802.0
-2;373700;INTARIAN_PEPPER_ROOT;10368;9;10365;22;;;10379;9;10382;22;;;10373.5;29100.0
-2;373800;ASH_COATED_OSMIUM;9993;14;9990;20;;;10009;14;10011;20;;;10001.0;6750.0
-2;373800;INTARIAN_PEPPER_ROOT;10368;12;10366;23;;;10379;12;10382;23;;;10373.5;29100.0
-2;373900;ASH_COATED_OSMIUM;9993;10;9990;28;;;10009;10;10011;28;;;10001.0;6750.0
-2;373900;INTARIAN_PEPPER_ROOT;10368;10;;;;;10380;10;10382;17;;;10374.0;29140.0
-2;374000;ASH_COATED_OSMIUM;9993;10;9990;22;;;10009;10;10011;22;;;10001.0;6750.0
-2;374000;INTARIAN_PEPPER_ROOT;10368;9;10366;19;;;10376;9;10380;9;10382;19;10372.0;28980.0
-2;374100;ASH_COATED_OSMIUM;9993;12;9990;24;;;10009;12;10011;24;;;10001.0;6750.0
-2;374100;INTARIAN_PEPPER_ROOT;10368;12;10366;20;;;10380;12;10382;20;;;10374.0;29140.0
-2;374200;ASH_COATED_OSMIUM;9992;10;9989;20;;;10008;10;10010;20;;;10000.0;6802.0
-2;374200;INTARIAN_PEPPER_ROOT;10369;10;10366;16;;;10380;10;10382;16;;;10374.5;29180.0
-2;374300;ASH_COATED_OSMIUM;9992;14;9989;28;;;10008;14;10010;28;;;10000.0;6802.0
-2;374300;INTARIAN_PEPPER_ROOT;10369;9;10366;20;;;10380;9;10383;20;;;10374.5;29180.0
-2;374400;ASH_COATED_OSMIUM;9993;15;9990;27;;;10009;15;10011;27;;;10001.0;6750.0
-2;374400;INTARIAN_PEPPER_ROOT;10366;18;;;;;10383;18;;;;;10374.5;29180.0
-2;374500;ASH_COATED_OSMIUM;9993;12;9990;27;;;10009;12;;;;;10001.0;6750.0
-2;374500;INTARIAN_PEPPER_ROOT;10369;9;10366;17;;;10380;9;10383;17;;;10374.5;29180.0
-2;374600;ASH_COATED_OSMIUM;9993;10;9990;24;;;10009;10;;;;;10001.0;6750.0
-2;374600;INTARIAN_PEPPER_ROOT;10369;11;;;;;10380;11;;;;;10374.5;29180.0
-2;374700;ASH_COATED_OSMIUM;9993;15;9991;21;;;10012;21;;;;;10002.5;6672.0
-2;374700;INTARIAN_PEPPER_ROOT;10369;12;10366;22;;;10380;12;;;;;10374.5;29180.0
-2;374800;ASH_COATED_OSMIUM;9993;13;9990;25;;;10009;13;10011;25;;;10001.0;6750.0
-2;374800;INTARIAN_PEPPER_ROOT;10369;10;10367;24;;;10383;24;;;;;10376.0;29300.0
-2;374900;ASH_COATED_OSMIUM;9993;10;9990;23;;;10009;10;10011;23;;;10001.0;6750.0
-2;374900;INTARIAN_PEPPER_ROOT;10367;20;;;;;10381;8;10383;20;;;10374.0;29140.0
-2;375000;ASH_COATED_OSMIUM;9992;13;9990;23;;;10008;13;10011;23;;;10000.0;6802.0
-2;375000;INTARIAN_PEPPER_ROOT;;;;;;;;;;;;;0.0;-800780.0
-2;375100;ASH_COATED_OSMIUM;9992;11;9990;29;;;10008;11;;;;;10000.0;6802.0
-2;375100;INTARIAN_PEPPER_ROOT;10369;12;10367;20;;;10381;12;10383;20;;;10375.0;29220.0
-2;375200;ASH_COATED_OSMIUM;9991;12;9989;26;;;10007;12;10010;26;;;9999.0;6854.0
-2;375200;INTARIAN_PEPPER_ROOT;10370;10;10367;19;;;10381;10;10383;19;;;10375.5;29260.0
-2;375300;ASH_COATED_OSMIUM;9989;20;;;;;10008;13;;;;;9998.5;6880.0
-2;375300;INTARIAN_PEPPER_ROOT;10370;11;10367;24;;;10381;11;10384;24;;;10375.5;29260.0
-2;375400;ASH_COATED_OSMIUM;9989;26;;;;;10007;14;;;;;9998.0;6906.0
-2;375400;INTARIAN_PEPPER_ROOT;10370;12;10367;25;;;10381;12;;;;;10375.5;29260.0
-2;375500;ASH_COATED_OSMIUM;9991;10;9989;22;;;10007;10;10010;22;;;9999.0;6854.0
-2;375500;INTARIAN_PEPPER_ROOT;10370;9;10367;15;;;10381;9;10384;15;;;10375.5;29260.0
-2;375600;ASH_COATED_OSMIUM;9991;15;9989;22;;;10007;15;10010;22;;;9999.0;6854.0
-2;375600;INTARIAN_PEPPER_ROOT;10370;8;10367;17;;;10381;8;10384;17;;;10375.5;29260.0
-2;375700;ASH_COATED_OSMIUM;9992;12;9989;25;;;10008;12;10010;25;;;10000.0;6802.0
-2;375700;INTARIAN_PEPPER_ROOT;10370;8;10367;18;;;10381;8;10384;18;;;10375.5;29260.0
-2;375800;ASH_COATED_OSMIUM;9992;10;9989;22;;;10010;22;;;;;10001.0;6750.0
-2;375800;INTARIAN_PEPPER_ROOT;10370;12;10368;16;;;10381;12;10384;16;;;10375.5;29260.0
-2;375900;ASH_COATED_OSMIUM;9990;22;;;;;10008;13;;;;;9999.0;6854.0
-2;375900;INTARIAN_PEPPER_ROOT;;;;;;;10382;8;10384;19;;;10382.0;29780.0
-2;376000;ASH_COATED_OSMIUM;9992;15;;;;;10008;15;10011;21;;;10000.0;6802.0
-2;376000;INTARIAN_PEPPER_ROOT;10368;20;;;;;10382;9;10384;20;;;10375.0;29220.0
-2;376100;ASH_COATED_OSMIUM;9992;10;9989;21;;;10010;21;;;;;10001.0;6750.0
-2;376100;INTARIAN_PEPPER_ROOT;10370;9;10368;18;;;10382;9;10384;18;;;10376.0;29300.0
-2;376200;ASH_COATED_OSMIUM;9989;24;;;;;10008;14;10010;24;;;9998.5;6880.0
-2;376200;INTARIAN_PEPPER_ROOT;;;;;;;10382;11;10384;15;;;10382.0;29780.0
-2;376300;ASH_COATED_OSMIUM;9992;15;;;;;9997;6;10008;15;10010;28;9994.5;7073.0
-2;376300;INTARIAN_PEPPER_ROOT;10371;10;10368;23;;;10385;23;;;;;10378.0;29460.0
-2;376400;ASH_COATED_OSMIUM;9992;12;9989;22;;;10008;12;10010;22;;;10000.0;6820.0
-2;376400;INTARIAN_PEPPER_ROOT;10371;12;;;;;10382;12;10385;19;;;10376.5;29340.0
-2;376500;ASH_COATED_OSMIUM;9992;11;9989;25;;;10008;11;10010;25;;;10000.0;6820.0
-2;376500;INTARIAN_PEPPER_ROOT;;;;;;;10382;9;10385;22;;;10382.0;29780.0
-2;376600;ASH_COATED_OSMIUM;9992;14;9990;30;;;10008;14;10011;30;;;10000.0;6820.0
-2;376600;INTARIAN_PEPPER_ROOT;10368;22;;;;;10382;9;10385;22;;;10375.0;29220.0
-2;376700;ASH_COATED_OSMIUM;9992;13;9989;24;;;10008;13;10010;24;;;10000.0;6820.0
-2;376700;INTARIAN_PEPPER_ROOT;10371;8;10368;18;;;10385;18;;;;;10378.0;29460.0
-2;376800;ASH_COATED_OSMIUM;9992;10;9990;22;;;10008;10;10011;22;;;10000.0;6820.0
-2;376800;INTARIAN_PEPPER_ROOT;10371;8;10369;24;;;10385;24;;;;;10378.0;29460.0
-2;376900;ASH_COATED_OSMIUM;9992;11;;;;;10008;11;10011;20;;;10000.0;6820.0
-2;376900;INTARIAN_PEPPER_ROOT;10371;12;10369;16;;;10383;12;10385;16;;;10377.0;29380.0
-2;377000;ASH_COATED_OSMIUM;9990;28;;;;;10002;4;10011;28;;;9996.0;7004.0
-2;377000;INTARIAN_PEPPER_ROOT;10371;9;;;;;10383;9;10385;24;;;10377.0;29380.0
-2;377100;ASH_COATED_OSMIUM;9992;12;9990;25;;;10008;12;10011;25;;;10000.0;6820.0
-2;377100;INTARIAN_PEPPER_ROOT;10371;12;10369;19;;;10383;12;;;;;10377.0;29380.0
-2;377200;ASH_COATED_OSMIUM;9992;14;9990;21;;;10008;14;10011;21;;;10000.0;6820.0
-2;377200;INTARIAN_PEPPER_ROOT;10372;11;;;;;10383;11;;;;;10377.5;29420.0
-2;377300;ASH_COATED_OSMIUM;9990;20;;;;;10011;20;;;;;10000.5;6797.0
-2;377300;INTARIAN_PEPPER_ROOT;10372;10;10369;20;;;10383;10;10386;20;;;10377.5;29420.0
-2;377400;ASH_COATED_OSMIUM;9993;14;9990;28;;;10009;14;10011;28;;;10001.0;6774.0
-2;377400;INTARIAN_PEPPER_ROOT;10372;8;10369;17;;;10386;17;;;;;10379.0;29540.0
-2;377500;ASH_COATED_OSMIUM;9992;13;;;;;9998;8;10008;13;10011;24;9995.0;7026.0
-2;377500;INTARIAN_PEPPER_ROOT;10372;11;;;;;10383;11;10386;23;;;10377.5;29420.0
-2;377600;ASH_COATED_OSMIUM;9993;10;9990;21;;;10009;10;10011;21;;;10001.0;6798.0
-2;377600;INTARIAN_PEPPER_ROOT;10369;20;;;;;10383;10;10386;20;;;10376.0;29300.0
-2;377700;ASH_COATED_OSMIUM;9990;21;;;;;10008;15;10011;21;;;9999.0;6874.0
-2;377700;INTARIAN_PEPPER_ROOT;10372;9;10369;22;;;10383;9;10386;22;;;10377.5;29420.0
-2;377800;ASH_COATED_OSMIUM;9990;30;;;;;10008;10;10011;30;;;9999.0;6930.0
-2;377800;INTARIAN_PEPPER_ROOT;10372;8;10370;18;;;10383;8;10386;18;;;10377.5;29420.0
-2;377900;ASH_COATED_OSMIUM;9992;15;;;;;10011;26;;;;;10001.5;6817.5
-2;377900;INTARIAN_PEPPER_ROOT;10372;11;10370;19;;;10384;11;10386;19;;;10378.0;29460.0
-2;378000;ASH_COATED_OSMIUM;9992;14;9990;27;;;10008;14;10011;27;;;10000.0;6885.0
-2;378000;INTARIAN_PEPPER_ROOT;10372;9;10370;16;;;10384;9;;;;;10378.0;29460.0
-2;378100;ASH_COATED_OSMIUM;9993;13;;;;;10009;13;10011;30;;;10001.0;6840.0
-2;378100;INTARIAN_PEPPER_ROOT;10372;12;10370;19;;;;;;;;;10372.0;28980.0
-2;378200;ASH_COATED_OSMIUM;9993;14;;;;;10012;23;;;;;10002.5;6772.5
-2;378200;INTARIAN_PEPPER_ROOT;10370;24;;;;;10384;11;;;;;10377.0;29380.0
-2;378300;ASH_COATED_OSMIUM;9991;28;;;;;10009;12;;;;;10000.0;6885.0
-2;378300;INTARIAN_PEPPER_ROOT;10373;10;10370;16;;;;;;;;;10373.0;29060.0
-2;378400;ASH_COATED_OSMIUM;9993;11;9991;23;;;10009;11;10012;23;;;10001.0;6840.0
-2;378400;INTARIAN_PEPPER_ROOT;10373;10;10370;19;;;10384;10;10387;19;;;10378.5;29500.0
-2;378500;ASH_COATED_OSMIUM;9993;15;9991;25;;;10012;25;;;;;10002.5;6772.5
-2;378500;INTARIAN_PEPPER_ROOT;10373;10;10370;24;;;10384;10;10387;24;;;10378.5;29500.0
-2;378600;ASH_COATED_OSMIUM;9993;14;;;;;10009;14;10012;20;;;10001.0;6840.0
-2;378600;INTARIAN_PEPPER_ROOT;;;;;;;10384;11;10387;24;;;10384.0;29940.0
-2;378700;ASH_COATED_OSMIUM;9993;11;9991;22;;;10009;11;;;;;10001.0;6840.0
-2;378700;INTARIAN_PEPPER_ROOT;10370;17;;;;;10384;8;10387;17;;;10377.0;29380.0
-2;378800;ASH_COATED_OSMIUM;9991;24;;;;;10009;11;;;;;10000.0;6885.0
-2;378800;INTARIAN_PEPPER_ROOT;10371;20;;;;;10384;8;10387;20;;;10377.5;29420.0
-2;378900;ASH_COATED_OSMIUM;9994;10;9991;22;;;10010;10;10012;22;;;10002.0;6795.0
-2;378900;INTARIAN_PEPPER_ROOT;10373;9;10371;24;;;;;;;;;10373.0;29060.0
-2;379000;ASH_COATED_OSMIUM;9994;12;9991;20;;;10010;12;10012;20;;;10002.0;6795.0
-2;379000;INTARIAN_PEPPER_ROOT;10373;11;10371;19;;;10385;11;;;;;10379.0;29540.0
-2;379100;ASH_COATED_OSMIUM;9994;10;9991;30;;;10010;10;10012;30;;;10002.0;6795.0
-2;379100;INTARIAN_PEPPER_ROOT;10373;9;10371;19;;;10385;9;10387;19;;;10379.0;29540.0
-2;379200;ASH_COATED_OSMIUM;9994;10;;;;;10010;10;10012;20;;;10002.0;6795.0
-2;379200;INTARIAN_PEPPER_ROOT;10374;11;10371;19;;;10387;19;;;;;10380.5;29660.0
-2;379300;ASH_COATED_OSMIUM;9994;13;9992;29;;;10010;13;10013;29;;;10002.0;6795.0
-2;379300;INTARIAN_PEPPER_ROOT;;;;;;;10385;10;10388;15;;;10385.0;30020.0
-2;379400;ASH_COATED_OSMIUM;9991;22;;;;;10010;13;;;;;10000.5;6862.5
-2;379400;INTARIAN_PEPPER_ROOT;10374;12;;;;;10385;12;;;;;10379.5;29580.0
-2;379500;ASH_COATED_OSMIUM;;;;;;;10010;11;;;;;10010.0;6435.0
-2;379500;INTARIAN_PEPPER_ROOT;10371;19;;;;;10385;8;10388;19;;;10378.0;29460.0
-2;379600;ASH_COATED_OSMIUM;9994;10;9991;30;;;10010;10;;;;;10002.0;6809.0
-2;379600;INTARIAN_PEPPER_ROOT;10371;15;;;;;10376;6;10385;12;;;10373.5;29100.0
-2;379700;ASH_COATED_OSMIUM;9991;30;;;;;10009;13;10012;30;;;10000.0;6895.0
-2;379700;INTARIAN_PEPPER_ROOT;10374;10;10371;24;;;10385;10;10388;24;;;10379.5;29580.0
-2;379800;ASH_COATED_OSMIUM;;;;;;;10009;11;10012;21;;;10009.0;6508.0
-2;379800;INTARIAN_PEPPER_ROOT;10374;10;10372;17;;;10385;10;10388;17;;;10379.5;29580.0
-2;379900;ASH_COATED_OSMIUM;9994;14;9991;25;;;10010;14;10012;25;;;10002.0;6809.0
-2;379900;INTARIAN_PEPPER_ROOT;;;;;;;10386;11;10388;25;;;10386.0;30100.0
-2;380000;ASH_COATED_OSMIUM;9993;14;9991;30;;;10009;14;10012;30;;;10001.0;6852.0
-2;380000;INTARIAN_PEPPER_ROOT;10374;9;10372;22;;;10386;9;10388;22;;;10380.0;29620.0
-2;380100;ASH_COATED_OSMIUM;9994;10;9991;28;;;10010;10;10012;28;;;10002.0;6809.0
-2;380100;INTARIAN_PEPPER_ROOT;;;;;;;10388;20;;;;;10388.0;30260.0
-2;380200;ASH_COATED_OSMIUM;9993;14;9991;21;;;10012;21;;;;;10002.5;6787.5
-2;380200;INTARIAN_PEPPER_ROOT;10375;8;;;;;10388;18;;;;;10381.5;29740.0
-2;380300;ASH_COATED_OSMIUM;9991;26;;;;;10010;14;10012;26;;;10000.5;6873.5
-2;380300;INTARIAN_PEPPER_ROOT;10375;10;10372;21;;;10386;10;10389;21;;;10380.5;29660.0
-2;380400;ASH_COATED_OSMIUM;9993;11;;;;;10009;11;10012;27;;;10001.0;6852.0
-2;380400;INTARIAN_PEPPER_ROOT;10375;10;10372;19;;;10389;19;;;;;10382.0;29780.0
-2;380500;ASH_COATED_OSMIUM;9991;20;;;;;10009;10;10012;20;;;10000.0;6895.0
-2;380500;INTARIAN_PEPPER_ROOT;10375;12;10372;17;;;;;;;;;10375.0;29220.0
-2;380600;ASH_COATED_OSMIUM;9999;3;9993;12;9991;28;10012;28;;;;;10005.5;6658.5
-2;380600;INTARIAN_PEPPER_ROOT;10375;11;10372;21;;;10386;11;10389;21;;;10380.5;29660.0
-2;380700;ASH_COATED_OSMIUM;9993;10;9991;22;;;10009;10;10012;22;;;10001.0;6852.0
-2;380700;INTARIAN_PEPPER_ROOT;10375;10;;;;;10386;10;;;;;10380.5;29660.0
-2;380800;ASH_COATED_OSMIUM;9994;10;9991;22;;;10010;10;10012;22;;;10002.0;6809.0
-2;380800;INTARIAN_PEPPER_ROOT;10373;17;;;;;;;;;;;10373.0;29060.0
-2;380900;ASH_COATED_OSMIUM;9994;13;9991;21;;;10010;13;10012;21;;;10002.0;6809.0
-2;380900;INTARIAN_PEPPER_ROOT;10375;8;10373;21;;;;;;;;;10375.0;29220.0
-2;381000;ASH_COATED_OSMIUM;9994;15;9991;24;;;10010;15;10012;24;;;10002.0;6809.0
-2;381000;INTARIAN_PEPPER_ROOT;10375;11;10373;25;;;10387;11;10389;25;;;10381.0;29700.0
-2;381100;ASH_COATED_OSMIUM;9994;14;9991;30;;;;;;;;;9994.0;7153.0
-2;381100;INTARIAN_PEPPER_ROOT;10379;5;10375;12;10373;21;10389;21;;;;;10384.0;29940.0
-2;381200;ASH_COATED_OSMIUM;9994;13;9991;29;;;10010;13;10012;29;;;10002.0;6809.0
-2;381200;INTARIAN_PEPPER_ROOT;10376;12;10373;16;;;10387;12;10389;16;;;10381.5;29740.0
-2;381300;ASH_COATED_OSMIUM;9994;13;9991;23;;;10010;13;10012;23;;;10002.0;6809.0
-2;381300;INTARIAN_PEPPER_ROOT;;;;;;;10387;9;10390;16;;;10387.0;30180.0
-2;381400;ASH_COATED_OSMIUM;9994;12;;;;;10010;12;10013;26;;;10002.0;6809.0
-2;381400;INTARIAN_PEPPER_ROOT;10376;9;10373;22;;;10387;9;;;;;10381.5;29740.0
-2;381500;ASH_COATED_OSMIUM;9994;12;9992;29;;;10010;12;10013;29;;;10002.0;6809.0
-2;381500;INTARIAN_PEPPER_ROOT;10373;20;;;;;;;;;;;10373.0;29060.0
-2;381600;ASH_COATED_OSMIUM;9991;28;;;;;10010;13;;;;;10000.5;6873.5
-2;381600;INTARIAN_PEPPER_ROOT;10373;19;;;;;;;;;;;10373.0;29060.0
-2;381700;ASH_COATED_OSMIUM;9994;13;9992;21;;;10010;13;10013;21;;;10002.0;6809.0
-2;381700;INTARIAN_PEPPER_ROOT;10373;16;;;;;10387;10;10390;16;;;10380.0;29620.0
-2;381800;ASH_COATED_OSMIUM;9995;15;9993;26;;;10011;15;;;;;10003.0;6766.0
-2;381800;INTARIAN_PEPPER_ROOT;10374;22;;;;;10387;12;10390;22;;;10380.5;29660.0
-2;381900;ASH_COATED_OSMIUM;9995;11;9993;21;;;10011;11;10014;21;;;10003.0;6766.0
-2;381900;INTARIAN_PEPPER_ROOT;10376;9;10374;20;;;10388;9;;;;;10382.0;29780.0
-2;382000;ASH_COATED_OSMIUM;9996;11;9993;25;;;10012;11;10014;25;;;10004.0;6723.0
-2;382000;INTARIAN_PEPPER_ROOT;10376;8;10374;18;;;10388;8;;;;;10382.0;29780.0
-2;382100;ASH_COATED_OSMIUM;9995;15;9993;29;;;10014;29;;;;;10004.5;6701.5
-2;382100;INTARIAN_PEPPER_ROOT;10376;11;10374;18;;;10388;11;10390;18;;;10382.0;29780.0
-2;382200;ASH_COATED_OSMIUM;9995;13;9993;22;;;10011;13;10014;22;;;10003.0;6766.0
-2;382200;INTARIAN_PEPPER_ROOT;10377;10;10374;25;;;10390;25;;;;;10383.5;29900.0
-2;382300;ASH_COATED_OSMIUM;9996;14;9994;22;;;10006;5;10012;14;10015;22;10001.0;6852.0
-2;382300;INTARIAN_PEPPER_ROOT;10377;8;;;;;10388;8;10391;24;;;10382.5;29820.0
-2;382400;ASH_COATED_OSMIUM;9997;15;9994;30;;;10013;15;10015;30;;;10005.0;6680.0
-2;382400;INTARIAN_PEPPER_ROOT;10374;23;;;;;10388;11;;;;;10381.0;29700.0
-2;382500;ASH_COATED_OSMIUM;9996;14;9994;24;;;10015;24;;;;;10005.5;6658.5
-2;382500;INTARIAN_PEPPER_ROOT;10377;11;10374;20;;;10388;11;10391;20;;;10382.5;29820.0
-2;382600;ASH_COATED_OSMIUM;9997;15;9994;27;;;10013;15;10015;27;;;10005.0;6680.0
-2;382600;INTARIAN_PEPPER_ROOT;10377;11;10374;15;;;10388;11;10391;15;;;10382.5;29820.0
-2;382700;ASH_COATED_OSMIUM;9997;11;9994;30;;;10015;30;;;;;10006.0;6637.0
-2;382700;INTARIAN_PEPPER_ROOT;10377;8;;;;;10388;8;10391;21;;;10382.5;29820.0
-2;382800;ASH_COATED_OSMIUM;9996;15;9994;22;;;10012;15;10015;22;;;10004.0;6723.0
-2;382800;INTARIAN_PEPPER_ROOT;10377;11;10375;16;;;10388;11;10391;16;;;10382.5;29820.0
-2;382900;ASH_COATED_OSMIUM;9997;11;9994;29;;;10013;11;10015;29;;;10005.0;6680.0
-2;382900;INTARIAN_PEPPER_ROOT;10377;12;10375;18;;;10389;12;10391;18;;;10383.0;29860.0
-2;383000;ASH_COATED_OSMIUM;9996;11;9994;24;;;10012;11;10015;24;;;10004.0;6723.0
-2;383000;INTARIAN_PEPPER_ROOT;10377;12;10375;23;;;;;;;;;10377.0;29380.0
-2;383100;ASH_COATED_OSMIUM;9996;10;9993;28;;;10012;10;;;;;10004.0;6723.0
-2;383100;INTARIAN_PEPPER_ROOT;;;;;;;10389;12;10391;24;;;10389.0;30340.0
-2;383200;ASH_COATED_OSMIUM;9996;12;9993;26;;;10012;12;10014;26;;;10004.0;6723.0
-2;383200;INTARIAN_PEPPER_ROOT;10378;9;10375;23;;;;;;;;;10378.0;29460.0
-2;383300;ASH_COATED_OSMIUM;9996;12;;;;;10012;12;10014;27;;;10004.0;6723.0
-2;383300;INTARIAN_PEPPER_ROOT;;;;;;;10389;8;10392;23;;;10389.0;30340.0
-2;383400;ASH_COATED_OSMIUM;9995;12;9993;23;;;10011;12;10014;23;;;10003.0;6766.0
-2;383400;INTARIAN_PEPPER_ROOT;10378;11;10375;18;;;;;;;;;10378.0;29460.0
-2;383500;ASH_COATED_OSMIUM;9996;14;;;;;10012;14;10014;22;;;10004.0;6723.0
-2;383500;INTARIAN_PEPPER_ROOT;10375;22;;;;;10389;10;10392;22;;;10382.0;29780.0
-2;383600;ASH_COATED_OSMIUM;9995;15;;;;;10011;15;10014;20;;;10003.0;6766.0
-2;383600;INTARIAN_PEPPER_ROOT;10378;12;10375;17;;;10380;7;10389;12;10392;17;10379.0;29540.0
-2;383700;ASH_COATED_OSMIUM;9995;13;;;;;10014;25;;;;;10004.5;6701.5
-2;383700;INTARIAN_PEPPER_ROOT;10378;9;10375;25;;;10389;9;;;;;10383.5;29900.0
-2;383800;ASH_COATED_OSMIUM;9995;10;9993;27;;;10011;10;10014;27;;;10003.0;6766.0
-2;383800;INTARIAN_PEPPER_ROOT;10378;11;10376;21;;;10389;11;10392;21;;;10383.5;29900.0
-2;383900;ASH_COATED_OSMIUM;9995;15;9992;21;;;10000;5;10011;15;10013;21;9997.5;6990.0
-2;383900;INTARIAN_PEPPER_ROOT;10378;12;10376;25;;;10390;12;;;;;10384.0;29940.0
-2;384000;ASH_COATED_OSMIUM;9995;14;9992;22;;;10011;14;10013;22;;;10003.0;6781.0
-2;384000;INTARIAN_PEPPER_ROOT;10378;9;10376;24;;;10390;9;10392;24;;;10384.0;29940.0
-2;384100;ASH_COATED_OSMIUM;9995;11;9992;30;;;10011;11;10013;30;;;10003.0;6781.0
-2;384100;INTARIAN_PEPPER_ROOT;10378;12;;;;;10390;12;10392;21;;;10384.0;29940.0
-2;384200;ASH_COATED_OSMIUM;9995;10;9992;26;;;10011;10;10013;26;;;10003.0;6781.0
-2;384200;INTARIAN_PEPPER_ROOT;10379;11;10376;22;;;10392;22;;;;;10385.5;30060.0
-2;384300;ASH_COATED_OSMIUM;9995;15;9992;26;;;;;;;;;9995.0;7085.0
-2;384300;INTARIAN_PEPPER_ROOT;10382;8;10379;10;10376;17;10390;10;;;;;10386.0;30100.0
-2;384400;ASH_COATED_OSMIUM;9995;14;9992;23;;;10013;23;;;;;10004.0;6743.0
-2;384400;INTARIAN_PEPPER_ROOT;10379;12;10376;21;;;10390;12;;;;;10384.5;29980.0
-2;384500;ASH_COATED_OSMIUM;9995;10;9992;26;;;10011;10;10013;26;;;10003.0;6781.0
-2;384500;INTARIAN_PEPPER_ROOT;10379;8;10376;16;;;10390;8;10393;16;;;10384.5;29980.0
-2;384600;ASH_COATED_OSMIUM;9995;11;9992;29;;;10013;29;;;;;10004.0;6743.0
-2;384600;INTARIAN_PEPPER_ROOT;10379;11;10376;25;;;10390;11;;;;;10384.5;29980.0
-2;384700;ASH_COATED_OSMIUM;9995;14;9992;30;;;10004;3;10011;14;;;9999.5;6914.0
-2;384700;INTARIAN_PEPPER_ROOT;10379;10;10376;21;;;10390;10;10393;21;;;10384.5;29980.0
-2;384800;ASH_COATED_OSMIUM;10004;6;10000;4;9992;20;10011;14;10013;20;;;10007.5;6589.0
-2;384800;INTARIAN_PEPPER_ROOT;10379;11;;;;;;;;;;;10379.0;29540.0
-2;384900;ASH_COATED_OSMIUM;;;;;;;10011;13;10013;25;;;10011.0;6435.0
-2;384900;INTARIAN_PEPPER_ROOT;10379;12;10377;15;;;10391;12;10393;15;;;10385.0;30020.0
-2;385000;ASH_COATED_OSMIUM;9995;14;;;;;10005;1;10011;14;10014;29;10000.0;6919.0
-2;385000;INTARIAN_PEPPER_ROOT;10379;9;10377;25;;;10391;9;10393;25;;;10385.0;30020.0
-2;385100;ASH_COATED_OSMIUM;9995;13;9993;26;;;;;;;;;9995.0;7139.0
-2;385100;INTARIAN_PEPPER_ROOT;10379;11;;;;;10391;11;10393;23;;;10385.0;30020.0
-2;385200;ASH_COATED_OSMIUM;9992;24;;;;;10011;13;10013;24;;;10001.5;6853.0
-2;385200;INTARIAN_PEPPER_ROOT;10380;8;10377;25;;;10391;8;10393;25;;;10385.5;30060.0
-2;385300;ASH_COATED_OSMIUM;9994;13;9992;25;;;10010;13;10013;25;;;10002.0;6831.0
-2;385300;INTARIAN_PEPPER_ROOT;10380;10;10377;18;;;;;;;;;10380.0;29620.0
-2;385400;ASH_COATED_OSMIUM;9992;28;;;;;10010;15;10013;28;;;10001.0;6875.0
-2;385400;INTARIAN_PEPPER_ROOT;10377;16;;;;;10391;9;10394;16;;;10384.0;29940.0
-2;385500;ASH_COATED_OSMIUM;9994;11;;;;;10010;11;;;;;10002.0;6831.0
-2;385500;INTARIAN_PEPPER_ROOT;10380;12;;;;;10391;12;10394;19;;;10385.5;30060.0
-2;385600;ASH_COATED_OSMIUM;9994;12;9991;23;;;10010;12;10012;23;;;10002.0;6831.0
-2;385600;INTARIAN_PEPPER_ROOT;10380;8;10377;17;;;10391;8;10394;17;;;10385.5;30060.0
-2;385700;ASH_COATED_OSMIUM;9994;12;9992;26;;;10010;12;10013;26;;;10002.0;6831.0
-2;385700;INTARIAN_PEPPER_ROOT;10380;9;10377;19;;;10391;9;10394;19;;;10385.5;30060.0
-2;385800;ASH_COATED_OSMIUM;;;;;;;10010;10;10013;27;;;10010.0;6479.0
-2;385800;INTARIAN_PEPPER_ROOT;10380;10;10378;17;;;10391;10;10394;17;;;10385.5;30060.0
-2;385900;ASH_COATED_OSMIUM;9994;15;9992;27;;;10010;15;10013;27;;;10002.0;6831.0
-2;385900;INTARIAN_PEPPER_ROOT;10380;10;10378;20;;;10392;10;10394;20;;;10386.0;30100.0
-2;386000;ASH_COATED_OSMIUM;10000;2;9994;14;9992;22;10010;14;10013;22;;;10005.0;6699.0
-2;386000;INTARIAN_PEPPER_ROOT;10383;7;10380;12;10378;15;10392;12;10394;15;;;10387.5;30220.0
-2;386100;ASH_COATED_OSMIUM;9994;15;9992;20;;;10010;15;10013;20;;;10002.0;6831.0
-2;386100;INTARIAN_PEPPER_ROOT;10380;10;10378;19;;;10392;10;;;;;10386.0;30100.0
-2;386200;ASH_COATED_OSMIUM;9994;13;9992;24;;;10013;24;;;;;10003.5;6765.0
-2;386200;INTARIAN_PEPPER_ROOT;10381;8;;;;;10392;8;10394;25;;;10386.5;30140.0
-2;386300;ASH_COATED_OSMIUM;9994;11;9992;22;;;10010;11;10013;22;;;10002.0;6831.0
-2;386300;INTARIAN_PEPPER_ROOT;10381;9;10378;16;;;10392;9;;;;;10386.5;30140.0
-2;386400;ASH_COATED_OSMIUM;9994;12;9992;24;;;10013;24;;;;;10003.5;6765.0
-2;386400;INTARIAN_PEPPER_ROOT;10381;12;10378;24;;;10392;12;10395;24;;;10386.5;30140.0
-2;386500;ASH_COATED_OSMIUM;9994;14;9992;23;;;10010;14;;;;;10002.0;6831.0
-2;386500;INTARIAN_PEPPER_ROOT;10378;18;;;;;10392;12;;;;;10385.0;30020.0
-2;386600;ASH_COATED_OSMIUM;9994;10;9992;27;;;10010;10;10013;27;;;10002.0;6831.0
-2;386600;INTARIAN_PEPPER_ROOT;10381;8;10378;23;;;10392;8;10395;23;;;10386.5;30140.0
-2;386700;ASH_COATED_OSMIUM;;;;;;;;;;;;;0.0;446919.0
-2;386700;INTARIAN_PEPPER_ROOT;10381;12;;;;;10392;12;10395;22;;;10386.5;30140.0
-2;386800;ASH_COATED_OSMIUM;9994;13;;;;;10010;13;10013;25;;;10002.0;6831.0
-2;386800;INTARIAN_PEPPER_ROOT;10381;10;10379;19;;;10392;10;10395;19;;;10386.5;30140.0
-2;386900;ASH_COATED_OSMIUM;9994;12;9991;26;;;10010;12;10012;26;;;10002.0;6831.0
-2;386900;INTARIAN_PEPPER_ROOT;10381;10;10379;15;;;10393;10;10395;15;;;10387.0;30180.0
-2;387000;ASH_COATED_OSMIUM;9993;14;;;;;10009;14;;;;;10001.0;6875.0
-2;387000;INTARIAN_PEPPER_ROOT;10381;11;10379;19;;;10393;11;10395;19;;;10387.0;30180.0
-2;387100;ASH_COATED_OSMIUM;9994;11;9991;22;;;10010;11;;;;;10002.0;6887.0
-2;387100;INTARIAN_PEPPER_ROOT;10381;10;10379;20;;;;;;;;;10381.0;29700.0
-2;387200;ASH_COATED_OSMIUM;9994;14;9991;24;;;;;;;;;9994.0;7223.0
-2;387200;INTARIAN_PEPPER_ROOT;10379;22;;;;;10393;11;10395;22;;;10386.0;30100.0
-2;387300;ASH_COATED_OSMIUM;9994;13;;;;;10012;27;;;;;10003.0;6845.0
-2;387300;INTARIAN_PEPPER_ROOT;10382;8;10379;18;;;10393;8;10396;18;;;10387.5;30220.0
-2;387400;ASH_COATED_OSMIUM;9994;13;9991;28;;;10010;13;10012;28;;;10002.0;6887.0
-2;387400;INTARIAN_PEPPER_ROOT;10382;10;10379;25;;;10396;25;;;;;10389.0;30340.0
-2;387500;ASH_COATED_OSMIUM;9993;13;9991;27;;;10012;27;;;;;10002.5;6866.0
-2;387500;INTARIAN_PEPPER_ROOT;10385;6;10382;9;;;10396;18;;;;;10390.5;30460.0
-2;387600;ASH_COATED_OSMIUM;9993;14;9991;26;;;10012;26;;;;;10002.5;6866.0
-2;387600;INTARIAN_PEPPER_ROOT;10382;8;10379;25;;;10393;8;10396;25;;;10387.5;30220.0
-2;387700;ASH_COATED_OSMIUM;9993;15;;;;;10009;15;;;;;10001.0;6929.0
-2;387700;INTARIAN_PEPPER_ROOT;10379;25;;;;;10393;10;10396;25;;;10386.0;30100.0
-2;387800;ASH_COATED_OSMIUM;9993;14;9991;22;;;10009;14;;;;;10001.0;6929.0
-2;387800;INTARIAN_PEPPER_ROOT;10382;9;10380;19;;;10393;9;10396;19;;;10387.5;30220.0
-2;387900;ASH_COATED_OSMIUM;9993;12;;;;;10009;12;10011;21;;;10001.0;6929.0
-2;387900;INTARIAN_PEPPER_ROOT;10382;11;10380;24;;;10394;11;10396;24;;;10388.0;30260.0
-2;388000;ASH_COATED_OSMIUM;9993;13;9991;23;;;;;;;;;9993.0;7265.0
-2;388000;INTARIAN_PEPPER_ROOT;10382;9;10380;24;;;10394;9;10396;24;;;10388.0;30260.0
-2;388100;ASH_COATED_OSMIUM;9994;10;9991;23;;;10010;10;10012;23;;;10002.0;6887.0
-2;388100;INTARIAN_PEPPER_ROOT;10380;15;;;;;10394;9;10396;15;;;10387.0;30180.0
-2;388200;ASH_COATED_OSMIUM;9994;15;9991;26;;;;;;;;;9994.0;7223.0
-2;388200;INTARIAN_PEPPER_ROOT;10383;12;10380;15;;;10394;12;;;;;10388.5;30300.0
-2;388300;ASH_COATED_OSMIUM;9993;13;9991;20;;;10009;13;;;;;10001.0;6929.0
-2;388300;INTARIAN_PEPPER_ROOT;10383;12;10380;17;;;10394;12;;;;;10388.5;30300.0
-2;388400;ASH_COATED_OSMIUM;9993;12;9991;23;;;10012;23;;;;;10002.5;6866.0
-2;388400;INTARIAN_PEPPER_ROOT;10380;19;;;;;10394;8;10397;19;;;10387.0;30180.0
-2;388500;ASH_COATED_OSMIUM;9994;12;9991;22;;;10010;12;;;;;10002.0;6887.0
-2;388500;INTARIAN_PEPPER_ROOT;10383;8;10380;17;;;10394;8;;;;;10388.5;30300.0
-2;388600;ASH_COATED_OSMIUM;9994;12;9991;25;;;10010;12;10012;25;;;10002.0;6887.0
-2;388600;INTARIAN_PEPPER_ROOT;10383;11;10380;19;;;10394;11;10397;19;;;10388.5;30300.0
-2;388700;ASH_COATED_OSMIUM;9995;10;9992;22;;;10011;10;10013;22;;;10003.0;6845.0
-2;388700;INTARIAN_PEPPER_ROOT;10383;10;;;;;10397;21;;;;;10390.0;30420.0
-2;388800;ASH_COATED_OSMIUM;9995;15;9992;25;;;10011;15;10013;25;;;10003.0;6845.0
-2;388800;INTARIAN_PEPPER_ROOT;10383;11;10381;24;;;10394;11;10397;24;;;10388.5;30300.0
-2;388900;ASH_COATED_OSMIUM;9995;11;;;;;10014;25;;;;;10004.5;6782.0
-2;388900;INTARIAN_PEPPER_ROOT;10381;22;;;;;10395;12;;;;;10388.0;30260.0
-2;389000;ASH_COATED_OSMIUM;9995;15;9992;25;;;10011;15;10013;25;;;10003.0;6845.0
-2;389000;INTARIAN_PEPPER_ROOT;10383;9;10381;20;;;10395;9;;;;;10389.0;30340.0
-2;389100;ASH_COATED_OSMIUM;9994;14;9992;25;;;10010;14;10013;25;;;10002.0;6887.0
-2;389100;INTARIAN_PEPPER_ROOT;10392;6;10383;9;;;10395;9;10397;17;;;10393.5;30700.0
-2;389200;ASH_COATED_OSMIUM;9995;14;9993;24;;;;;;;;;9995.0;7181.0
-2;389200;INTARIAN_PEPPER_ROOT;10384;12;10381;19;;;10395;12;10397;19;;;10389.5;30380.0
-2;389300;ASH_COATED_OSMIUM;10005;7;9995;11;;;10011;11;10014;29;;;10008.0;6614.0
-2;389300;INTARIAN_PEPPER_ROOT;10384;10;;;;;10395;10;10398;15;;;10389.5;30380.0
-2;389400;ASH_COATED_OSMIUM;9993;22;;;;;10012;11;10014;22;;;10002.5;6883.5
-2;389400;INTARIAN_PEPPER_ROOT;10384;9;10381;17;;;10395;9;10398;17;;;10389.5;30380.0
-2;389500;ASH_COATED_OSMIUM;9996;10;9993;20;;;10014;20;;;;;10005.0;6761.0
-2;389500;INTARIAN_PEPPER_ROOT;;;;;;;10395;9;10398;15;;;10395.0;30820.0
-2;389600;ASH_COATED_OSMIUM;9996;10;9993;24;;;10012;10;10014;24;;;10004.0;6810.0
-2;389600;INTARIAN_PEPPER_ROOT;;;;;;;10395;9;10398;24;;;10395.0;30820.0
-2;389700;ASH_COATED_OSMIUM;9995;13;9993;25;;;10011;13;10014;25;;;10003.0;6859.0
-2;389700;INTARIAN_PEPPER_ROOT;10384;10;10381;17;;;10391;11;10398;17;;;10387.5;30220.0
-2;389800;ASH_COATED_OSMIUM;9995;14;9993;26;;;10011;14;10014;26;;;10003.0;6859.0
-2;389800;INTARIAN_PEPPER_ROOT;10384;11;;;;;10395;11;10398;24;;;10389.5;30380.0
-2;389900;ASH_COATED_OSMIUM;;;;;;;10000;5;10011;10;10013;28;10000.0;7006.0
-2;389900;INTARIAN_PEPPER_ROOT;10384;9;;;;;10398;21;;;;;10391.0;30500.0
-2;390000;ASH_COATED_OSMIUM;9995;11;9993;23;;;10011;11;10014;23;;;10003.0;6909.0
-2;390000;INTARIAN_PEPPER_ROOT;10384;12;10382;22;;;10396;12;10398;22;;;10390.0;30420.0
-2;390100;ASH_COATED_OSMIUM;9995;15;9993;23;;;10011;15;;;;;10003.0;6909.0
-2;390100;INTARIAN_PEPPER_ROOT;10384;11;10382;16;;;10396;11;10398;16;;;10390.0;30420.0
-2;390200;ASH_COATED_OSMIUM;9996;12;9993;23;;;10012;12;10014;23;;;10004.0;6870.0
-2;390200;INTARIAN_PEPPER_ROOT;10385;12;10382;16;;;10396;12;;;;;10390.5;30460.0
-2;390300;ASH_COATED_OSMIUM;9992;21;;;;;10011;10;;;;;10001.5;6967.5
-2;390300;INTARIAN_PEPPER_ROOT;10385;11;10382;19;;;10396;11;10399;19;;;10390.5;30460.0
-2;390400;ASH_COATED_OSMIUM;9995;10;9992;21;;;10011;10;10013;21;;;10003.0;6909.0
-2;390400;INTARIAN_PEPPER_ROOT;10385;9;10382;24;;;10396;9;10399;24;;;10390.5;30460.0
-2;390500;ASH_COATED_OSMIUM;9995;10;9993;28;;;10011;10;10014;28;;;10003.0;6909.0
-2;390500;INTARIAN_PEPPER_ROOT;10385;12;10382;17;;;10396;12;10399;17;;;10390.5;30460.0
-2;390600;ASH_COATED_OSMIUM;9995;12;9992;27;;;10011;12;10013;27;;;10003.0;6909.0
-2;390600;INTARIAN_PEPPER_ROOT;10385;8;;;;;10396;8;10399;20;;;10390.5;30460.0
-2;390700;ASH_COATED_OSMIUM;9995;12;9993;24;;;10011;12;10014;24;;;10003.0;6909.0
-2;390700;INTARIAN_PEPPER_ROOT;10382;20;;;;;10396;9;10399;20;;;10389.0;30340.0
-2;390800;ASH_COATED_OSMIUM;9995;14;9992;24;;;10011;14;10013;24;;;10003.0;6909.0
-2;390800;INTARIAN_PEPPER_ROOT;10383;17;;;;;10396;9;10399;17;;;10389.5;30380.0
-2;390900;ASH_COATED_OSMIUM;9994;10;9992;25;;;10010;10;10013;25;;;10002.0;6948.0
-2;390900;INTARIAN_PEPPER_ROOT;10385;12;10383;25;;;10397;12;10399;25;;;10391.0;30500.0
-2;391000;ASH_COATED_OSMIUM;9995;14;9992;22;;;10011;14;10013;22;;;10003.0;6909.0
-2;391000;INTARIAN_PEPPER_ROOT;;;;;;;10399;19;;;;;10399.0;31140.0
-2;391100;ASH_COATED_OSMIUM;9995;10;9992;22;;;10011;10;10013;22;;;10003.0;6909.0
-2;391100;INTARIAN_PEPPER_ROOT;10385;11;;;;;10397;11;10399;24;;;10391.0;30500.0
-2;391200;ASH_COATED_OSMIUM;9995;11;;;;;10013;29;;;;;10004.0;6870.0
-2;391200;INTARIAN_PEPPER_ROOT;10383;25;;;;;10397;8;10399;25;;;10390.0;30420.0
-2;391300;ASH_COATED_OSMIUM;9995;14;9993;28;;;10011;14;10014;28;;;10003.0;6909.0
-2;391300;INTARIAN_PEPPER_ROOT;10394;8;10386;11;10383;25;10397;11;10400;25;;;10395.5;30860.0
-2;391400;ASH_COATED_OSMIUM;9995;14;9992;21;;;10011;14;10013;21;;;10003.0;6909.0
-2;391400;INTARIAN_PEPPER_ROOT;10394;5;10386;10;10383;17;10397;10;10400;17;;;10395.5;30860.0
-2;391500;ASH_COATED_OSMIUM;9992;20;;;;;10011;14;10013;20;;;10001.5;7027.0
-2;391500;INTARIAN_PEPPER_ROOT;10386;12;10383;21;;;10397;12;10400;21;;;10391.5;30540.0
-2;391600;ASH_COATED_OSMIUM;9992;25;;;;;10011;14;10013;25;;;10001.5;7027.0
-2;391600;INTARIAN_PEPPER_ROOT;;;;;;;10397;11;;;;;10397.0;30980.0
-2;391700;ASH_COATED_OSMIUM;9995;12;9992;29;;;10011;12;10013;29;;;10003.0;6979.0
-2;391700;INTARIAN_PEPPER_ROOT;10386;10;10383;20;;;10397;10;10400;20;;;10391.5;30540.0
-2;391800;ASH_COATED_OSMIUM;9994;11;9992;30;;;10010;11;;;;;10002.0;7011.0
-2;391800;INTARIAN_PEPPER_ROOT;10386;10;10384;15;;;10397;10;;;;;10391.5;30540.0
-2;391900;ASH_COATED_OSMIUM;9994;15;9992;28;;;10010;15;10013;28;;;10002.0;7011.0
-2;391900;INTARIAN_PEPPER_ROOT;10386;8;10384;25;;;10398;8;;;;;10392.0;30580.0
-2;392000;ASH_COATED_OSMIUM;9991;26;;;;;10010;14;10012;26;;;10000.5;7059.0
-2;392000;INTARIAN_PEPPER_ROOT;;;;;;;10398;11;10400;17;;;10398.0;31060.0
-2;392100;ASH_COATED_OSMIUM;9994;13;9991;21;;;10010;13;10012;21;;;10002.0;7011.0
-2;392100;INTARIAN_PEPPER_ROOT;10386;11;10384;24;;;10398;11;10400;24;;;10392.0;30580.0
-2;392200;ASH_COATED_OSMIUM;9994;11;9991;26;;;10010;11;10012;26;;;10002.0;7011.0
-2;392200;INTARIAN_PEPPER_ROOT;10387;12;10384;18;;;10398;12;;;;;10392.5;30620.0
-2;392300;ASH_COATED_OSMIUM;9994;15;9991;20;;;10012;20;;;;;10003.0;6979.0
-2;392300;INTARIAN_PEPPER_ROOT;;;;;;;10398;12;10401;17;;;10398.0;31060.0
-2;392400;ASH_COATED_OSMIUM;9994;10;;;;;10013;30;;;;;10003.5;6963.0
-2;392400;INTARIAN_PEPPER_ROOT;10387;12;10384;15;;;10398;12;10401;15;;;10392.5;30620.0
-2;392500;ASH_COATED_OSMIUM;9994;15;9992;28;;;10010;15;10013;28;;;10002.0;7011.0
-2;392500;INTARIAN_PEPPER_ROOT;;;;;;;10401;22;;;;;10401.0;31300.0
-2;392600;ASH_COATED_OSMIUM;9992;29;;;;;10010;11;10013;29;;;10001.0;7043.0
-2;392600;INTARIAN_PEPPER_ROOT;10387;8;10384;18;;;10398;8;10401;18;;;10392.5;30620.0
-2;392700;ASH_COATED_OSMIUM;9995;12;9992;22;;;10011;12;10013;22;;;10003.0;6979.0
-2;392700;INTARIAN_PEPPER_ROOT;10387;8;10384;17;;;10398;8;10401;17;;;10392.5;30620.0
-2;392800;ASH_COATED_OSMIUM;9995;11;9992;28;;;10011;11;10013;28;;;10003.0;6979.0
-2;392800;INTARIAN_PEPPER_ROOT;10387;9;;;;;10401;25;;;;;10394.0;30740.0
-2;392900;ASH_COATED_OSMIUM;10000;2;9995;11;9992;23;10013;23;;;;;10006.5;6867.0
-2;392900;INTARIAN_PEPPER_ROOT;10387;10;10385;22;;;10399;10;10401;22;;;10393.0;30660.0
-2;393000;ASH_COATED_OSMIUM;9995;15;9992;21;;;10011;15;10013;21;;;10003.0;6979.0
-2;393000;INTARIAN_PEPPER_ROOT;10387;10;;;;;10401;18;;;;;10394.0;30740.0
-2;393100;ASH_COATED_OSMIUM;10005;7;9995;13;9993;27;10011;13;10014;27;;;10008.0;6798.0
-2;393100;INTARIAN_PEPPER_ROOT;10387;12;10385;21;;;10399;12;;;;;10393.0;30660.0
-2;393200;ASH_COATED_OSMIUM;9995;15;9993;21;;;10011;15;10014;21;;;10003.0;6993.0
-2;393200;INTARIAN_PEPPER_ROOT;10385;23;;;;;10401;23;;;;;10393.0;30660.0
-2;393300;ASH_COATED_OSMIUM;9996;12;9994;21;;;10012;12;;;;;10004.0;6954.0
-2;393300;INTARIAN_PEPPER_ROOT;10388;8;10385;23;;;10402;23;;;;;10395.0;30820.0
-2;393400;ASH_COATED_OSMIUM;9996;15;9994;26;;;10012;15;10015;26;;;10004.0;6954.0
-2;393400;INTARIAN_PEPPER_ROOT;10388;8;10385;20;;;10399;8;10402;20;;;10393.5;30700.0
-2;393500;ASH_COATED_OSMIUM;9997;14;9994;29;;;10013;14;10015;29;;;10005.0;6915.0
-2;393500;INTARIAN_PEPPER_ROOT;10388;8;;;;;10399;8;10402;18;;;10393.5;30700.0
-2;393600;ASH_COATED_OSMIUM;9997;12;9994;21;;;10013;12;10015;21;;;10005.0;6915.0
-2;393600;INTARIAN_PEPPER_ROOT;10388;11;;;;;;;;;;;10388.0;30260.0
-2;393700;ASH_COATED_OSMIUM;9997;14;9994;22;;;10013;14;;;;;10005.0;6915.0
-2;393700;INTARIAN_PEPPER_ROOT;10388;12;10385;18;;;10399;12;10402;18;;;10393.5;30700.0
-2;393800;ASH_COATED_OSMIUM;9994;30;;;;;10012;12;10015;30;;;10003.0;6993.0
-2;393800;INTARIAN_PEPPER_ROOT;;;;;;;10399;12;10402;21;;;10399.0;31140.0
-2;393900;ASH_COATED_OSMIUM;;;;;;;10013;13;10016;28;;;10013.0;6603.0
-2;393900;INTARIAN_PEPPER_ROOT;10388;12;;;;;10400;12;10402;23;;;10394.0;30740.0
-2;394000;ASH_COATED_OSMIUM;9997;11;9995;27;;;10016;27;;;;;10006.5;6856.5
-2;394000;INTARIAN_PEPPER_ROOT;10388;11;10386;16;;;10400;11;10402;16;;;10394.0;30740.0
-2;394100;ASH_COATED_OSMIUM;9995;25;;;;;10013;11;10016;25;;;10004.0;7010.0
-2;394100;INTARIAN_PEPPER_ROOT;10388;12;10386;20;;;10400;12;10402;20;;;10394.0;30740.0
-2;394200;ASH_COATED_OSMIUM;10002;3;9997;11;9994;28;10013;11;10015;28;;;10007.5;6849.0
-2;394200;INTARIAN_PEPPER_ROOT;10389;10;10386;18;;;10400;10;;;;;10394.5;30780.0
-2;394300;ASH_COATED_OSMIUM;9997;12;9994;24;;;10013;12;10015;24;;;10005.0;6964.0
-2;394300;INTARIAN_PEPPER_ROOT;10389;11;10386;22;;;10400;11;10403;22;;;10394.5;30780.0
-2;394400;ASH_COATED_OSMIUM;9997;10;;;;;10013;10;10016;24;;;10005.0;6964.0
-2;394400;INTARIAN_PEPPER_ROOT;10389;11;10386;24;;;10400;11;10403;24;;;10394.5;30780.0
-2;394500;ASH_COATED_OSMIUM;9997;11;9995;30;;;10013;11;10016;30;;;10005.0;6964.0
-2;394500;INTARIAN_PEPPER_ROOT;10389;10;10386;20;;;10400;10;10403;20;;;10394.5;30780.0
-2;394600;ASH_COATED_OSMIUM;9998;11;9995;30;;;10014;11;10016;30;;;10006.0;6918.0
-2;394600;INTARIAN_PEPPER_ROOT;10389;11;10386;25;;;10400;11;10403;25;;;10394.5;30780.0
-2;394700;ASH_COATED_OSMIUM;9998;11;;;;;10014;11;10016;27;;;10006.0;6918.0
-2;394700;INTARIAN_PEPPER_ROOT;10389;10;10386;21;;;10400;10;;;;;10394.5;30780.0
-2;394800;ASH_COATED_OSMIUM;9995;22;;;;;10016;22;;;;;10005.5;6941.0
-2;394800;INTARIAN_PEPPER_ROOT;10387;23;;;;;10400;8;10403;23;;;10393.5;30700.0
-2;394900;ASH_COATED_OSMIUM;9998;11;;;;;10014;11;;;;;10006.0;6918.0
-2;394900;INTARIAN_PEPPER_ROOT;10387;15;;;;;10401;10;10403;15;;;10394.0;30740.0
-2;395000;ASH_COATED_OSMIUM;9998;15;9995;24;;;10014;15;10016;24;;;10006.0;6918.0
-2;395000;INTARIAN_PEPPER_ROOT;10389;12;10387;20;;;10403;20;;;;;10396.0;30900.0
-2;395100;ASH_COATED_OSMIUM;9998;12;9995;28;;;10014;12;10016;28;;;10006.0;6918.0
-2;395100;INTARIAN_PEPPER_ROOT;10389;12;10387;23;;;;;;;;;10389.0;30340.0
-2;395200;ASH_COATED_OSMIUM;9998;13;9995;20;;;10014;13;10016;20;;;10006.0;6918.0
-2;395200;INTARIAN_PEPPER_ROOT;10390;8;10387;18;;;10403;18;;;;;10396.5;30940.0
-2;395300;ASH_COATED_OSMIUM;9997;14;9995;26;;;10013;14;10016;26;;;10005.0;6964.0
-2;395300;INTARIAN_PEPPER_ROOT;10390;8;10387;19;;;10404;19;;;;;10397.0;30980.0
-2;395400;ASH_COATED_OSMIUM;9997;13;9995;25;;;10013;13;10016;25;;;10005.0;6964.0
-2;395400;INTARIAN_PEPPER_ROOT;10398;7;10390;8;10387;22;10401;8;;;;;10399.5;31180.0
-2;395500;ASH_COATED_OSMIUM;9994;23;;;;;;;;;;;9994.0;7470.0
-2;395500;INTARIAN_PEPPER_ROOT;10387;25;;;;;10401;10;10404;25;;;10394.0;30740.0
-2;395600;ASH_COATED_OSMIUM;9997;14;9994;29;;;10015;29;;;;;10006.0;6918.0
-2;395600;INTARIAN_PEPPER_ROOT;10390;9;10387;16;;;10404;16;;;;;10397.0;30980.0
-2;395700;ASH_COATED_OSMIUM;9994;22;;;;;10013;15;10015;22;;;10003.5;7033.0
-2;395700;INTARIAN_PEPPER_ROOT;10390;8;;;;;10404;25;;;;;10397.0;30980.0
-2;395800;ASH_COATED_OSMIUM;9996;13;9994;22;;;10015;22;;;;;10005.5;6941.0
-2;395800;INTARIAN_PEPPER_ROOT;10390;10;10388;21;;;10401;10;;;;;10395.5;30860.0
-2;395900;ASH_COATED_OSMIUM;9996;13;9993;24;;;10012;13;10014;24;;;10004.0;7031.0
-2;395900;INTARIAN_PEPPER_ROOT;10390;12;10388;23;;;10404;23;;;;;10397.0;30980.0
-2;396000;ASH_COATED_OSMIUM;9996;13;9993;24;;;10012;13;;;;;10004.0;7031.0
-2;396000;INTARIAN_PEPPER_ROOT;10390;8;10388;22;;;10402;8;;;;;10396.0;30900.0
-2;396100;ASH_COATED_OSMIUM;9996;13;9994;27;;;10012;13;;;;;10004.0;7031.0
-2;396100;INTARIAN_PEPPER_ROOT;10390;11;10388;15;;;10402;11;10404;15;;;10396.0;30900.0
-2;396200;ASH_COATED_OSMIUM;9996;14;9994;21;;;10015;21;;;;;10005.5;6966.5
-2;396200;INTARIAN_PEPPER_ROOT;10391;12;10388;19;;;10402;12;;;;;10396.5;30940.0
-2;396300;ASH_COATED_OSMIUM;9996;12;9994;25;;;10012;12;10015;25;;;10004.0;7031.0
-2;396300;INTARIAN_PEPPER_ROOT;10388;25;;;;;10402;11;10405;25;;;10395.0;30820.0
-2;396400;ASH_COATED_OSMIUM;9996;14;;;;;10012;14;10015;30;;;10004.0;7087.0
-2;396400;INTARIAN_PEPPER_ROOT;10391;10;10388;21;;;10402;10;10405;21;;;10396.5;30940.0
-2;396500;ASH_COATED_OSMIUM;9996;15;9994;25;;;10002;10;10012;15;10015;25;9999.0;7232.0
-2;396500;INTARIAN_PEPPER_ROOT;10391;10;10388;24;;;10402;10;10405;24;;;10396.5;30940.0
-2;396600;ASH_COATED_OSMIUM;9996;14;9994;24;;;;;;;;;9996.0;7307.0
-2;396600;INTARIAN_PEPPER_ROOT;10391;9;;;;;10402;9;10405;16;;;10396.5;30940.0
-2;396700;ASH_COATED_OSMIUM;9997;13;9994;22;;;10013;13;10015;22;;;10005.0;7082.0
-2;396700;INTARIAN_PEPPER_ROOT;10388;24;;;;;10402;10;10405;24;;;10395.0;30820.0
-2;396800;ASH_COATED_OSMIUM;9996;12;9994;28;;;10012;12;;;;;10004.0;7107.0
-2;396800;INTARIAN_PEPPER_ROOT;10391;8;10389;25;;;10402;8;10405;25;;;10396.5;30940.0
-2;396900;ASH_COATED_OSMIUM;9996;14;9993;29;;;10012;14;10014;29;;;10004.0;7107.0
-2;396900;INTARIAN_PEPPER_ROOT;10391;12;10389;18;;;10403;12;10405;18;;;10397.0;30980.0
-2;397000;ASH_COATED_OSMIUM;9997;11;9994;22;;;10013;11;10015;22;;;10005.0;7082.0
-2;397000;INTARIAN_PEPPER_ROOT;10391;9;10389;15;;;10403;9;;;;;10397.0;30980.0
-2;397100;ASH_COATED_OSMIUM;9997;13;9994;21;;;10015;21;;;;;10006.0;7057.0
-2;397100;INTARIAN_PEPPER_ROOT;10389;18;;;;;10403;11;10405;18;;;10396.0;30900.0
-2;397200;ASH_COATED_OSMIUM;9994;23;;;;;10012;15;10015;23;;;10003.0;7132.0
-2;397200;INTARIAN_PEPPER_ROOT;10392;8;10389;22;;;10403;8;;;;;10397.5;31020.0
-2;397300;ASH_COATED_OSMIUM;10002;4;9996;13;9994;30;10012;13;10015;30;;;10007.0;7032.0
-2;397300;INTARIAN_PEPPER_ROOT;10389;19;;;;;10403;11;10406;19;;;10396.0;30900.0
-2;397400;ASH_COATED_OSMIUM;9997;11;;;;;10013;11;;;;;10005.0;7082.0
-2;397400;INTARIAN_PEPPER_ROOT;10389;16;;;;;10403;11;10406;16;;;10396.0;30900.0
-2;397500;ASH_COATED_OSMIUM;9997;10;;;;;;;;;;;9997.0;7282.0
-2;397500;INTARIAN_PEPPER_ROOT;10392;10;10389;16;;;10403;10;10406;16;;;10397.5;31020.0
-2;397600;ASH_COATED_OSMIUM;9996;12;9994;20;;;10012;12;;;;;10004.0;7107.0
-2;397600;INTARIAN_PEPPER_ROOT;10389;15;;;;;10406;15;;;;;10397.5;31020.0
-2;397700;ASH_COATED_OSMIUM;9996;14;;;;;10012;14;10015;23;;;10004.0;7107.0
-2;397700;INTARIAN_PEPPER_ROOT;10392;8;10389;23;;;10403;8;10406;23;;;10397.5;31020.0
-2;397800;ASH_COATED_OSMIUM;9996;12;;;;;10012;12;10015;26;;;10004.0;7107.0
-2;397800;INTARIAN_PEPPER_ROOT;10392;11;10390;16;;;10403;11;10406;16;;;10397.5;31020.0
-2;397900;ASH_COATED_OSMIUM;9996;12;9994;25;;;10012;12;10015;25;;;10004.0;7107.0
-2;397900;INTARIAN_PEPPER_ROOT;10392;12;10390;18;;;10404;12;10406;18;;;10398.0;31060.0
-2;398000;ASH_COATED_OSMIUM;9996;15;;;;;10015;30;;;;;10005.5;7069.5
-2;398000;INTARIAN_PEPPER_ROOT;10392;8;10390;17;;;10404;8;10406;17;;;10398.0;31060.0
-2;398100;ASH_COATED_OSMIUM;9994;22;;;;;10013;14;10015;22;;;10003.5;7119.5
-2;398100;INTARIAN_PEPPER_ROOT;10392;11;10390;25;;;10394;4;;;;;10393.0;30660.0
-2;398200;ASH_COATED_OSMIUM;9994;28;;;;;10013;12;10015;28;;;10003.5;7119.5
-2;398200;INTARIAN_PEPPER_ROOT;10393;9;;;;;10404;9;10406;21;;;10398.5;31100.0
-2;398300;ASH_COATED_OSMIUM;9996;11;9994;21;;;10012;11;;;;;10004.0;7107.0
-2;398300;INTARIAN_PEPPER_ROOT;10393;9;;;;;10404;9;10407;16;;;10398.5;31100.0
-2;398400;ASH_COATED_OSMIUM;9997;14;9994;24;;;10013;14;10015;24;;;10005.0;7082.0
-2;398400;INTARIAN_PEPPER_ROOT;10393;12;10390;25;;;10404;12;10407;25;;;10398.5;31100.0
-2;398500;ASH_COATED_OSMIUM;9996;14;;;;;10012;14;10015;30;;;10004.0;7107.0
-2;398500;INTARIAN_PEPPER_ROOT;10393;8;10390;22;;;10404;8;;;;;10398.5;31100.0
-2;398600;ASH_COATED_OSMIUM;9996;12;9994;27;;;10012;12;;;;;10004.0;7107.0
-2;398600;INTARIAN_PEPPER_ROOT;10393;9;10390;20;;;10407;20;;;;;10400.0;31220.0
-2;398700;ASH_COATED_OSMIUM;9997;10;9994;20;;;10013;10;10015;20;;;10005.0;7082.0
-2;398700;INTARIAN_PEPPER_ROOT;10393;11;10390;18;;;10404;11;10407;18;;;10398.5;31100.0
-2;398800;ASH_COATED_OSMIUM;9996;15;;;;;10012;15;;;;;10004.0;7107.0
-2;398800;INTARIAN_PEPPER_ROOT;10393;11;10391;19;;;10404;11;10407;19;;;10398.5;31100.0
-2;398900;ASH_COATED_OSMIUM;9994;29;;;;;10012;12;10015;29;;;10003.0;7132.0
-2;398900;INTARIAN_PEPPER_ROOT;10393;11;10391;17;;;10405;11;10407;17;;;10399.0;31140.0
-2;399000;ASH_COATED_OSMIUM;;;;;;;10005;2;10014;29;;;10005.0;7082.0
-2;399000;INTARIAN_PEPPER_ROOT;10396;6;10393;10;10391;17;10407;17;;;;;10401.5;31340.0
-2;399100;ASH_COATED_OSMIUM;9995;14;9993;20;;;10011;14;10014;20;;;10003.0;7132.0
-2;399100;INTARIAN_PEPPER_ROOT;10393;12;10391;17;;;10405;12;;;;;10399.0;31140.0
-2;399200;ASH_COATED_OSMIUM;9994;11;9992;22;;;10013;22;;;;;10003.5;7119.5
-2;399200;INTARIAN_PEPPER_ROOT;10394;12;;;;;10405;12;10407;24;;;10399.5;31180.0
-2;399300;ASH_COATED_OSMIUM;9995;12;9992;28;;;10013;28;;;;;10004.0;7107.0
-2;399300;INTARIAN_PEPPER_ROOT;10394;11;10391;18;;;10405;11;10408;18;;;10399.5;31180.0
-2;399400;ASH_COATED_OSMIUM;9995;13;9993;28;;;10011;13;;;;;10003.0;7132.0
-2;399400;INTARIAN_PEPPER_ROOT;10402;4;10394;12;;;10405;12;10408;20;;;10403.5;31500.0
-2;399500;ASH_COATED_OSMIUM;9992;22;;;;;10011;14;10013;22;;;10001.5;7169.5
-2;399500;INTARIAN_PEPPER_ROOT;;;;;;;10405;9;;;;;10405.0;31620.0
-2;399600;ASH_COATED_OSMIUM;9993;27;;;;;10011;11;10014;27;;;10002.0;7157.0
-2;399600;INTARIAN_PEPPER_ROOT;10394;8;10391;16;;;10405;8;10408;16;;;10399.5;31180.0
-2;399700;ASH_COATED_OSMIUM;9995;11;9993;22;;;10011;11;;;;;10003.0;7132.0
-2;399700;INTARIAN_PEPPER_ROOT;10391;25;;;;;10405;12;10408;25;;;10398.0;31060.0
-2;399800;ASH_COATED_OSMIUM;9995;13;9992;25;;;10011;13;10013;25;;;10003.0;7132.0
-2;399800;INTARIAN_PEPPER_ROOT;;;;;;;10405;12;;;;;10405.0;31620.0
-2;399900;ASH_COATED_OSMIUM;9995;11;9992;25;;;10011;11;10013;25;;;10003.0;7195.0
-2;399900;INTARIAN_PEPPER_ROOT;10392;20;;;;;10406;10;10408;20;;;10399.0;31140.0
-2;400000;ASH_COATED_OSMIUM;9995;12;9992;22;;;10011;12;10013;22;;;10003.0;7195.0
-2;400000;INTARIAN_PEPPER_ROOT;10394;9;10392;17;;;10396;8;10408;17;;;10395.0;30820.0
-2;400100;ASH_COATED_OSMIUM;9995;10;9992;26;;;10011;10;10013;26;;;10003.0;7195.0
-2;400100;INTARIAN_PEPPER_ROOT;10394;12;;;;;10406;12;10408;17;;;10400.0;31220.0
-2;400200;ASH_COATED_OSMIUM;9995;10;9992;28;;;10011;10;10013;28;;;10003.0;7195.0
-2;400200;INTARIAN_PEPPER_ROOT;10395;12;10392;23;;;10408;23;;;;;10401.5;31340.0
-2;400300;ASH_COATED_OSMIUM;9995;15;9992;22;;;10011;15;;;;;10003.0;7195.0
-2;400300;INTARIAN_PEPPER_ROOT;10395;11;10392;16;;;10406;11;;;;;10400.5;31260.0
-2;400400;ASH_COATED_OSMIUM;9992;23;;;;;10011;12;10013;23;;;10001.5;7219.0
-2;400400;INTARIAN_PEPPER_ROOT;10395;9;10392;23;;;10397;7;10406;9;10409;23;10396.0;30900.0
-2;400500;ASH_COATED_OSMIUM;10005;9;9993;29;;;10014;29;;;;;10009.5;7050.5
-2;400500;INTARIAN_PEPPER_ROOT;10395;12;10392;18;;;10406;12;10409;18;;;10400.5;31260.0
-2;400600;ASH_COATED_OSMIUM;9995;15;9992;23;;;10004;5;10011;15;;;9999.5;7300.5
-2;400600;INTARIAN_PEPPER_ROOT;10395;10;10392;20;;;10406;10;10409;20;;;10400.5;31260.0
-2;400700;ASH_COATED_OSMIUM;9994;11;9992;24;;;10010;11;10013;24;;;10002.0;7238.0
-2;400700;INTARIAN_PEPPER_ROOT;10395;8;10392;19;;;10406;8;10409;19;;;10400.5;31260.0
-2;400800;ASH_COATED_OSMIUM;9994;11;9992;29;;;10010;11;10013;29;;;10002.0;7238.0
-2;400800;INTARIAN_PEPPER_ROOT;10395;10;10392;22;;;10406;10;10409;22;;;10400.5;31260.0
-2;400900;ASH_COATED_OSMIUM;9994;11;9991;22;;;10010;11;10012;22;;;10002.0;7238.0
-2;400900;INTARIAN_PEPPER_ROOT;10395;8;;;;;10407;8;10409;25;;;10401.0;31300.0
-2;401000;ASH_COATED_OSMIUM;9994;15;9991;30;;;10010;15;10012;30;;;10002.0;7238.0
-2;401000;INTARIAN_PEPPER_ROOT;10393;24;;;;;10407;9;10409;24;;;10400.0;31220.0
-2;401100;ASH_COATED_OSMIUM;;;;;;;10010;15;10012;24;;;10010.0;7038.0
-2;401100;INTARIAN_PEPPER_ROOT;10393;24;;;;;10407;8;10409;24;;;10400.0;31220.0
-2;401200;ASH_COATED_OSMIUM;9994;10;;;;;10013;28;;;;;10003.5;7200.5
-2;401200;INTARIAN_PEPPER_ROOT;10395;10;10393;15;;;10410;15;;;;;10402.5;31420.0
-2;401300;ASH_COATED_OSMIUM;9995;11;9992;27;;;10013;27;;;;;10004.0;7188.0
-2;401300;INTARIAN_PEPPER_ROOT;10393;25;;;;;;;;;;;10393.0;30660.0
-2;401400;ASH_COATED_OSMIUM;9995;10;9992;30;;;10011;10;10013;30;;;10003.0;7255.0
-2;401400;INTARIAN_PEPPER_ROOT;10396;9;10393;19;;;10407;9;10410;19;;;10401.5;31340.0
-2;401500;ASH_COATED_OSMIUM;9993;25;;;;;10011;11;10014;25;;;10002.0;7274.0
-2;401500;INTARIAN_PEPPER_ROOT;10396;9;10393;22;;;10407;9;10410;22;;;10401.5;31340.0
-2;401600;ASH_COATED_OSMIUM;9995;13;9992;24;;;10011;13;;;;;10003.0;7255.0
-2;401600;INTARIAN_PEPPER_ROOT;10396;11;;;;;10410;19;;;;;10403.0;31460.0
-2;401700;ASH_COATED_OSMIUM;9995;14;;;;;10011;14;10014;21;;;10003.0;7255.0
-2;401700;INTARIAN_PEPPER_ROOT;10396;9;10393;21;;;10410;21;;;;;10403.0;31460.0
-2;401800;ASH_COATED_OSMIUM;9993;30;;;;;10011;10;10014;30;;;10002.0;7274.0
-2;401800;INTARIAN_PEPPER_ROOT;;;;;;;10407;8;;;;;10407.0;31780.0
-2;401900;ASH_COATED_OSMIUM;9995;10;;;;;10011;10;10013;26;;;10003.0;7255.0
-2;401900;INTARIAN_PEPPER_ROOT;10396;8;10394;16;;;10408;8;;;;;10402.0;31380.0
-2;402000;ASH_COATED_OSMIUM;9995;15;9992;30;;;10011;15;10013;30;;;10003.0;7255.0
-2;402000;INTARIAN_PEPPER_ROOT;10396;8;10394;19;;;10408;8;10410;19;;;10402.0;31380.0
-2;402100;ASH_COATED_OSMIUM;;;;;;;10012;12;10014;25;;;10012.0;7084.0
-2;402100;INTARIAN_PEPPER_ROOT;10394;19;;;;;10410;19;;;;;10402.0;31380.0
-2;402200;ASH_COATED_OSMIUM;9996;15;;;;;10014;23;;;;;10005.0;7217.0
-2;402200;INTARIAN_PEPPER_ROOT;10396;9;10394;21;;;10408;9;10411;21;;;10402.0;31380.0
-2;402300;ASH_COATED_OSMIUM;9996;10;9993;23;;;10014;23;;;;;10005.0;7273.0
-2;402300;INTARIAN_PEPPER_ROOT;10394;15;;;;;10408;11;10411;15;;;10401.0;31300.0
-2;402400;ASH_COATED_OSMIUM;9995;11;9993;28;;;10014;28;;;;;10004.5;7286.0
-2;402400;INTARIAN_PEPPER_ROOT;10397;10;10394;22;;;10408;10;10411;22;;;10402.5;31420.0
-2;402500;ASH_COATED_OSMIUM;9995;15;9992;25;;;10011;15;10013;25;;;10003.0;7325.0
-2;402500;INTARIAN_PEPPER_ROOT;10397;12;10394;25;;;10408;12;10411;25;;;10402.5;31420.0
-2;402600;ASH_COATED_OSMIUM;9995;14;9992;30;;;;;;;;;9995.0;7533.0
-2;402600;INTARIAN_PEPPER_ROOT;10394;21;;;;;10408;9;10411;21;;;10401.0;31300.0
-2;402700;ASH_COATED_OSMIUM;9995;15;9992;27;;;10011;15;;;;;10003.0;7325.0
-2;402700;INTARIAN_PEPPER_ROOT;10397;8;10394;18;;;10408;8;10411;18;;;10402.5;31420.0
-2;402800;ASH_COATED_OSMIUM;9994;11;9992;26;;;10010;11;10013;26;;;10002.0;7351.0
-2;402800;INTARIAN_PEPPER_ROOT;10397;10;10394;21;;;10409;10;10411;21;;;10403.0;31460.0
-2;402900;ASH_COATED_OSMIUM;9991;25;;;;;10010;10;;;;;10000.5;7390.0
-2;402900;INTARIAN_PEPPER_ROOT;10397;9;10395;22;;;10409;9;10411;22;;;10403.0;31460.0
-2;403000;ASH_COATED_OSMIUM;9994;12;9992;23;;;10010;12;10013;23;;;10002.0;7351.0
-2;403000;INTARIAN_PEPPER_ROOT;10397;9;10395;25;;;10409;9;;;;;10403.0;31460.0
-2;403100;ASH_COATED_OSMIUM;;;;;;;10010;11;10013;28;;;10010.0;7143.0
-2;403100;INTARIAN_PEPPER_ROOT;10397;12;;;;;10409;12;10411;16;;;10403.0;31460.0
-2;403200;ASH_COATED_OSMIUM;9999;5;9994;12;9991;30;10010;12;10012;30;;;10004.5;7308.5
-2;403200;INTARIAN_PEPPER_ROOT;10397;12;10395;20;;;10409;12;;;;;10403.0;31460.0
-2;403300;ASH_COATED_OSMIUM;9994;10;;;;;10010;10;10012;27;;;10002.0;7361.0
-2;403300;INTARIAN_PEPPER_ROOT;10398;9;10395;20;;;10409;9;;;;;10403.5;31500.0
-2;403400;ASH_COATED_OSMIUM;9991;22;;;;;10010;12;10012;22;;;10000.5;7392.5
-2;403400;INTARIAN_PEPPER_ROOT;10398;8;10395;16;;;10409;8;10412;16;;;10403.5;31500.0
-2;403500;ASH_COATED_OSMIUM;9994;13;9991;29;;;10010;13;;;;;10002.0;7361.0
-2;403500;INTARIAN_PEPPER_ROOT;10398;11;10395;24;;;10409;11;;;;;10403.5;31500.0
-2;403600;ASH_COATED_OSMIUM;9994;13;9991;22;;;10010;13;;;;;10002.0;7361.0
-2;403600;INTARIAN_PEPPER_ROOT;10398;9;10395;15;;;10409;9;10412;15;;;10403.5;31500.0
-2;403700;ASH_COATED_OSMIUM;9993;10;9991;20;;;10009;10;10012;20;;;10001.0;7382.0
-2;403700;INTARIAN_PEPPER_ROOT;10395;16;;;;;10409;12;10412;16;;;10402.0;31380.0
-2;403800;ASH_COATED_OSMIUM;9994;10;9991;28;;;10010;10;10012;28;;;10002.0;7361.0
-2;403800;INTARIAN_PEPPER_ROOT;10398;9;10395;18;;;10410;9;;;;;10404.0;31540.0
-2;403900;ASH_COATED_OSMIUM;9994;14;9992;25;;;10010;14;10013;25;;;10002.0;7361.0
-2;403900;INTARIAN_PEPPER_ROOT;;;;;;;10410;8;;;;;10410.0;32020.0
-2;404000;ASH_COATED_OSMIUM;9994;15;9992;25;;;10010;15;;;;;10002.0;7361.0
-2;404000;INTARIAN_PEPPER_ROOT;10398;10;10396;23;;;10410;10;10412;23;;;10404.0;31540.0
-2;404100;ASH_COATED_OSMIUM;9994;15;9992;26;;;10004;3;10010;15;;;9999.0;7424.0
-2;404100;INTARIAN_PEPPER_ROOT;10396;18;;;;;10410;11;10412;18;;;10403.0;31460.0
-2;404200;ASH_COATED_OSMIUM;10000;4;;;;;10010;13;;;;;10005.0;7322.0
-2;404200;INTARIAN_PEPPER_ROOT;10398;12;10396;21;;;10410;12;10413;21;;;10404.0;31540.0
-2;404300;ASH_COATED_OSMIUM;9999;3;9994;11;9991;22;10010;11;;;;;10004.5;7335.5
-2;404300;INTARIAN_PEPPER_ROOT;10399;9;10396;21;;;10410;9;10413;21;;;10404.5;31580.0
-2;404400;ASH_COATED_OSMIUM;9991;25;;;;;10010;14;10012;25;;;10000.5;7443.5
-2;404400;INTARIAN_PEPPER_ROOT;;;;;;;10410;10;10413;15;;;10410.0;32020.0
-2;404500;ASH_COATED_OSMIUM;9994;10;;;;;10010;10;10012;30;;;10002.0;7403.0
-2;404500;INTARIAN_PEPPER_ROOT;10399;12;;;;;10410;12;10413;15;;;10404.5;31580.0
-2;404600;ASH_COATED_OSMIUM;9994;10;9991;21;;;10010;10;10012;21;;;10002.0;7403.0
-2;404600;INTARIAN_PEPPER_ROOT;10396;23;;;;;10410;8;10413;23;;;10403.0;31460.0
-2;404700;ASH_COATED_OSMIUM;9994;15;9991;23;;;10010;15;10012;23;;;10002.0;7403.0
-2;404700;INTARIAN_PEPPER_ROOT;10399;12;10396;19;;;10410;12;10413;19;;;10404.5;31580.0
-2;404800;ASH_COATED_OSMIUM;9991;26;;;;;10010;10;10012;26;;;10000.5;7443.5
-2;404800;INTARIAN_PEPPER_ROOT;10399;12;10396;19;;;10411;12;10413;19;;;10405.0;31620.0
-2;404900;ASH_COATED_OSMIUM;9993;10;9991;22;;;10009;10;;;;;10001.0;7430.0
-2;404900;INTARIAN_PEPPER_ROOT;10397;16;;;;;10413;16;;;;;10405.0;31620.0
-2;405000;ASH_COATED_OSMIUM;9994;12;9991;22;;;10010;12;10012;22;;;10002.0;7403.0
-2;405000;INTARIAN_PEPPER_ROOT;10399;8;10397;23;;;10411;8;10413;23;;;10405.0;31620.0
-2;405100;ASH_COATED_OSMIUM;9994;14;9991;26;;;10010;14;10012;26;;;10002.0;7403.0
-2;405100;INTARIAN_PEPPER_ROOT;10397;15;;;;;10411;10;10413;15;;;10404.0;31540.0
-2;405200;ASH_COATED_OSMIUM;9994;11;9991;25;;;;;;;;;9994.0;7619.0
-2;405200;INTARIAN_PEPPER_ROOT;;;;;;;;;;;;;0.0;-800780.0
-2;405300;ASH_COATED_OSMIUM;9994;11;9992;28;;;10010;11;10013;28;;;10002.0;7403.0
-2;405300;INTARIAN_PEPPER_ROOT;10400;12;10397;20;;;10411;12;10414;20;;;10405.5;31660.0
-2;405400;ASH_COATED_OSMIUM;9994;14;9991;27;;;10010;14;;;;;10002.0;7403.0
-2;405400;INTARIAN_PEPPER_ROOT;10400;11;10397;19;;;10411;11;10414;19;;;10405.5;31660.0
-2;405500;ASH_COATED_OSMIUM;9994;14;9991;22;;;10010;14;10012;22;;;10002.0;7403.0
-2;405500;INTARIAN_PEPPER_ROOT;10400;8;10397;24;;;10411;8;10414;24;;;10405.5;31660.0
-2;405600;ASH_COATED_OSMIUM;9994;15;9991;25;;;10010;15;;;;;10002.0;7403.0
-2;405600;INTARIAN_PEPPER_ROOT;10400;10;10397;25;;;10411;10;10414;25;;;10405.5;31660.0
-2;405700;ASH_COATED_OSMIUM;9992;26;;;;;10013;26;;;;;10002.5;7389.5
-2;405700;INTARIAN_PEPPER_ROOT;10397;21;;;;;10411;11;10414;21;;;10404.0;31540.0
-2;405800;ASH_COATED_OSMIUM;9992;28;;;;;10013;28;;;;;10002.5;7389.5
-2;405800;INTARIAN_PEPPER_ROOT;10400;11;10397;23;;;10412;11;10414;23;;;10406.0;31700.0
-2;405900;ASH_COATED_OSMIUM;9994;15;9992;21;;;10010;15;;;;;10002.0;7403.0
-2;405900;INTARIAN_PEPPER_ROOT;10400;11;10398;23;;;10412;11;10414;23;;;10406.0;31700.0
-2;406000;ASH_COATED_OSMIUM;9992;23;;;;;10013;23;;;;;10002.5;7389.5
-2;406000;INTARIAN_PEPPER_ROOT;10400;8;10398;20;;;10412;8;10414;20;;;10406.0;31700.0
-2;406100;ASH_COATED_OSMIUM;9994;12;9992;21;;;10010;12;10013;21;;;10002.0;7403.0
-2;406100;INTARIAN_PEPPER_ROOT;10398;15;;;;;10412;8;10414;15;;;10405.0;31620.0
-2;406200;ASH_COATED_OSMIUM;9995;12;9992;22;;;10011;12;;;;;10003.0;7376.0
-2;406200;INTARIAN_PEPPER_ROOT;10400;11;10398;20;;;10412;11;10415;20;;;10406.0;31700.0
-2;406300;ASH_COATED_OSMIUM;9995;11;9992;30;;;10013;30;;;;;10004.0;7349.0
-2;406300;INTARIAN_PEPPER_ROOT;10401;12;10398;23;;;;;;;;;10401.0;31300.0
-2;406400;ASH_COATED_OSMIUM;9995;13;;;;;10013;29;;;;;10004.0;7349.0
-2;406400;INTARIAN_PEPPER_ROOT;10401;9;10398;25;;;10412;9;10415;25;;;10406.5;31740.0
-2;406500;ASH_COATED_OSMIUM;9995;13;;;;;10005;4;10011;13;10014;27;10000.0;7457.0
-2;406500;INTARIAN_PEPPER_ROOT;10401;10;;;;;10412;10;10415;15;;;10406.5;31740.0
-2;406600;ASH_COATED_OSMIUM;9995;15;9992;26;;;10011;15;10013;26;;;10003.0;7376.0
-2;406600;INTARIAN_PEPPER_ROOT;;;;;;;10412;12;10415;21;;;10412.0;32180.0
-2;406700;ASH_COATED_OSMIUM;9992;22;;;;;10011;15;10013;22;;;10001.5;7416.5
-2;406700;INTARIAN_PEPPER_ROOT;10401;12;;;;;10412;12;10415;16;;;10406.5;31740.0
-2;406800;ASH_COATED_OSMIUM;9995;13;9992;27;;;10013;27;;;;;10004.0;7349.0
-2;406800;INTARIAN_PEPPER_ROOT;10401;11;10398;21;;;10413;11;10415;21;;;10407.0;31780.0
-2;406900;ASH_COATED_OSMIUM;9995;15;9993;29;;;10011;15;;;;;10003.0;7376.0
-2;406900;INTARIAN_PEPPER_ROOT;10401;8;10399;25;;;10413;8;;;;;10407.0;31780.0
-2;407000;ASH_COATED_OSMIUM;9996;10;9993;26;;;;;;;;;9996.0;7565.0
-2;407000;INTARIAN_PEPPER_ROOT;;;;;;;10413;9;10415;16;;;10413.0;32260.0
-2;407100;ASH_COATED_OSMIUM;9995;15;9993;28;;;10011;15;;;;;10003.0;7376.0
-2;407100;INTARIAN_PEPPER_ROOT;10401;8;10399;20;;;10415;20;;;;;10408.0;31860.0
-2;407200;ASH_COATED_OSMIUM;9993;25;;;;;10011;10;;;;;10002.0;7403.0
-2;407200;INTARIAN_PEPPER_ROOT;10401;12;10399;22;;;10404;7;10413;12;10416;22;10402.5;31420.0
-2;407300;ASH_COATED_OSMIUM;9993;26;;;;;10014;26;;;;;10003.5;7362.5
-2;407300;INTARIAN_PEPPER_ROOT;;;;;;;10413;12;10416;19;;;10413.0;32260.0
-2;407400;ASH_COATED_OSMIUM;9993;23;;;;;10014;23;;;;;10003.5;7362.5
-2;407400;INTARIAN_PEPPER_ROOT;10402;11;;;;;10416;22;;;;;10409.0;31940.0
-2;407500;ASH_COATED_OSMIUM;9995;10;9993;30;;;10011;10;10014;30;;;10003.0;7376.0
-2;407500;INTARIAN_PEPPER_ROOT;10402;10;10399;19;;;10413;10;;;;;10407.5;31820.0
-2;407600;ASH_COATED_OSMIUM;9995;10;9993;23;;;10011;10;10014;23;;;10003.0;7376.0
-2;407600;INTARIAN_PEPPER_ROOT;10402;9;10399;23;;;10409;11;10413;9;10416;23;10405.5;31660.0
-2;407700;ASH_COATED_OSMIUM;10001;5;9995;13;;;;;;;;;10001.0;7430.0
-2;407700;INTARIAN_PEPPER_ROOT;10402;10;10399;23;;;10413;10;10416;23;;;10407.5;31820.0
-2;407800;ASH_COATED_OSMIUM;9996;12;9993;24;;;10012;12;;;;;10004.0;7349.0
-2;407800;INTARIAN_PEPPER_ROOT;10402;11;10399;15;;;10414;11;10416;15;;;10408.0;31860.0
-2;407900;ASH_COATED_OSMIUM;9996;10;;;;;10012;10;10015;24;;;10004.0;7349.0
-2;407900;INTARIAN_PEPPER_ROOT;10402;10;10400;24;;;10414;10;10416;24;;;10408.0;31860.0
-2;408000;ASH_COATED_OSMIUM;9996;13;9994;20;;;10015;20;;;;;10005.5;7308.5
-2;408000;INTARIAN_PEPPER_ROOT;10400;22;;;;;10414;9;;;;;10407.0;31780.0
-2;408100;ASH_COATED_OSMIUM;9996;11;9993;22;;;10012;11;10014;22;;;10004.0;7349.0
-2;408100;INTARIAN_PEPPER_ROOT;10402;9;10400;25;;;10414;9;;;;;10408.0;31860.0
-2;408200;ASH_COATED_OSMIUM;9993;23;;;;;10011;10;10014;23;;;10002.0;7403.0
-2;408200;INTARIAN_PEPPER_ROOT;10402;12;10400;18;;;10414;12;10417;18;;;10408.0;31860.0
-2;408300;ASH_COATED_OSMIUM;9995;14;9993;26;;;10014;26;;;;;10004.5;7335.5
-2;408300;INTARIAN_PEPPER_ROOT;10403;10;10400;25;;;10414;10;;;;;10408.5;31900.0
-2;408400;ASH_COATED_OSMIUM;9995;11;9993;29;;;10011;11;10014;29;;;10003.0;7376.0
-2;408400;INTARIAN_PEPPER_ROOT;10403;9;10400;15;;;10414;9;10417;15;;;10408.5;31900.0
-2;408500;ASH_COATED_OSMIUM;9996;11;;;;;10012;11;10014;24;;;10004.0;7349.0
-2;408500;INTARIAN_PEPPER_ROOT;10403;12;;;;;10417;17;;;;;10410.0;32020.0
-2;408600;ASH_COATED_OSMIUM;9996;10;9993;21;;;10012;10;10014;21;;;10004.0;7349.0
-2;408600;INTARIAN_PEPPER_ROOT;10403;11;10400;22;;;10414;11;10417;22;;;10408.5;31900.0
-2;408700;ASH_COATED_OSMIUM;9996;15;9994;24;;;10012;15;10015;24;;;10004.0;7349.0
-2;408700;INTARIAN_PEPPER_ROOT;10403;8;10400;15;;;10414;8;10417;15;;;10408.5;31900.0
-2;408800;ASH_COATED_OSMIUM;9997;13;;;;;10013;13;10015;24;;;10005.0;7322.0
-2;408800;INTARIAN_PEPPER_ROOT;10403;11;;;;;10417;24;;;;;10410.0;32020.0
-2;408900;ASH_COATED_OSMIUM;10006;10;9997;12;9994;27;10013;12;10015;27;;;10009.5;7165.5
-2;408900;INTARIAN_PEPPER_ROOT;10403;11;;;;;10415;11;10417;24;;;10409.0;31940.0
-2;409000;ASH_COATED_OSMIUM;9997;10;9995;28;;;10013;10;;;;;10005.0;7332.0
-2;409000;INTARIAN_PEPPER_ROOT;10403;9;10401;19;;;10415;9;10417;19;;;10409.0;31940.0
-2;409100;ASH_COATED_OSMIUM;9997;14;9995;20;;;10016;20;;;;;10006.5;7276.5
-2;409100;INTARIAN_PEPPER_ROOT;10403;9;;;;;10417;22;;;;;10410.0;32020.0
-2;409200;ASH_COATED_OSMIUM;9997;15;9995;27;;;10013;15;10016;27;;;10005.0;7332.0
-2;409200;INTARIAN_PEPPER_ROOT;10403;11;10401;24;;;10415;11;10418;24;;;10409.0;31940.0
-2;409300;ASH_COATED_OSMIUM;9997;12;9994;27;;;10002;5;10013;12;;;9999.5;7523.0
-2;409300;INTARIAN_PEPPER_ROOT;10404;8;10401;25;;;10415;8;10418;25;;;10409.5;31980.0
-2;409400;ASH_COATED_OSMIUM;9996;10;;;;;10012;10;10015;25;;;10004.0;7379.0
-2;409400;INTARIAN_PEPPER_ROOT;10404;12;10401;20;;;10415;12;10418;20;;;10409.5;31980.0
-2;409500;ASH_COATED_OSMIUM;9997;10;9994;23;;;10015;23;;;;;10006.0;7315.0
-2;409500;INTARIAN_PEPPER_ROOT;10404;10;10401;23;;;10415;10;;;;;10409.5;31980.0
-2;409600;ASH_COATED_OSMIUM;9997;12;9995;24;;;10016;24;;;;;10006.5;7299.0
-2;409600;INTARIAN_PEPPER_ROOT;10401;16;;;;;10415;10;10418;16;;;10408.0;31860.0
-2;409700;ASH_COATED_OSMIUM;9997;13;9995;30;;;10007;3;10013;13;10016;30;10002.0;7443.0
-2;409700;INTARIAN_PEPPER_ROOT;10404;12;10401;24;;;10418;24;;;;;10411.0;32100.0
-2;409800;ASH_COATED_OSMIUM;9997;12;9995;22;;;10016;22;;;;;10006.5;7299.0
-2;409800;INTARIAN_PEPPER_ROOT;10404;9;10401;15;;;10416;9;10418;15;;;10410.0;32020.0
-2;409900;ASH_COATED_OSMIUM;9998;13;9996;29;;;10014;13;10017;29;;;10006.0;7315.0
-2;409900;INTARIAN_PEPPER_ROOT;10402;16;;;;;10416;10;10418;16;;;10409.0;31940.0
-2;410000;ASH_COATED_OSMIUM;9998;12;;;;;10014;12;10016;25;;;10006.0;7315.0
-2;410000;INTARIAN_PEPPER_ROOT;10404;12;10402;16;;;10416;12;;;;;10410.0;32020.0
-2;410100;ASH_COATED_OSMIUM;9998;15;;;;;10014;15;10016;27;;;10006.0;7315.0
-2;410100;INTARIAN_PEPPER_ROOT;10404;12;10402;16;;;10416;12;10418;16;;;10410.0;32020.0
-2;410200;ASH_COATED_OSMIUM;9998;11;9995;21;;;10014;11;;;;;10006.0;7315.0
-2;410200;INTARIAN_PEPPER_ROOT;10404;8;10402;20;;;10416;8;10419;20;;;10410.0;32020.0
-2;410300;ASH_COATED_OSMIUM;9998;14;9995;30;;;10014;14;10016;30;;;10006.0;7315.0
-2;410300;INTARIAN_PEPPER_ROOT;10405;11;10402;17;;;;;;;;;10405.0;31620.0
-2;410400;ASH_COATED_OSMIUM;;;;;;;10014;12;;;;;10014.0;7059.0
-2;410400;INTARIAN_PEPPER_ROOT;10405;8;10402;24;;;10416;8;10419;24;;;10410.5;32060.0
-2;410500;ASH_COATED_OSMIUM;9998;11;9995;27;;;;;;;;;9998.0;7571.0
-2;410500;INTARIAN_PEPPER_ROOT;10402;24;;;;;10416;9;10419;24;;;10409.0;31940.0
-2;410600;ASH_COATED_OSMIUM;9997;11;9995;29;;;10013;11;;;;;10005.0;7347.0
-2;410600;INTARIAN_PEPPER_ROOT;10402;21;;;;;10416;9;10419;21;;;10409.0;31940.0
-2;410700;ASH_COATED_OSMIUM;9997;14;9994;28;;;10013;14;10015;28;;;10005.0;7347.0
-2;410700;INTARIAN_PEPPER_ROOT;10405;8;10402;19;;;;;;;;;10405.0;31620.0
-2;410800;ASH_COATED_OSMIUM;9996;11;9994;29;;;10012;11;10015;29;;;10004.0;7379.0
-2;410800;INTARIAN_PEPPER_ROOT;10405;9;10402;23;;;10417;9;10419;23;;;10411.0;32100.0
-2;410900;ASH_COATED_OSMIUM;9997;13;9994;26;;;10013;13;;;;;10005.0;7347.0
-2;410900;INTARIAN_PEPPER_ROOT;10405;10;10403;24;;;10417;10;10419;24;;;10411.0;32100.0
-2;411000;ASH_COATED_OSMIUM;9997;14;;;;;10013;14;10015;24;;;10005.0;7347.0
-2;411000;INTARIAN_PEPPER_ROOT;10405;8;10403;18;;;10417;8;10419;18;;;10411.0;32100.0
-2;411100;ASH_COATED_OSMIUM;9996;14;9994;26;;;;;;;;;9996.0;7635.0
-2;411100;INTARIAN_PEPPER_ROOT;10405;9;10403;16;;;10417;9;10419;16;;;10411.0;32100.0
-2;411200;ASH_COATED_OSMIUM;9997;13;9994;22;;;10013;13;10015;22;;;10005.0;7347.0
-2;411200;INTARIAN_PEPPER_ROOT;10405;11;10403;16;;;10420;16;;;;;10412.5;32220.0
-2;411300;ASH_COATED_OSMIUM;9997;12;;;;;10013;12;10016;25;;;10005.0;7347.0
-2;411300;INTARIAN_PEPPER_ROOT;10406;11;10403;15;;;10417;11;10420;15;;;10411.5;32140.0
-2;411400;ASH_COATED_OSMIUM;9995;21;;;;;10013;15;;;;;10004.0;7379.0
-2;411400;INTARIAN_PEPPER_ROOT;10406;8;10403;23;;;10420;23;;;;;10413.0;32260.0
-2;411500;ASH_COATED_OSMIUM;9997;14;9994;29;;;10013;14;;;;;10005.0;7347.0
-2;411500;INTARIAN_PEPPER_ROOT;10406;9;;;;;;;;;;;10406.0;31700.0
-2;411600;ASH_COATED_OSMIUM;9997;14;;;;;10013;14;10015;26;;;10005.0;7347.0
-2;411600;INTARIAN_PEPPER_ROOT;10406;12;10403;24;;;10417;12;10420;24;;;10411.5;32140.0
-2;411700;ASH_COATED_OSMIUM;9997;12;9994;22;;;10013;12;10015;22;;;10005.0;7347.0
-2;411700;INTARIAN_PEPPER_ROOT;10403;25;;;;;10417;8;10420;25;;;10410.0;32020.0
-2;411800;ASH_COATED_OSMIUM;9997;11;9994;28;;;10013;11;;;;;10005.0;7347.0
-2;411800;INTARIAN_PEPPER_ROOT;10406;8;10403;15;;;10418;8;10420;15;;;10412.0;32180.0
-2;411900;ASH_COATED_OSMIUM;9997;14;9994;23;;;10013;14;10015;23;;;10005.0;7347.0
-2;411900;INTARIAN_PEPPER_ROOT;10406;12;;;;;10418;12;10420;19;;;10412.0;32180.0
-2;412000;ASH_COATED_OSMIUM;9997;15;9995;25;;;10013;15;;;;;10005.0;7347.0
-2;412000;INTARIAN_PEPPER_ROOT;10406;11;10404;23;;;10418;11;10420;23;;;10412.0;32180.0
-2;412100;ASH_COATED_OSMIUM;9997;15;9995;21;;;10013;15;;;;;10005.0;7347.0
-2;412100;INTARIAN_PEPPER_ROOT;10406;11;10404;23;;;10418;11;10420;23;;;10412.0;32180.0
-2;412200;ASH_COATED_OSMIUM;9997;15;9995;27;;;10013;15;10016;27;;;10005.0;7361.0
-2;412200;INTARIAN_PEPPER_ROOT;10406;11;;;;;10418;11;10421;22;;;10412.0;32180.0
-2;412300;ASH_COATED_OSMIUM;9998;10;9996;29;;;10014;10;10017;29;;;10006.0;7331.0
-2;412300;INTARIAN_PEPPER_ROOT;10410;5;10407;11;10404;19;10418;11;10421;19;;;10414.0;32340.0
-2;412400;ASH_COATED_OSMIUM;9999;13;9996;22;;;10015;13;10017;22;;;10007.0;7301.0
-2;412400;INTARIAN_PEPPER_ROOT;10407;11;10404;15;;;10418;11;;;;;10412.5;32220.0
-2;412500;ASH_COATED_OSMIUM;9999;10;9996;29;;;;;;;;;9999.0;7541.0
-2;412500;INTARIAN_PEPPER_ROOT;10407;11;10404;17;;;10418;11;10421;17;;;10412.5;32220.0
-2;412600;ASH_COATED_OSMIUM;10004;2;9996;30;;;10017;30;;;;;10010.5;7196.0
-2;412600;INTARIAN_PEPPER_ROOT;10407;9;10404;24;;;10418;9;10421;24;;;10412.5;32220.0
-2;412700;ASH_COATED_OSMIUM;9999;14;9996;21;;;10015;14;10017;21;;;10007.0;7301.0
-2;412700;INTARIAN_PEPPER_ROOT;10407;8;10404;21;;;10418;8;10421;21;;;10412.5;32220.0
-2;412800;ASH_COATED_OSMIUM;9999;15;9996;21;;;10017;21;;;;;10008.0;7271.0
-2;412800;INTARIAN_PEPPER_ROOT;10407;9;10404;22;;;10421;22;;;;;10414.0;32340.0
-2;412900;ASH_COATED_OSMIUM;9999;15;9996;25;;;10017;25;;;;;10008.0;7271.0
-2;412900;INTARIAN_PEPPER_ROOT;10407;8;10405;19;;;;;;;;;10407.0;31780.0
-2;413000;ASH_COATED_OSMIUM;9998;13;9996;26;;;10014;13;10017;26;;;10006.0;7331.0
-2;413000;INTARIAN_PEPPER_ROOT;10416;3;10407;9;10405;16;10419;9;10421;16;;;10417.5;32620.0
-2;413100;ASH_COATED_OSMIUM;9999;10;9996;26;;;10015;10;10017;26;;;10007.0;7301.0
-2;413100;INTARIAN_PEPPER_ROOT;10407;12;;;;;10419;12;;;;;10413.0;32260.0
-2;413200;ASH_COATED_OSMIUM;9998;14;9996;25;;;10014;14;10017;25;;;10006.0;7331.0
-2;413200;INTARIAN_PEPPER_ROOT;10407;12;10405;18;;;10419;12;10422;18;;;10413.0;32260.0
-2;413300;ASH_COATED_OSMIUM;9998;14;9996;27;;;10014;14;10017;27;;;10006.0;7331.0
-2;413300;INTARIAN_PEPPER_ROOT;10408;8;10405;18;;;10419;8;10422;18;;;10413.5;32300.0
-2;413400;ASH_COATED_OSMIUM;9998;13;;;;;;;;;;;9998.0;7571.0
-2;413400;INTARIAN_PEPPER_ROOT;10408;8;;;;;10419;8;10422;18;;;10413.5;32300.0
-2;413500;ASH_COATED_OSMIUM;;;;;;;10014;11;10017;28;;;10014.0;7091.0
-2;413500;INTARIAN_PEPPER_ROOT;10408;10;10405;16;;;10419;10;10422;16;;;10413.5;32300.0
-2;413600;ASH_COATED_OSMIUM;9998;15;9996;21;;;10014;15;10017;21;;;10006.0;7331.0
-2;413600;INTARIAN_PEPPER_ROOT;10408;10;10405;22;;;10422;22;;;;;10415.0;32420.0
-2;413700;ASH_COATED_OSMIUM;9995;23;;;;;10014;13;10016;23;;;10004.5;7376.0
-2;413700;INTARIAN_PEPPER_ROOT;;;;;;;10419;10;10422;16;;;10419.0;32740.0
-2;413800;ASH_COATED_OSMIUM;9998;15;9996;21;;;10014;15;10017;21;;;10006.0;7331.0
-2;413800;INTARIAN_PEPPER_ROOT;10408;8;10405;22;;;10422;22;;;;;10415.0;32420.0
-2;413900;ASH_COATED_OSMIUM;9998;15;9995;22;;;10014;15;10016;22;;;10006.0;7331.0
-2;413900;INTARIAN_PEPPER_ROOT;10408;8;10406;23;;;10420;8;10422;23;;;10414.0;32340.0
-2;414000;ASH_COATED_OSMIUM;9998;12;;;;;10014;12;10016;20;;;10006.0;7331.0
-2;414000;INTARIAN_PEPPER_ROOT;10408;9;10406;17;;;10420;9;10422;17;;;10414.0;32340.0
-2;414100;ASH_COATED_OSMIUM;9998;10;;;;;10014;10;10016;30;;;10006.0;7331.0
-2;414100;INTARIAN_PEPPER_ROOT;10408;10;10406;23;;;10420;10;;;;;10414.0;32340.0
-2;414200;ASH_COATED_OSMIUM;9998;15;9995;22;;;10014;15;10016;22;;;10006.0;7331.0
-2;414200;INTARIAN_PEPPER_ROOT;10406;25;;;;;10420;10;10423;25;;;10413.0;32260.0
-2;414300;ASH_COATED_OSMIUM;9998;12;9996;20;;;;;;;;;9998.0;7571.0
-2;414300;INTARIAN_PEPPER_ROOT;10409;10;10406;18;;;10420;10;10423;18;;;10414.5;32380.0
-2;414400;ASH_COATED_OSMIUM;9998;15;9995;24;;;10014;15;10016;24;;;10006.0;7331.0
-2;414400;INTARIAN_PEPPER_ROOT;10409;9;10406;16;;;10420;9;10423;16;;;10414.5;32380.0
-2;414500;ASH_COATED_OSMIUM;9998;13;9995;28;;;10017;28;;;;;10007.5;7286.0
-2;414500;INTARIAN_PEPPER_ROOT;10409;12;10406;20;;;10420;12;10423;20;;;10414.5;32380.0
-2;414600;ASH_COATED_OSMIUM;9998;12;;;;;10014;12;10016;26;;;10006.0;7331.0
-2;414600;INTARIAN_PEPPER_ROOT;10409;12;10406;17;;;10420;12;10423;17;;;10414.5;32380.0
-2;414700;ASH_COATED_OSMIUM;9998;12;;;;;10014;12;10016;22;;;10006.0;7331.0
-2;414700;INTARIAN_PEPPER_ROOT;10409;11;10406;17;;;10420;11;10423;17;;;10414.5;32380.0
-2;414800;ASH_COATED_OSMIUM;9998;12;9995;25;;;10003;4;10014;12;10016;25;10000.5;7486.0
-2;414800;INTARIAN_PEPPER_ROOT;10409;8;10406;24;;;10421;8;10423;24;;;10415.0;32420.0
-2;414900;ASH_COATED_OSMIUM;9998;12;;;;;10014;12;10016;30;;;10006.0;7399.0
-2;414900;INTARIAN_PEPPER_ROOT;10409;8;;;;;10421;8;;;;;10415.0;32420.0
-2;415000;ASH_COATED_OSMIUM;9998;15;9996;26;;;10014;15;;;;;10006.0;7399.0
-2;415000;INTARIAN_PEPPER_ROOT;10409;8;10407;24;;;10421;8;10423;24;;;10415.0;32420.0
-2;415100;ASH_COATED_OSMIUM;9999;14;9996;21;;;10017;21;;;;;10008.0;7363.0
-2;415100;INTARIAN_PEPPER_ROOT;10407;25;;;;;10421;11;10423;25;;;10414.0;32340.0
-2;415200;ASH_COATED_OSMIUM;9999;13;9996;28;;;10015;13;10017;28;;;10007.0;7381.0
-2;415200;INTARIAN_PEPPER_ROOT;10409;12;10407;23;;;10421;12;;;;;10415.0;32420.0
-2;415300;ASH_COATED_OSMIUM;9999;13;9996;28;;;10015;13;10017;28;;;10007.0;7381.0
-2;415300;INTARIAN_PEPPER_ROOT;10418;8;10410;10;;;10421;10;10424;25;;;10419.5;32780.0
-2;415400;ASH_COATED_OSMIUM;9999;15;9997;30;;;10009;4;10015;15;10018;30;10004.0;7435.0
-2;415400;INTARIAN_PEPPER_ROOT;10407;19;;;;;10421;8;;;;;10414.0;32340.0
-2;415500;ASH_COATED_OSMIUM;9999;15;9996;28;;;10015;15;10017;28;;;10007.0;7381.0
-2;415500;INTARIAN_PEPPER_ROOT;;;;;;;10421;12;10424;16;;;10421.0;32900.0
-2;415600;ASH_COATED_OSMIUM;9999;13;9997;22;;;10015;13;10018;22;;;10007.0;7381.0
-2;415600;INTARIAN_PEPPER_ROOT;10410;10;;;;;10421;10;10424;15;;;10415.5;32460.0
-2;415700;ASH_COATED_OSMIUM;9999;15;9997;27;;;10015;15;10018;27;;;10007.0;7381.0
-2;415700;INTARIAN_PEPPER_ROOT;10410;12;;;;;10424;23;;;;;10417.0;32580.0
-2;415800;ASH_COATED_OSMIUM;9999;12;9997;24;;;10015;12;10018;24;;;10007.0;7381.0
-2;415800;INTARIAN_PEPPER_ROOT;10410;11;10407;17;;;10422;11;10424;17;;;10416.0;32500.0
-2;415900;ASH_COATED_OSMIUM;9999;15;9996;28;;;10015;15;10017;28;;;10007.0;7381.0
-2;415900;INTARIAN_PEPPER_ROOT;10410;11;10408;18;;;10424;18;;;;;10417.0;32580.0
-2;416000;ASH_COATED_OSMIUM;9999;13;9996;20;;;10017;20;;;;;10008.0;7363.0
-2;416000;INTARIAN_PEPPER_ROOT;10410;12;10408;17;;;10424;17;;;;;10417.0;32580.0
-2;416100;ASH_COATED_OSMIUM;9999;15;9996;23;;;10017;23;;;;;10008.0;7363.0
-2;416100;INTARIAN_PEPPER_ROOT;10410;9;10408;18;;;10422;9;10424;18;;;10416.0;32500.0
-2;416200;ASH_COATED_OSMIUM;9999;13;9996;21;;;10015;13;10017;21;;;10007.0;7381.0
-2;416200;INTARIAN_PEPPER_ROOT;10410;8;10408;25;;;10422;8;10425;25;;;10416.0;32500.0
-2;416300;ASH_COATED_OSMIUM;9997;21;;;;;10015;10;10018;21;;;10006.0;7399.0
-2;416300;INTARIAN_PEPPER_ROOT;10408;24;;;;;10422;8;10425;24;;;10415.0;32420.0
-2;416400;ASH_COATED_OSMIUM;9997;23;;;;;10015;14;10018;23;;;10006.0;7399.0
-2;416400;INTARIAN_PEPPER_ROOT;10411;11;10408;18;;;10422;11;10425;18;;;10416.5;32540.0
-2;416500;ASH_COATED_OSMIUM;9999;14;9997;29;;;10015;14;10018;29;;;10007.0;7381.0
-2;416500;INTARIAN_PEPPER_ROOT;10411;10;10408;22;;;10422;10;10425;22;;;10416.5;32540.0
-2;416600;ASH_COATED_OSMIUM;9999;15;9997;26;;;10009;2;10018;26;;;10004.0;7435.0
-2;416600;INTARIAN_PEPPER_ROOT;10411;12;10408;16;;;10422;12;10425;16;;;10416.5;32540.0
-2;416700;ASH_COATED_OSMIUM;9999;10;9997;27;;;10015;10;10018;27;;;10007.0;7381.0
-2;416700;INTARIAN_PEPPER_ROOT;10411;10;10408;24;;;10422;10;10425;24;;;10416.5;32540.0
-2;416800;ASH_COATED_OSMIUM;10000;11;9997;20;;;10018;20;;;;;10009.0;7417.0
-2;416800;INTARIAN_PEPPER_ROOT;10411;10;10408;24;;;10423;10;;;;;10417.0;32580.0
-2;416900;ASH_COATED_OSMIUM;10000;10;9997;22;;;10016;10;10018;22;;;10008.0;7444.0
-2;416900;INTARIAN_PEPPER_ROOT;10420;3;10409;18;;;10423;10;;;;;10421.5;32940.0
-2;417000;ASH_COATED_OSMIUM;10000;13;9997;26;;;10009;5;10016;13;10018;26;10004.5;7559.5
-2;417000;INTARIAN_PEPPER_ROOT;10411;9;10409;15;;;10423;9;10425;15;;;10417.0;32580.0
-2;417100;ASH_COATED_OSMIUM;9997;24;;;;;10016;15;;;;;10006.5;7517.5
-2;417100;INTARIAN_PEPPER_ROOT;;;;;;;10423;12;10425;23;;;10423.0;33060.0
-2;417200;ASH_COATED_OSMIUM;9999;14;9997;24;;;10018;24;;;;;10008.5;7475.5
-2;417200;INTARIAN_PEPPER_ROOT;10411;8;10409;20;;;10423;8;10426;20;;;10417.0;32580.0
-2;417300;ASH_COATED_OSMIUM;10000;13;9997;25;;;10016;13;;;;;10008.0;7486.0
-2;417300;INTARIAN_PEPPER_ROOT;10412;9;10409;20;;;10423;9;;;;;10417.5;32620.0
-2;417400;ASH_COATED_OSMIUM;10000;10;9997;23;;;10016;10;10018;23;;;10008.0;7486.0
-2;417400;INTARIAN_PEPPER_ROOT;10409;19;;;;;10414;3;10423;8;;;10411.5;32140.0
-2;417500;ASH_COATED_OSMIUM;10000;15;9998;21;;;10016;15;10019;21;;;10008.0;7486.0
-2;417500;INTARIAN_PEPPER_ROOT;10412;8;10409;25;;;10423;8;10426;25;;;10417.5;32620.0
-2;417600;ASH_COATED_OSMIUM;;;;;;;10016;11;10019;30;;;10016.0;7318.0
-2;417600;INTARIAN_PEPPER_ROOT;10409;25;;;;;10423;8;10426;25;;;10416.0;32500.0
-2;417700;ASH_COATED_OSMIUM;9999;13;9997;29;;;10015;13;10018;29;;;10007.0;7507.0
-2;417700;INTARIAN_PEPPER_ROOT;10409;21;;;;;10426;21;;;;;10417.5;32620.0
-2;417800;ASH_COATED_OSMIUM;10000;13;9997;21;;;10016;13;10018;21;;;10008.0;7486.0
-2;417800;INTARIAN_PEPPER_ROOT;10412;10;10409;22;;;10424;10;10426;22;;;10418.0;32660.0
-2;417900;ASH_COATED_OSMIUM;10000;12;9997;22;;;10016;12;10018;22;;;10008.0;7486.0
-2;417900;INTARIAN_PEPPER_ROOT;10412;11;10410;23;;;10424;11;10426;23;;;10418.0;32660.0
-2;418000;ASH_COATED_OSMIUM;9999;13;9997;25;;;10018;25;;;;;10008.5;7526.5
-2;418000;INTARIAN_PEPPER_ROOT;10412;12;10410;18;;;10426;18;;;;;10419.0;32740.0
-2;418100;ASH_COATED_OSMIUM;10000;12;9997;28;;;10009;3;10016;12;10018;28;10004.5;7634.5
-2;418100;INTARIAN_PEPPER_ROOT;10412;11;10410;17;;;10424;11;;;;;10418.0;32660.0
-2;418200;ASH_COATED_OSMIUM;10000;11;9997;30;;;10016;11;10018;30;;;10008.0;7540.0
-2;418200;INTARIAN_PEPPER_ROOT;10412;10;10410;19;;;10424;10;;;;;10418.0;32660.0
-2;418300;ASH_COATED_OSMIUM;10000;15;;;;;10010;3;10016;15;10019;28;10005.0;7621.0
-2;418300;INTARIAN_PEPPER_ROOT;10413;8;;;;;10424;8;10427;19;;;10418.5;32700.0
-2;418400;ASH_COATED_OSMIUM;9998;20;;;;;10017;14;10019;20;;;10007.5;7553.5
-2;418400;INTARIAN_PEPPER_ROOT;;;;;;;10424;11;10427;24;;;10424.0;33140.0
-2;418500;ASH_COATED_OSMIUM;10001;13;;;;;10017;13;10020;26;;;10009.0;7513.0
-2;418500;INTARIAN_PEPPER_ROOT;10413;8;10410;25;;;10424;8;10427;25;;;10418.5;32700.0
-2;418600;ASH_COATED_OSMIUM;9999;28;;;;;10017;12;10020;28;;;10008.0;7540.0
-2;418600;INTARIAN_PEPPER_ROOT;10413;9;;;;;10424;9;10427;16;;;10418.5;32700.0
-2;418700;ASH_COATED_OSMIUM;10001;13;9998;20;;;10017;13;;;;;10009.0;7513.0
-2;418700;INTARIAN_PEPPER_ROOT;10413;11;;;;;10424;11;10427;20;;;10418.5;32700.0
-2;418800;ASH_COATED_OSMIUM;10000;13;;;;;10019;24;;;;;10009.5;7499.5
-2;418800;INTARIAN_PEPPER_ROOT;10413;10;10410;24;;;10425;10;10427;24;;;10419.0;32740.0
-2;418900;ASH_COATED_OSMIUM;10001;11;;;;;10017;11;10020;30;;;10009.0;7513.0
-2;418900;INTARIAN_PEPPER_ROOT;10413;8;10411;20;;;10427;20;;;;;10420.0;32820.0
-2;419000;ASH_COATED_OSMIUM;10000;12;9998;25;;;10019;25;;;;;10009.5;7499.5
-2;419000;INTARIAN_PEPPER_ROOT;10413;11;10411;22;;;10425;11;10427;22;;;10419.0;32740.0
-2;419100;ASH_COATED_OSMIUM;10000;14;9998;28;;;10016;14;;;;;10008.0;7540.0
-2;419100;INTARIAN_PEPPER_ROOT;10413;12;10411;19;;;10425;12;10427;19;;;10419.0;32740.0
-2;419200;ASH_COATED_OSMIUM;9998;27;;;;;10016;10;10019;27;;;10007.0;7567.0
-2;419200;INTARIAN_PEPPER_ROOT;10413;12;10411;20;;;10425;12;;;;;10419.0;32740.0
-2;419300;ASH_COATED_OSMIUM;10000;12;;;;;;;;;;;10000.0;7756.0
-2;419300;INTARIAN_PEPPER_ROOT;10414;8;;;;;10425;8;;;;;10419.5;32780.0
-2;419400;ASH_COATED_OSMIUM;10000;10;;;;;10016;10;;;;;10008.0;7540.0
-2;419400;INTARIAN_PEPPER_ROOT;10414;12;10411;24;;;10425;12;10428;24;;;10419.5;32780.0
-2;419500;ASH_COATED_OSMIUM;10000;15;9997;21;;;10016;15;;;;;10008.0;7540.0
-2;419500;INTARIAN_PEPPER_ROOT;10414;9;10411;25;;;10425;9;10428;25;;;10419.5;32780.0
-2;419600;ASH_COATED_OSMIUM;10000;15;9997;28;;;10016;15;10018;28;;;10008.0;7540.0
-2;419600;INTARIAN_PEPPER_ROOT;10414;9;10411;19;;;10425;9;;;;;10419.5;32780.0
-2;419700;ASH_COATED_OSMIUM;10000;10;;;;;10009;2;10016;10;10018;21;10004.5;7634.5
-2;419700;INTARIAN_PEPPER_ROOT;10414;9;;;;;10425;9;10428;17;;;10419.5;32780.0
-2;419800;ASH_COATED_OSMIUM;10000;10;9998;29;;;10016;10;10019;29;;;10008.0;7540.0
-2;419800;INTARIAN_PEPPER_ROOT;10414;11;10411;17;;;10426;11;;;;;10420.0;32820.0
-2;419900;ASH_COATED_OSMIUM;;;;;;;10016;12;10019;26;;;10016.0;7324.0
-2;419900;INTARIAN_PEPPER_ROOT;10414;8;10412;18;;;10426;8;10428;18;;;10420.0;32820.0
-2;420000;ASH_COATED_OSMIUM;10001;14;;;;;10017;14;10019;20;;;10009.0;7513.0
-2;420000;INTARIAN_PEPPER_ROOT;;;;;;;10426;11;10428;24;;;10426.0;33300.0
-2;420100;ASH_COATED_OSMIUM;10001;15;;;;;10017;15;10019;27;;;10009.0;7513.0
-2;420100;INTARIAN_PEPPER_ROOT;10414;10;10412;20;;;10426;10;10428;20;;;10420.0;32820.0
-2;420200;ASH_COATED_OSMIUM;10001;11;9998;23;;;;;;;;;10001.0;7729.0
-2;420200;INTARIAN_PEPPER_ROOT;10414;12;10412;25;;;10426;12;10429;25;;;10420.0;32820.0
-2;420300;ASH_COATED_OSMIUM;10001;10;9998;25;;;10017;10;10019;25;;;10009.0;7513.0
-2;420300;INTARIAN_PEPPER_ROOT;;;;;;;10426;10;10429;24;;;10426.0;33300.0
-2;420400;ASH_COATED_OSMIUM;10001;13;9998;25;;;;;;;;;10001.0;7729.0
-2;420400;INTARIAN_PEPPER_ROOT;10415;8;10412;25;;;10429;25;;;;;10422.0;32980.0
-2;420500;ASH_COATED_OSMIUM;10001;13;9998;21;;;10017;13;10019;21;;;10009.0;7513.0
-2;420500;INTARIAN_PEPPER_ROOT;;;;;;;10426;10;10429;22;;;10426.0;33300.0
-2;420600;ASH_COATED_OSMIUM;10001;13;9998;23;;;10017;13;10019;23;;;10009.0;7513.0
-2;420600;INTARIAN_PEPPER_ROOT;10415;8;;;;;10426;8;10429;23;;;10420.5;32860.0
-2;420700;ASH_COATED_OSMIUM;10001;13;9998;29;;;10017;13;;;;;10009.0;7513.0
-2;420700;INTARIAN_PEPPER_ROOT;10415;11;10412;17;;;10426;11;10429;17;;;10420.5;32860.0
-2;420800;ASH_COATED_OSMIUM;10000;14;9998;22;;;10016;14;10019;22;;;10008.0;7540.0
-2;420800;INTARIAN_PEPPER_ROOT;10415;10;10412;18;;;10427;10;10429;18;;;10421.0;32900.0
-2;420900;ASH_COATED_OSMIUM;10000;10;9998;26;;;10016;10;10019;26;;;10008.0;7540.0
-2;420900;INTARIAN_PEPPER_ROOT;10415;10;10413;25;;;10427;10;10429;25;;;10421.0;32900.0
-2;421000;ASH_COATED_OSMIUM;10000;15;9998;21;;;10016;15;10019;21;;;10008.0;7540.0
-2;421000;INTARIAN_PEPPER_ROOT;10415;8;10413;19;;;10427;8;10429;19;;;10421.0;32900.0
-2;421100;ASH_COATED_OSMIUM;10001;12;9998;25;;;;;;;;;10001.0;7729.0
-2;421100;INTARIAN_PEPPER_ROOT;10413;21;;;;;10427;9;10429;21;;;10420.0;32820.0
-2;421200;ASH_COATED_OSMIUM;10001;14;9998;20;;;10017;14;10019;20;;;10009.0;7513.0
-2;421200;INTARIAN_PEPPER_ROOT;10415;8;10413;23;;;10427;8;10430;23;;;10421.0;32900.0
-2;421300;ASH_COATED_OSMIUM;10001;14;9998;25;;;10017;14;;;;;10009.0;7513.0
-2;421300;INTARIAN_PEPPER_ROOT;10416;10;10413;20;;;10427;10;;;;;10421.5;32940.0
-2;421400;ASH_COATED_OSMIUM;10001;10;9998;30;;;10017;10;10019;30;;;10009.0;7513.0
-2;421400;INTARIAN_PEPPER_ROOT;10416;11;10413;19;;;10427;11;;;;;10421.5;32940.0
-2;421500;ASH_COATED_OSMIUM;10001;13;9999;22;;;10017;13;;;;;10009.0;7513.0
-2;421500;INTARIAN_PEPPER_ROOT;;;;;;;10427;8;10430;16;;;10427.0;33380.0
-2;421600;ASH_COATED_OSMIUM;10001;10;;;;;10017;10;10019;21;;;10009.0;7513.0
-2;421600;INTARIAN_PEPPER_ROOT;10416;9;10413;15;;;10427;9;10430;15;;;10421.5;32940.0
-2;421700;ASH_COATED_OSMIUM;9998;25;;;;;10017;10;10019;25;;;10007.5;7553.5
-2;421700;INTARIAN_PEPPER_ROOT;10416;8;10413;20;;;10427;8;10430;20;;;10421.5;32940.0
-2;421800;ASH_COATED_OSMIUM;10000;13;9998;20;;;10019;20;;;;;10009.5;7499.5
-2;421800;INTARIAN_PEPPER_ROOT;10416;8;10413;20;;;10428;8;10430;20;;;10422.0;32980.0
-2;421900;ASH_COATED_OSMIUM;10001;10;9998;29;;;10017;10;10019;29;;;10009.0;7513.0
-2;421900;INTARIAN_PEPPER_ROOT;10425;3;10416;10;10414;15;;;;;;;10425.0;33220.0
-2;422000;ASH_COATED_OSMIUM;10001;13;9998;23;;;10017;13;;;;;10009.0;7513.0
-2;422000;INTARIAN_PEPPER_ROOT;10425;4;10414;18;;;10428;12;;;;;10426.5;33340.0
-2;422100;ASH_COATED_OSMIUM;10001;12;9998;29;;;10017;12;10019;29;;;10009.0;7513.0
-2;422100;INTARIAN_PEPPER_ROOT;10420;9;10416;9;10414;17;10428;9;10430;17;;;10424.0;33140.0
-2;422200;ASH_COATED_OSMIUM;10000;13;9998;23;;;10016;13;10019;23;;;10008.0;7540.0
-2;422200;INTARIAN_PEPPER_ROOT;10416;9;;;;;10428;9;10431;24;;;10422.0;32980.0
-2;422300;ASH_COATED_OSMIUM;9998;22;;;;;10017;13;10019;22;;;10007.5;7553.5
-2;422300;INTARIAN_PEPPER_ROOT;10417;11;;;;;10428;11;10431;25;;;10422.5;33020.0
-2;422400;ASH_COATED_OSMIUM;10001;13;;;;;10017;13;;;;;10009.0;7513.0
-2;422400;INTARIAN_PEPPER_ROOT;10417;12;10414;24;;;10428;12;10431;24;;;10422.5;33020.0
-2;422500;ASH_COATED_OSMIUM;10001;11;9999;23;;;10017;11;10020;23;;;10009.0;7513.0
-2;422500;INTARIAN_PEPPER_ROOT;10417;11;10414;15;;;10428;11;10431;15;;;10422.5;33020.0
-2;422600;ASH_COATED_OSMIUM;10001;12;9999;29;;;10017;12;10020;29;;;10009.0;7513.0
-2;422600;INTARIAN_PEPPER_ROOT;10417;9;10414;22;;;10428;9;10431;22;;;10422.5;33020.0
-2;422700;ASH_COATED_OSMIUM;10001;14;;;;;10017;14;10019;23;;;10009.0;7513.0
-2;422700;INTARIAN_PEPPER_ROOT;10417;10;10414;20;;;10428;10;10431;20;;;10422.5;33020.0
-2;422800;ASH_COATED_OSMIUM;9998;24;;;;;10017;12;10019;24;;;10007.5;7553.5
-2;422800;INTARIAN_PEPPER_ROOT;10417;9;10414;19;;;10429;9;10431;19;;;10423.0;33060.0
-2;422900;ASH_COATED_OSMIUM;10001;10;9999;23;;;10017;10;10020;23;;;10009.0;7513.0
-2;422900;INTARIAN_PEPPER_ROOT;10417;12;;;;;10429;12;10431;22;;;10423.0;33060.0
-2;423000;ASH_COATED_OSMIUM;9999;20;;;;;10011;5;10017;10;10020;20;10005.0;7621.0
-2;423000;INTARIAN_PEPPER_ROOT;10417;8;10415;15;;;10429;8;10431;15;;;10423.0;33060.0
-2;423100;ASH_COATED_OSMIUM;10002;15;9999;28;;;10018;15;10020;28;;;10010.0;7486.0
-2;423100;INTARIAN_PEPPER_ROOT;10421;5;10417;8;;;10429;8;10431;18;;;10425.0;33220.0
-2;423200;ASH_COATED_OSMIUM;10001;10;;;;;10017;10;10020;24;;;10009.0;7513.0
-2;423200;INTARIAN_PEPPER_ROOT;10417;9;10415;18;;;10429;9;10432;18;;;10423.0;33060.0
-2;423300;ASH_COATED_OSMIUM;10001;11;9999;20;;;10017;11;10020;20;;;10009.0;7513.0
-2;423300;INTARIAN_PEPPER_ROOT;10418;11;10415;25;;;10420;5;10429;11;10432;25;10419.0;32740.0
-2;423400;ASH_COATED_OSMIUM;10001;15;9999;27;;;10017;15;;;;;10009.0;7513.0
-2;423400;INTARIAN_PEPPER_ROOT;10415;25;;;;;10429;11;10432;25;;;10422.0;32980.0
-2;423500;ASH_COATED_OSMIUM;9999;25;;;;;10017;11;10020;25;;;10008.0;7540.0
-2;423500;INTARIAN_PEPPER_ROOT;10418;9;;;;;10429;9;10432;24;;;10423.5;33100.0
-2;423600;ASH_COATED_OSMIUM;10001;10;9998;21;;;10019;21;;;;;10010.0;7486.0
-2;423600;INTARIAN_PEPPER_ROOT;10418;12;10415;22;;;10429;12;;;;;10423.5;33100.0
-2;423700;ASH_COATED_OSMIUM;10001;11;9998;25;;;10017;11;10019;25;;;10009.0;7513.0
-2;423700;INTARIAN_PEPPER_ROOT;10418;12;10415;24;;;10429;12;10432;24;;;10423.5;33100.0
-2;423800;ASH_COATED_OSMIUM;9998;26;;;;;10019;26;;;;;10008.5;7526.5
-2;423800;INTARIAN_PEPPER_ROOT;10415;23;;;;;10430;11;;;;;10422.5;33020.0
-2;423900;ASH_COATED_OSMIUM;9998;29;;;;;10017;14;10019;29;;;10007.5;7553.5
-2;423900;INTARIAN_PEPPER_ROOT;10418;9;10416;19;;;10430;9;10432;19;;;10424.0;33140.0
-2;424000;ASH_COATED_OSMIUM;10001;14;9998;28;;;10017;14;10019;28;;;10009.0;7513.0
-2;424000;INTARIAN_PEPPER_ROOT;10418;11;10416;18;;;10430;11;10432;18;;;10424.0;33140.0
-2;424100;ASH_COATED_OSMIUM;10000;15;9998;20;;;10017;15;10019;20;;;10008.5;7526.5
-2;424100;INTARIAN_PEPPER_ROOT;10418;9;10416;23;;;10430;9;10432;23;;;10424.0;33140.0
-2;424200;ASH_COATED_OSMIUM;10001;14;;;;;10017;14;10019;26;;;10009.0;7513.0
-2;424200;INTARIAN_PEPPER_ROOT;10418;8;;;;;10430;8;;;;;10424.0;33140.0
-2;424300;ASH_COATED_OSMIUM;10001;12;;;;;10017;12;10019;27;;;10009.0;7513.0
-2;424300;INTARIAN_PEPPER_ROOT;10419;8;;;;;10430;8;;;;;10424.5;33180.0
-2;424400;ASH_COATED_OSMIUM;10001;10;9998;29;;;10017;10;;;;;10009.0;7513.0
-2;424400;INTARIAN_PEPPER_ROOT;10419;10;10416;24;;;10430;10;10433;24;;;10424.5;33180.0
-2;424500;ASH_COATED_OSMIUM;10001;12;9998;21;;;10019;21;;;;;10010.0;7486.0
-2;424500;INTARIAN_PEPPER_ROOT;10419;8;10416;17;;;10430;8;10433;17;;;10424.5;33180.0
-2;424600;ASH_COATED_OSMIUM;10001;12;;;;;10017;12;10019;30;;;10009.0;7513.0
-2;424600;INTARIAN_PEPPER_ROOT;10419;8;10416;21;;;10430;8;10433;21;;;10424.5;33180.0
-2;424700;ASH_COATED_OSMIUM;10000;12;9998;27;;;10016;12;10019;27;;;10008.0;7540.0
-2;424700;INTARIAN_PEPPER_ROOT;10419;10;10416;25;;;10430;10;10433;25;;;10424.5;33180.0
-2;424800;ASH_COATED_OSMIUM;10000;10;9998;22;;;10016;10;10019;22;;;10008.0;7540.0
-2;424800;INTARIAN_PEPPER_ROOT;10419;8;10416;20;;;10431;8;10433;20;;;10425.0;33220.0
-2;424900;ASH_COATED_OSMIUM;10001;15;9998;22;;;10017;15;10019;22;;;10009.0;7513.0
-2;424900;INTARIAN_PEPPER_ROOT;10417;18;;;;;10433;18;;;;;10425.0;33220.0
-2;425000;ASH_COATED_OSMIUM;10001;13;9999;27;;;10017;13;10020;27;;;10009.0;7513.0
-2;425000;INTARIAN_PEPPER_ROOT;10419;9;;;;;10433;15;;;;;10426.0;33300.0
-2;425100;ASH_COATED_OSMIUM;10001;10;9998;21;;;;;;;;;10001.0;7729.0
-2;425100;INTARIAN_PEPPER_ROOT;10419;10;10417;16;;;10433;16;;;;;10426.0;33300.0
-2;425200;ASH_COATED_OSMIUM;10001;12;9998;28;;;10017;12;10019;28;;;10009.0;7513.0
-2;425200;INTARIAN_PEPPER_ROOT;10419;12;10417;17;;;10431;12;10434;17;;;10425.0;33220.0
-2;425300;ASH_COATED_OSMIUM;10000;10;9998;24;;;;;;;;;10000.0;7756.0
-2;425300;INTARIAN_PEPPER_ROOT;10420;8;10417;24;;;10431;8;10434;24;;;10425.5;33260.0
-2;425400;ASH_COATED_OSMIUM;10000;10;9998;24;;;10019;24;;;;;10009.5;7499.5
-2;425400;INTARIAN_PEPPER_ROOT;10420;10;10417;20;;;;;;;;;10420.0;32820.0
-2;425500;ASH_COATED_OSMIUM;10000;14;9998;26;;;10016;14;;;;;10008.0;7540.0
-2;425500;INTARIAN_PEPPER_ROOT;10420;11;;;;;10422;3;10431;11;10434;21;10421.0;32900.0
-2;425600;ASH_COATED_OSMIUM;;;;;;;10016;10;10019;23;;;10016.0;7324.0
-2;425600;INTARIAN_PEPPER_ROOT;10420;12;10417;18;;;;;;;;;10420.0;32820.0
-2;425700;ASH_COATED_OSMIUM;10000;14;9997;28;;;10018;28;;;;;10009.0;7513.0
-2;425700;INTARIAN_PEPPER_ROOT;10420;9;10417;19;;;10431;9;;;;;10425.5;33260.0
-2;425800;ASH_COATED_OSMIUM;9998;22;;;;;10016;15;;;;;10007.0;7567.0
-2;425800;INTARIAN_PEPPER_ROOT;10420;8;10417;19;;;10432;8;10434;19;;;10426.0;33300.0
-2;425900;ASH_COATED_OSMIUM;10000;12;;;;;10019;26;;;;;10009.5;7499.5
-2;425900;INTARIAN_PEPPER_ROOT;10420;10;10418;17;;;10432;10;10434;17;;;10426.0;33300.0
-2;426000;ASH_COATED_OSMIUM;10000;11;9997;26;;;10016;11;10018;26;;;10008.0;7540.0
-2;426000;INTARIAN_PEPPER_ROOT;10420;11;;;;;10432;11;10434;17;;;10426.0;33300.0
-2;426100;ASH_COATED_OSMIUM;9999;14;9997;25;;;10018;25;;;;;10008.5;7526.5
-2;426100;INTARIAN_PEPPER_ROOT;10420;10;10418;15;;;10434;15;;;;;10427.0;33380.0
-2;426200;ASH_COATED_OSMIUM;10000;13;9998;22;;;10019;22;;;;;10009.5;7499.5
-2;426200;INTARIAN_PEPPER_ROOT;10420;12;10418;24;;;10432;12;10435;24;;;10426.0;33300.0
-2;426300;ASH_COATED_OSMIUM;10000;14;;;;;10009;2;10016;14;10018;22;10004.5;7634.5
-2;426300;INTARIAN_PEPPER_ROOT;10421;9;10418;25;;;10435;25;;;;;10428.0;33460.0
-2;426400;ASH_COATED_OSMIUM;10005;5;10000;14;9997;21;10018;21;;;;;10011.5;7445.5
-2;426400;INTARIAN_PEPPER_ROOT;10421;10;10418;18;;;10432;10;10435;18;;;10426.5;33340.0
-2;426500;ASH_COATED_OSMIUM;9999;15;9997;24;;;10015;15;10018;24;;;10007.0;7567.0
-2;426500;INTARIAN_PEPPER_ROOT;10421;10;;;;;10432;10;10435;19;;;10426.5;33340.0
-2;426600;ASH_COATED_OSMIUM;9997;27;;;;;10015;14;10018;27;;;10006.0;7594.0
-2;426600;INTARIAN_PEPPER_ROOT;;;;;;;10432;12;10435;17;;;10432.0;33780.0
-2;426700;ASH_COATED_OSMIUM;9999;15;9997;24;;;10015;15;10018;24;;;10007.0;7567.0
-2;426700;INTARIAN_PEPPER_ROOT;10421;10;10418;24;;;10432;10;10435;24;;;10426.5;33340.0
-2;426800;ASH_COATED_OSMIUM;9999;11;;;;;10015;11;10018;25;;;10007.0;7567.0
-2;426800;INTARIAN_PEPPER_ROOT;10421;12;10418;17;;;10433;12;10435;17;;;10427.0;33380.0
-2;426900;ASH_COATED_OSMIUM;9999;14;;;;;10015;14;;;;;10007.0;7567.0
-2;426900;INTARIAN_PEPPER_ROOT;10421;8;10419;21;;;10433;8;10435;21;;;10427.0;33380.0
-2;427000;ASH_COATED_OSMIUM;9999;11;9997;29;;;10015;11;10018;29;;;10007.0;7567.0
-2;427000;INTARIAN_PEPPER_ROOT;10421;9;;;;;10433;9;;;;;10427.0;33380.0
-2;427100;ASH_COATED_OSMIUM;9999;14;9997;29;;;10015;14;10018;29;;;10007.0;7567.0
-2;427100;INTARIAN_PEPPER_ROOT;10421;10;10419;19;;;10433;10;;;;;10427.0;33380.0
-2;427200;ASH_COATED_OSMIUM;10000;11;;;;;10016;11;10018;27;;;10008.0;7540.0
-2;427200;INTARIAN_PEPPER_ROOT;10421;9;10419;24;;;10433;9;;;;;10427.0;33380.0
-2;427300;ASH_COATED_OSMIUM;10000;10;9997;29;;;10016;10;10018;29;;;10008.0;7540.0
-2;427300;INTARIAN_PEPPER_ROOT;;;;;;;10433;8;10436;22;;;10433.0;33860.0
-2;427400;ASH_COATED_OSMIUM;;;;;;;10015;12;10018;27;;;10015.0;7351.0
-2;427400;INTARIAN_PEPPER_ROOT;10422;12;10419;18;;;10433;12;10436;18;;;10427.5;33420.0
-2;427500;ASH_COATED_OSMIUM;9997;28;;;;;10016;12;10018;28;;;10006.5;7580.5
-2;427500;INTARIAN_PEPPER_ROOT;10422;11;10419;17;;;10433;11;10436;17;;;10427.5;33420.0
-2;427600;ASH_COATED_OSMIUM;10000;12;;;;;10016;12;10019;28;;;10008.0;7540.0
-2;427600;INTARIAN_PEPPER_ROOT;10419;24;;;;;10433;9;;;;;10426.0;33300.0
-2;427700;ASH_COATED_OSMIUM;10000;12;9998;26;;;10016;12;10019;26;;;10008.0;7540.0
-2;427700;INTARIAN_PEPPER_ROOT;10422;8;10419;20;;;10433;8;;;;;10427.5;33420.0
-2;427800;ASH_COATED_OSMIUM;10000;12;;;;;10016;12;10019;22;;;10008.0;7540.0
-2;427800;INTARIAN_PEPPER_ROOT;10422;8;10419;16;;;10434;8;10436;16;;;10428.0;33460.0
-2;427900;ASH_COATED_OSMIUM;;;;;;;10019;23;;;;;10019.0;7243.0
-2;427900;INTARIAN_PEPPER_ROOT;10422;12;10420;19;;;10434;12;10436;19;;;10428.0;33460.0
-2;428000;ASH_COATED_OSMIUM;10000;14;9998;27;;;10016;14;10019;27;;;10008.0;7540.0
-2;428000;INTARIAN_PEPPER_ROOT;10422;11;10420;23;;;10434;11;10436;23;;;10428.0;33460.0
-2;428100;ASH_COATED_OSMIUM;9998;29;;;;;10016;11;10019;29;;;10007.0;7567.0
-2;428100;INTARIAN_PEPPER_ROOT;10422;9;10420;15;;;10436;15;;;;;10429.0;33540.0
-2;428200;ASH_COATED_OSMIUM;10001;14;;;;;10017;14;10019;22;;;10009.0;7513.0
-2;428200;INTARIAN_PEPPER_ROOT;10422;11;10420;15;;;10437;15;;;;;10429.5;33580.0
-2;428300;ASH_COATED_OSMIUM;9998;30;;;;;10017;13;10019;30;;;10007.5;7553.5
-2;428300;INTARIAN_PEPPER_ROOT;10423;8;;;;;10434;8;10437;22;;;10428.5;33500.0
-2;428400;ASH_COATED_OSMIUM;10001;15;9998;23;;;10017;15;10019;23;;;10009.0;7513.0
-2;428400;INTARIAN_PEPPER_ROOT;10420;18;;;;;10434;9;10437;18;;;10427.0;33380.0
-2;428500;ASH_COATED_OSMIUM;10001;12;9998;24;;;10017;12;10019;24;;;10009.0;7513.0
-2;428500;INTARIAN_PEPPER_ROOT;10423;8;10420;16;;;10434;8;10437;16;;;10428.5;33500.0
-2;428600;ASH_COATED_OSMIUM;9998;30;;;;;10016;13;10019;30;;;10007.0;7567.0
-2;428600;INTARIAN_PEPPER_ROOT;10423;12;10420;19;;;10434;12;10437;19;;;10428.5;33500.0
-2;428700;ASH_COATED_OSMIUM;9997;24;;;;;10016;15;;;;;10006.5;7580.5
-2;428700;INTARIAN_PEPPER_ROOT;10423;8;10420;21;;;10434;8;;;;;10428.5;33500.0
-2;428800;ASH_COATED_OSMIUM;9999;10;9997;25;;;10015;10;10018;25;;;10007.0;7567.0
-2;428800;INTARIAN_PEPPER_ROOT;10423;10;10420;23;;;10437;23;;;;;10430.0;33620.0
-2;428900;ASH_COATED_OSMIUM;9999;10;;;;;10015;10;;;;;10007.0;7567.0
-2;428900;INTARIAN_PEPPER_ROOT;10421;24;;;;;10435;9;10437;24;;;10428.0;33460.0
-2;429000;ASH_COATED_OSMIUM;9999;10;9996;26;;;10015;10;10017;26;;;10007.0;7567.0
-2;429000;INTARIAN_PEPPER_ROOT;;;;;;;10435;9;10437;17;;;10435.0;34020.0
-2;429100;ASH_COATED_OSMIUM;9998;14;;;;;10016;22;;;;;10007.0;7567.0
-2;429100;INTARIAN_PEPPER_ROOT;10423;12;10421;20;;;10435;12;10437;20;;;10429.0;33540.0
-2;429200;ASH_COATED_OSMIUM;9997;11;;;;;10013;11;10016;29;;;10005.0;7621.0
-2;429200;INTARIAN_PEPPER_ROOT;10423;9;10421;18;;;10435;9;10438;18;;;10429.0;33540.0
-2;429300;ASH_COATED_OSMIUM;9997;12;9994;29;;;10013;12;10015;29;;;10005.0;7621.0
-2;429300;INTARIAN_PEPPER_ROOT;10424;11;10421;23;;;;;;;;;10424.0;33140.0
-2;429400;ASH_COATED_OSMIUM;9997;12;9995;28;;;10013;12;10016;28;;;10005.0;7621.0
-2;429400;INTARIAN_PEPPER_ROOT;10424;8;10421;22;;;10435;8;10438;22;;;10429.5;33580.0
-2;429500;ASH_COATED_OSMIUM;9997;15;9995;21;;;10016;21;;;;;10006.5;7580.5
-2;429500;INTARIAN_PEPPER_ROOT;10424;10;10421;22;;;10435;10;10438;22;;;10429.5;33580.0
-2;429600;ASH_COATED_OSMIUM;9997;14;9995;20;;;;;;;;;9997.0;7837.0
-2;429600;INTARIAN_PEPPER_ROOT;10421;24;;;;;10435;12;;;;;10428.0;33460.0
-2;429700;ASH_COATED_OSMIUM;9997;14;9994;22;;;10013;14;10015;22;;;10005.0;7621.0
-2;429700;INTARIAN_PEPPER_ROOT;10424;10;10421;22;;;10438;22;;;;;10431.0;33700.0
-2;429800;ASH_COATED_OSMIUM;9997;12;;;;;10013;12;10015;20;;;10005.0;7621.0
-2;429800;INTARIAN_PEPPER_ROOT;10421;23;;;;;10436;11;10438;23;;;10428.5;33500.0
-2;429900;ASH_COATED_OSMIUM;9996;14;;;;;10012;14;10015;24;;;10004.0;7648.0
-2;429900;INTARIAN_PEPPER_ROOT;10424;10;10422;21;;;10438;21;;;;;10431.0;33700.0
-2;430000;ASH_COATED_OSMIUM;9996;15;9994;21;;;10012;15;;;;;10004.0;7648.0
-2;430000;INTARIAN_PEPPER_ROOT;10424;12;;;;;10436;12;10438;25;;;10430.0;33620.0
-2;430100;ASH_COATED_OSMIUM;9996;10;9994;28;;;10012;10;10015;28;;;10004.0;7648.0
-2;430100;INTARIAN_PEPPER_ROOT;10424;10;10422;16;;;10436;10;;;;;10430.0;33620.0
-2;430200;ASH_COATED_OSMIUM;9993;21;;;;;10012;13;10014;21;;;10002.5;7688.5
-2;430200;INTARIAN_PEPPER_ROOT;10424;12;10422;23;;;10436;12;10439;23;;;10430.0;33620.0
-2;430300;ASH_COATED_OSMIUM;9995;11;;;;;10011;11;10014;25;;;10003.0;7675.0
-2;430300;INTARIAN_PEPPER_ROOT;10425;12;10422;17;;;10436;12;10439;17;;;10430.5;33660.0
-2;430400;ASH_COATED_OSMIUM;9996;15;9993;24;;;10012;15;10014;24;;;10004.0;7648.0
-2;430400;INTARIAN_PEPPER_ROOT;10422;21;;;;;10436;9;10439;21;;;10429.0;33540.0
-2;430500;ASH_COATED_OSMIUM;9995;15;9993;23;;;10011;15;10014;23;;;10003.0;7675.0
-2;430500;INTARIAN_PEPPER_ROOT;10425;10;10422;23;;;10436;10;;;;;10430.5;33660.0
-2;430600;ASH_COATED_OSMIUM;9995;13;9993;25;;;10011;13;10014;25;;;10003.0;7675.0
-2;430600;INTARIAN_PEPPER_ROOT;10425;8;10422;21;;;10439;21;;;;;10432.0;33780.0
-2;430700;ASH_COATED_OSMIUM;9995;14;9993;21;;;10011;14;;;;;10003.0;7675.0
-2;430700;INTARIAN_PEPPER_ROOT;10428;11;10425;11;;;10436;11;10439;22;;;10432.0;33780.0
-2;430800;ASH_COATED_OSMIUM;9996;15;9993;27;;;10012;15;10014;27;;;10004.0;7648.0
-2;430800;INTARIAN_PEPPER_ROOT;10425;10;10422;16;;;10437;10;10439;16;;;10431.0;33700.0
-2;430900;ASH_COATED_OSMIUM;9996;14;;;;;10012;14;10014;22;;;10004.0;7648.0
-2;430900;INTARIAN_PEPPER_ROOT;10425;11;;;;;10439;18;;;;;10432.0;33780.0
-2;431000;ASH_COATED_OSMIUM;9993;26;;;;;10012;12;10014;26;;;10002.5;7688.5
-2;431000;INTARIAN_PEPPER_ROOT;10425;8;10423;16;;;10437;8;10439;16;;;10431.0;33700.0
-2;431100;ASH_COATED_OSMIUM;9996;10;9993;27;;;10012;10;10014;27;;;10004.0;7648.0
-2;431100;INTARIAN_PEPPER_ROOT;10425;10;10423;21;;;10437;10;10439;21;;;10431.0;33700.0
-2;431200;ASH_COATED_OSMIUM;9993;22;;;;;10014;22;;;;;10003.5;7661.5
-2;431200;INTARIAN_PEPPER_ROOT;10425;8;10423;18;;;10437;8;;;;;10431.0;33700.0
-2;431300;ASH_COATED_OSMIUM;9996;12;9994;28;;;10012;12;10015;28;;;10004.0;7648.0
-2;431300;INTARIAN_PEPPER_ROOT;10426;11;10423;19;;;10437;11;10440;19;;;10431.5;33740.0
-2;431400;ASH_COATED_OSMIUM;10002;5;9996;13;9994;20;10012;13;;;;;10007.0;7567.0
-2;431400;INTARIAN_PEPPER_ROOT;10426;10;;;;;10440;20;;;;;10433.0;33860.0
-2;431500;ASH_COATED_OSMIUM;9997;15;9994;30;;;10015;30;;;;;10006.0;7594.0
-2;431500;INTARIAN_PEPPER_ROOT;10426;11;10423;16;;;10437;11;10440;16;;;10431.5;33740.0
-2;431600;ASH_COATED_OSMIUM;9996;11;9994;23;;;10012;11;10015;23;;;10004.0;7648.0
-2;431600;INTARIAN_PEPPER_ROOT;10426;8;10423;21;;;10437;8;10440;21;;;10431.5;33740.0
-2;431700;ASH_COATED_OSMIUM;10002;2;9997;10;9994;21;10013;10;10015;21;;;10007.5;7553.5
-2;431700;INTARIAN_PEPPER_ROOT;10426;10;10423;25;;;10437;10;10440;25;;;10431.5;33740.0
-2;431800;ASH_COATED_OSMIUM;9997;10;9994;27;;;10013;10;10015;27;;;10005.0;7621.0
-2;431800;INTARIAN_PEPPER_ROOT;10426;9;10423;25;;;10438;9;;;;;10432.0;33780.0
-2;431900;ASH_COATED_OSMIUM;9997;15;9994;25;;;;;;;;;9997.0;7837.0
-2;431900;INTARIAN_PEPPER_ROOT;10426;8;10424;19;;;10440;19;;;;;10433.0;33860.0
-2;432000;ASH_COATED_OSMIUM;9994;22;;;;;10015;22;;;;;10004.5;7634.5
-2;432000;INTARIAN_PEPPER_ROOT;10426;8;10424;22;;;10438;8;10440;22;;;10432.0;33780.0
-2;432100;ASH_COATED_OSMIUM;9997;12;;;;;10013;12;10015;25;;;10005.0;7621.0
-2;432100;INTARIAN_PEPPER_ROOT;10426;8;10424;18;;;10438;8;10440;18;;;10432.0;33780.0
-2;432200;ASH_COATED_OSMIUM;9996;11;;;;;10012;11;10015;27;;;10004.0;7648.0
-2;432200;INTARIAN_PEPPER_ROOT;10426;12;10424;23;;;10438;12;10441;23;;;10432.0;33780.0
-2;432300;ASH_COATED_OSMIUM;9996;11;;;;;10012;11;10015;25;;;10004.0;7648.0
-2;432300;INTARIAN_PEPPER_ROOT;10427;12;10424;17;;;10438;12;10441;17;;;10432.5;33820.0
-2;432400;ASH_COATED_OSMIUM;9996;12;9994;29;;;10012;12;10015;29;;;10004.0;7648.0
-2;432400;INTARIAN_PEPPER_ROOT;10427;10;;;;;10438;10;;;;;10432.5;33820.0
-2;432500;ASH_COATED_OSMIUM;9997;14;9994;20;;;10013;14;10015;20;;;10005.0;7621.0
-2;432500;INTARIAN_PEPPER_ROOT;10427;11;10424;19;;;10438;11;10441;19;;;10432.5;33820.0
-2;432600;ASH_COATED_OSMIUM;9994;20;;;;;10013;13;10015;20;;;10003.5;7661.5
-2;432600;INTARIAN_PEPPER_ROOT;10427;10;;;;;10441;25;;;;;10434.0;33940.0
-2;432700;ASH_COATED_OSMIUM;9997;14;9994;27;;;10013;14;10015;27;;;10005.0;7621.0
-2;432700;INTARIAN_PEPPER_ROOT;10424;24;;;;;10438;11;10441;24;;;10431.0;33700.0
-2;432800;ASH_COATED_OSMIUM;9997;13;9994;26;;;10013;13;10015;26;;;10005.0;7621.0
-2;432800;INTARIAN_PEPPER_ROOT;10427;10;10424;19;;;10439;10;10441;19;;;10433.0;33860.0
-2;432900;ASH_COATED_OSMIUM;9997;11;9994;22;;;10015;22;;;;;10006.0;7594.0
-2;432900;INTARIAN_PEPPER_ROOT;10427;11;10425;20;;;10439;11;10441;20;;;10433.0;33860.0
-2;433000;ASH_COATED_OSMIUM;9994;30;;;;;10013;10;10015;30;;;10003.5;7661.5
-2;433000;INTARIAN_PEPPER_ROOT;10427;12;10425;20;;;;;;;;;10427.0;33380.0
-2;433100;ASH_COATED_OSMIUM;9997;11;9995;27;;;10013;11;10016;27;;;10005.0;7621.0
-2;433100;INTARIAN_PEPPER_ROOT;10427;8;10425;20;;;10439;8;10441;20;;;10433.0;33860.0
-2;433200;ASH_COATED_OSMIUM;9997;12;9994;20;;;10013;12;10015;20;;;10005.0;7621.0
-2;433200;INTARIAN_PEPPER_ROOT;10427;9;10425;25;;;10439;9;10442;25;;;10433.0;33860.0
-2;433300;ASH_COATED_OSMIUM;9997;12;9995;29;;;10013;12;10016;29;;;10005.0;7621.0
-2;433300;INTARIAN_PEPPER_ROOT;10428;8;10425;16;;;10442;16;;;;;10435.0;34020.0
-2;433400;ASH_COATED_OSMIUM;9997;11;9995;27;;;10013;11;10016;27;;;10005.0;7621.0
-2;433400;INTARIAN_PEPPER_ROOT;10428;10;10425;18;;;10439;10;;;;;10433.5;33900.0
-2;433500;ASH_COATED_OSMIUM;9997;10;;;;;10013;10;10015;30;;;10005.0;7621.0
-2;433500;INTARIAN_PEPPER_ROOT;10428;11;10425;25;;;10439;11;10442;25;;;10433.5;33900.0
-2;433600;ASH_COATED_OSMIUM;9997;15;9994;30;;;10013;15;10015;30;;;10005.0;7621.0
-2;433600;INTARIAN_PEPPER_ROOT;10428;11;10425;15;;;10442;15;;;;;10435.0;34020.0
-2;433700;ASH_COATED_OSMIUM;9997;13;;;;;10013;13;;;;;10005.0;7621.0
-2;433700;INTARIAN_PEPPER_ROOT;;;;;;;10439;10;10442;20;;;10439.0;34340.0
-2;433800;ASH_COATED_OSMIUM;9998;15;9995;25;;;10014;15;10016;25;;;10006.0;7594.0
-2;433800;INTARIAN_PEPPER_ROOT;;;;;;;10440;9;10442;17;;;10440.0;34420.0
-2;433900;ASH_COATED_OSMIUM;9998;10;9995;25;;;10016;25;;;;;10007.0;7567.0
-2;433900;INTARIAN_PEPPER_ROOT;10428;9;10426;24;;;10440;9;10442;24;;;10434.0;33940.0
-2;434000;ASH_COATED_OSMIUM;9998;10;;;;;10014;10;10016;30;;;10006.0;7594.0
-2;434000;INTARIAN_PEPPER_ROOT;10428;10;;;;;10442;25;;;;;10435.0;34020.0
-2;434100;ASH_COATED_OSMIUM;9998;15;;;;;10014;15;10016;21;;;10006.0;7594.0
-2;434100;INTARIAN_PEPPER_ROOT;10428;12;10426;23;;;10436;7;10440;12;10442;23;10432.0;33780.0
-2;434200;ASH_COATED_OSMIUM;9997;14;9995;23;;;10013;14;10016;23;;;10005.0;7621.0
-2;434200;INTARIAN_PEPPER_ROOT;10426;17;;;;;10440;9;10443;17;;;10433.0;33860.0
-2;434300;ASH_COATED_OSMIUM;9997;11;9994;28;;;10013;11;10015;28;;;10005.0;7621.0
-2;434300;INTARIAN_PEPPER_ROOT;10429;12;10426;24;;;10443;24;;;;;10436.0;34100.0
-2;434400;ASH_COATED_OSMIUM;9997;11;;;;;10015;25;;;;;10006.0;7594.0
-2;434400;INTARIAN_PEPPER_ROOT;10426;22;;;;;10440;12;10443;22;;;10433.0;33860.0
-2;434500;ASH_COATED_OSMIUM;;;;;;;10015;28;;;;;10015.0;7351.0
-2;434500;INTARIAN_PEPPER_ROOT;10429;10;10426;17;;;10440;10;10443;17;;;10434.5;33980.0
-2;434600;ASH_COATED_OSMIUM;9996;11;;;;;10012;11;;;;;10004.0;7648.0
-2;434600;INTARIAN_PEPPER_ROOT;10429;12;10426;18;;;10440;12;10443;18;;;10434.5;33980.0
-2;434700;ASH_COATED_OSMIUM;9996;15;9994;23;;;10012;15;;;;;10004.0;7648.0
-2;434700;INTARIAN_PEPPER_ROOT;10432;11;10429;11;10426;20;10440;11;;;;;10436.0;34100.0
-2;434800;ASH_COATED_OSMIUM;9996;11;;;;;10012;11;10015;29;;;10004.0;7648.0
-2;434800;INTARIAN_PEPPER_ROOT;10429;9;10426;23;;;10441;9;10443;23;;;10435.0;34020.0
-2;434900;ASH_COATED_OSMIUM;9996;11;9993;24;;;10012;11;10014;24;;;10004.0;7648.0
-2;434900;INTARIAN_PEPPER_ROOT;10429;9;10427;17;;;10441;9;;;;;10435.0;34020.0
-2;435000;ASH_COATED_OSMIUM;9996;10;9993;24;;;10012;10;10014;24;;;10004.0;7648.0
-2;435000;INTARIAN_PEPPER_ROOT;10427;23;;;;;10441;9;10443;23;;;10434.0;33940.0
-2;435100;ASH_COATED_OSMIUM;9995;14;9993;29;;;10001;6;10011;14;10014;29;9998.0;7792.0
-2;435100;INTARIAN_PEPPER_ROOT;10429;11;10427;20;;;10441;11;;;;;10435.0;34020.0
-2;435200;ASH_COATED_OSMIUM;9996;13;9993;20;;;10012;13;10014;20;;;10004.0;7666.0
-2;435200;INTARIAN_PEPPER_ROOT;10429;12;10427;16;;;10441;12;10444;16;;;10435.0;34020.0
-2;435300;ASH_COATED_OSMIUM;9994;22;;;;;10012;13;10015;22;;;10003.0;7687.0
-2;435300;INTARIAN_PEPPER_ROOT;10427;20;;;;;10441;10;10444;20;;;10434.0;33940.0
-2;435400;ASH_COATED_OSMIUM;10001;5;9996;10;9993;23;10012;10;10014;23;;;10006.5;7613.5
-2;435400;INTARIAN_PEPPER_ROOT;10430;10;10427;15;;;10441;10;10444;15;;;10435.5;34060.0
-2;435500;ASH_COATED_OSMIUM;9994;24;;;;;10015;24;;;;;10004.5;7655.5
-2;435500;INTARIAN_PEPPER_ROOT;10427;15;;;;;10441;10;;;;;10434.0;33940.0
-2;435600;ASH_COATED_OSMIUM;9997;13;9994;21;;;10013;13;;;;;10005.0;7645.0
-2;435600;INTARIAN_PEPPER_ROOT;10430;9;10427;20;;;10441;9;10444;20;;;10435.5;34060.0
-2;435700;ASH_COATED_OSMIUM;9997;13;9995;21;;;10013;13;10016;21;;;10005.0;7645.0
-2;435700;INTARIAN_PEPPER_ROOT;10430;12;10427;21;;;10441;12;10444;21;;;10435.5;34060.0
-2;435800;ASH_COATED_OSMIUM;9998;10;9995;22;;;10016;22;;;;;10007.0;7603.0
-2;435800;INTARIAN_PEPPER_ROOT;10430;10;10427;25;;;;;;;;;10430.0;33620.0
-2;435900;ASH_COATED_OSMIUM;9998;14;9995;23;;;10014;14;;;;;10006.0;7624.0
-2;435900;INTARIAN_PEPPER_ROOT;10428;25;;;;;10442;9;10444;25;;;10435.0;34020.0
-2;436000;ASH_COATED_OSMIUM;9998;11;9995;21;;;10014;11;10016;21;;;10006.0;7624.0
-2;436000;INTARIAN_PEPPER_ROOT;10430;12;10428;19;;;10442;12;10444;19;;;10436.0;34100.0
-2;436100;ASH_COATED_OSMIUM;9998;10;;;;;10014;10;10017;27;;;10006.0;7624.0
-2;436100;INTARIAN_PEPPER_ROOT;10430;10;10428;15;;;10442;10;10444;15;;;10436.0;34100.0
-2;436200;ASH_COATED_OSMIUM;9999;11;9996;23;;;10015;11;;;;;10007.0;7603.0
-2;436200;INTARIAN_PEPPER_ROOT;10430;9;10428;25;;;10442;9;;;;;10436.0;34100.0
-2;436300;ASH_COATED_OSMIUM;9999;12;9996;25;;;10015;12;10017;25;;;10007.0;7624.0
-2;436300;INTARIAN_PEPPER_ROOT;10428;24;;;;;10442;9;10445;24;;;10435.0;34020.0
-2;436400;ASH_COATED_OSMIUM;9996;28;;;;;10015;15;10017;28;;;10005.5;7651.0
-2;436400;INTARIAN_PEPPER_ROOT;10431;10;;;;;10442;10;10445;24;;;10436.5;34140.0
-2;436500;ASH_COATED_OSMIUM;9999;14;9996;25;;;10017;25;;;;;10008.0;7606.0
-2;436500;INTARIAN_PEPPER_ROOT;10431;8;10428;18;;;10445;18;;;;;10438.0;34260.0
-2;436600;ASH_COATED_OSMIUM;9996;20;;;;;10015;11;10017;20;;;10005.5;7651.0
-2;436600;INTARIAN_PEPPER_ROOT;10431;10;;;;;10442;10;10445;17;;;10436.5;34140.0
-2;436700;ASH_COATED_OSMIUM;9998;14;9996;23;;;;;;;;;9998.0;7786.0
-2;436700;INTARIAN_PEPPER_ROOT;10431;9;;;;;10442;9;10445;16;;;10436.5;34140.0
-2;436800;ASH_COATED_OSMIUM;9998;13;9996;22;;;10014;13;10017;22;;;10006.0;7642.0
-2;436800;INTARIAN_PEPPER_ROOT;10428;23;;;;;10443;12;10445;23;;;10435.5;34060.0
-2;436900;ASH_COATED_OSMIUM;9998;10;9996;30;;;10017;30;;;;;10007.5;7615.0
-2;436900;INTARIAN_PEPPER_ROOT;10431;11;10429;25;;;10443;11;10445;25;;;10437.0;34180.0
-2;437000;ASH_COATED_OSMIUM;9998;10;9996;25;;;10014;10;10017;25;;;10006.0;7642.0
-2;437000;INTARIAN_PEPPER_ROOT;10429;24;;;;;10443;9;10445;24;;;10436.0;34100.0
-2;437100;ASH_COATED_OSMIUM;9998;10;9995;20;;;10016;20;;;;;10007.0;7624.0
-2;437100;INTARIAN_PEPPER_ROOT;10431;12;;;;;10443;12;10445;22;;;10437.0;34180.0
-2;437200;ASH_COATED_OSMIUM;9998;14;9995;20;;;10014;14;10016;20;;;10006.0;7642.0
-2;437200;INTARIAN_PEPPER_ROOT;10431;11;10429;21;;;10443;11;10446;21;;;10437.0;34180.0
-2;437300;ASH_COATED_OSMIUM;9998;13;;;;;10014;13;;;;;10006.0;7642.0
-2;437300;INTARIAN_PEPPER_ROOT;10432;9;;;;;10443;9;10446;18;;;10437.5;34220.0
-2;437400;ASH_COATED_OSMIUM;9997;13;9994;29;;;10013;13;10015;29;;;10005.0;7660.0
-2;437400;INTARIAN_PEPPER_ROOT;10432;11;;;;;10443;11;10446;18;;;10437.5;34220.0
-2;437500;ASH_COATED_OSMIUM;9996;13;9994;26;;;10012;13;;;;;10004.0;7678.0
-2;437500;INTARIAN_PEPPER_ROOT;10432;12;10429;16;;;;;;;;;10432.0;33780.0
-2;437600;ASH_COATED_OSMIUM;9996;11;9994;26;;;10012;11;10015;26;;;10004.0;7678.0
-2;437600;INTARIAN_PEPPER_ROOT;10429;15;;;;;10443;11;10446;15;;;10436.0;34100.0
-2;437700;ASH_COATED_OSMIUM;9996;15;;;;;10012;15;10015;29;;;10004.0;7678.0
-2;437700;INTARIAN_PEPPER_ROOT;10432;10;10429;17;;;10446;17;;;;;10439.0;34340.0
-2;437800;ASH_COATED_OSMIUM;9994;21;;;;;10012;10;10015;21;;;10003.0;7696.0
-2;437800;INTARIAN_PEPPER_ROOT;10432;10;10429;16;;;10444;10;10446;16;;;10438.0;34260.0
-2;437900;ASH_COATED_OSMIUM;9996;11;9994;29;;;10012;11;10015;29;;;10004.0;7678.0
-2;437900;INTARIAN_PEPPER_ROOT;10432;12;10430;20;;;10446;20;;;;;10439.0;34340.0
-2;438000;ASH_COATED_OSMIUM;9996;15;9993;30;;;10012;15;10014;30;;;10004.0;7678.0
-2;438000;INTARIAN_PEPPER_ROOT;10432;10;10430;23;;;10444;10;10446;23;;;10438.0;34260.0
-2;438100;ASH_COATED_OSMIUM;9995;13;9993;22;;;10011;13;10014;22;;;10003.0;7696.0
-2;438100;INTARIAN_PEPPER_ROOT;10432;9;10430;24;;;10444;9;10446;24;;;10438.0;34260.0
-2;438200;ASH_COATED_OSMIUM;9995;15;;;;;10011;15;10013;22;;;10003.0;7696.0
-2;438200;INTARIAN_PEPPER_ROOT;10432;8;10430;21;;;10444;8;10447;21;;;10438.0;34260.0
-2;438300;ASH_COATED_OSMIUM;9995;12;9993;30;;;;;;;;;9995.0;7840.0
-2;438300;INTARIAN_PEPPER_ROOT;10433;8;10430;18;;;10444;8;10447;18;;;10438.5;34300.0
-2;438400;ASH_COATED_OSMIUM;9996;10;;;;;10012;10;10014;30;;;10004.0;7678.0
-2;438400;INTARIAN_PEPPER_ROOT;10433;12;10430;15;;;10444;12;10447;15;;;10438.5;34300.0
-2;438500;ASH_COATED_OSMIUM;9996;10;9993;23;;;10012;10;10014;23;;;10004.0;7678.0
-2;438500;INTARIAN_PEPPER_ROOT;10433;12;10430;16;;;10444;12;10447;16;;;10438.5;34300.0
-2;438600;ASH_COATED_OSMIUM;9995;15;9993;25;;;10011;15;10014;25;;;10003.0;7738.0
-2;438600;INTARIAN_PEPPER_ROOT;10433;9;;;;;10444;9;10447;15;;;10438.5;34300.0
-2;438700;ASH_COATED_OSMIUM;9995;14;;;;;10011;14;10014;24;;;10003.0;7738.0
-2;438700;INTARIAN_PEPPER_ROOT;10430;18;;;;;10444;8;10447;18;;;10437.0;34180.0
-2;438800;ASH_COATED_OSMIUM;9995;12;9993;23;;;10011;12;10014;23;;;10003.0;7738.0
-2;438800;INTARIAN_PEPPER_ROOT;10433;9;;;;;10445;9;10447;25;;;10439.0;34340.0
-2;438900;ASH_COATED_OSMIUM;9993;29;;;;;10014;29;;;;;10003.5;7732.0
-2;438900;INTARIAN_PEPPER_ROOT;10431;20;;;;;10445;8;10447;20;;;10438.0;34260.0
-2;439000;ASH_COATED_OSMIUM;9995;12;;;;;10013;21;;;;;10004.0;7726.0
-2;439000;INTARIAN_PEPPER_ROOT;10433;11;10431;22;;;10445;11;;;;;10439.0;34340.0
-2;439100;ASH_COATED_OSMIUM;9995;10;9993;21;;;10011;10;10014;21;;;10003.0;7738.0
-2;439100;INTARIAN_PEPPER_ROOT;10433;8;10431;17;;;10445;8;10447;17;;;10439.0;34340.0
-2;439200;ASH_COATED_OSMIUM;9995;15;9992;22;;;10011;15;10013;22;;;10003.0;7738.0
-2;439200;INTARIAN_PEPPER_ROOT;10431;23;;;;;10445;9;10448;23;;;10438.0;34260.0
-2;439300;ASH_COATED_OSMIUM;9992;27;;;;;10011;10;10013;27;;;10001.5;7841.0
-2;439300;INTARIAN_PEPPER_ROOT;10434;8;10431;19;;;10445;8;;;;;10439.5;34380.0
-2;439400;ASH_COATED_OSMIUM;9995;15;9992;21;;;10011;15;10013;21;;;10003.0;7838.0
-2;439400;INTARIAN_PEPPER_ROOT;10434;11;10431;20;;;10436;6;10445;11;10448;20;10435.0;34020.0
-2;439500;ASH_COATED_OSMIUM;10000;3;9995;12;9992;23;10011;12;;;;;10005.5;7833.0
-2;439500;INTARIAN_PEPPER_ROOT;10431;17;;;;;10445;12;10448;17;;;10438.0;34260.0
-2;439600;ASH_COATED_OSMIUM;9995;12;9992;20;;;10013;20;;;;;10004.0;7836.0
-2;439600;INTARIAN_PEPPER_ROOT;10434;9;10431;22;;;10445;9;10448;22;;;10439.5;34380.0
-2;439700;ASH_COATED_OSMIUM;9994;14;9992;26;;;10010;14;10013;26;;;10002.0;7840.0
-2;439700;INTARIAN_PEPPER_ROOT;10434;10;10431;22;;;;;;;;;10434.0;33940.0
-2;439800;ASH_COATED_OSMIUM;9995;11;;;;;10011;11;10013;28;;;10003.0;7838.0
-2;439800;INTARIAN_PEPPER_ROOT;10434;12;10431;20;;;10448;20;;;;;10441.0;34500.0
-2;439900;ASH_COATED_OSMIUM;9992;27;;;;;10011;11;10013;27;;;10001.5;7841.0
-2;439900;INTARIAN_PEPPER_ROOT;10434;10;10432;16;;;10446;10;10448;16;;;10440.0;34420.0
-2;440000;ASH_COATED_OSMIUM;;;;;;;10011;12;10013;27;;;10011.0;7822.0
-2;440000;INTARIAN_PEPPER_ROOT;10434;8;;;;;10446;8;10448;18;;;10440.0;34420.0
-2;440100;ASH_COATED_OSMIUM;9995;10;9992;29;;;10011;10;10013;29;;;10003.0;7838.0
-2;440100;INTARIAN_PEPPER_ROOT;10434;12;10432;25;;;10446;12;10448;25;;;10440.0;34420.0
-2;440200;ASH_COATED_OSMIUM;9995;13;9992;29;;;10013;29;;;;;10004.0;7836.0
-2;440200;INTARIAN_PEPPER_ROOT;10434;9;;;;;10446;9;10449;22;;;10440.0;34420.0
-2;440300;ASH_COATED_OSMIUM;9994;12;9992;24;;;10010;12;10013;24;;;10002.0;7840.0
-2;440300;INTARIAN_PEPPER_ROOT;10435;8;10432;25;;;10446;8;10449;25;;;10440.5;34460.0
-2;440400;ASH_COATED_OSMIUM;9995;15;9992;27;;;10011;15;10013;27;;;10003.0;7838.0
-2;440400;INTARIAN_PEPPER_ROOT;10435;11;10432;25;;;10446;11;10449;25;;;10440.5;34460.0
-2;440500;ASH_COATED_OSMIUM;9995;14;9992;26;;;10004;2;;;;;9999.5;7845.0
-2;440500;INTARIAN_PEPPER_ROOT;10432;18;;;;;10446;8;10449;18;;;10439.0;34340.0
-2;440600;ASH_COATED_OSMIUM;9995;13;9992;25;;;10011;13;10013;25;;;10003.0;7838.0
-2;440600;INTARIAN_PEPPER_ROOT;10443;8;10432;17;;;10446;12;10449;17;;;10444.5;34780.0
-2;440700;ASH_COATED_OSMIUM;9994;12;9992;28;;;10010;12;10013;28;;;10002.0;7840.0
-2;440700;INTARIAN_PEPPER_ROOT;10432;16;;;;;10446;9;;;;;10439.0;34340.0
-2;440800;ASH_COATED_OSMIUM;9995;13;9992;26;;;10004;2;10011;13;10013;26;9999.5;7845.0
-2;440800;INTARIAN_PEPPER_ROOT;10435;10;;;;;10447;10;10449;18;;;10441.0;34500.0
-2;440900;ASH_COATED_OSMIUM;9994;14;9992;29;;;10010;14;;;;;10002.0;7840.0
-2;440900;INTARIAN_PEPPER_ROOT;10433;18;;;;;10449;18;;;;;10441.0;34500.0
-2;441000;ASH_COATED_OSMIUM;10004;4;9995;14;9992;28;;;;;;;10004.0;7836.0
-2;441000;INTARIAN_PEPPER_ROOT;10438;6;10435;10;;;;;;;;;10438.0;34260.0
-2;441100;ASH_COATED_OSMIUM;9994;13;9991;25;;;;;;;;;9994.0;7889.0
-2;441100;INTARIAN_PEPPER_ROOT;10435;11;10433;17;;;10447;11;;;;;10441.0;34500.0
-2;441200;ASH_COATED_OSMIUM;9994;15;9991;28;;;10010;15;10012;28;;;10002.0;7897.0
-2;441200;INTARIAN_PEPPER_ROOT;10435;10;10433;18;;;10447;10;10450;18;;;10441.0;34500.0
-2;441300;ASH_COATED_OSMIUM;9994;14;;;;;10010;14;10013;27;;;10002.0;7897.0
-2;441300;INTARIAN_PEPPER_ROOT;10436;11;10433;20;;;10447;11;10450;20;;;10441.5;34540.0
-2;441400;ASH_COATED_OSMIUM;9993;15;;;;;10009;15;10012;29;;;10001.0;7896.0
-2;441400;INTARIAN_PEPPER_ROOT;10436;11;10433;25;;;10447;11;10450;25;;;10441.5;34540.0
-2;441500;ASH_COATED_OSMIUM;9993;14;9990;26;;;10009;14;;;;;10001.0;7896.0
-2;441500;INTARIAN_PEPPER_ROOT;10436;11;10433;22;;;10450;22;;;;;10443.0;34660.0
-2;441600;ASH_COATED_OSMIUM;9990;25;;;;;10008;14;10011;25;;;9999.0;7894.0
-2;441600;INTARIAN_PEPPER_ROOT;10436;11;10433;19;;;10443;10;10447;11;10450;19;10439.5;34380.0
-2;441700;ASH_COATED_OSMIUM;9992;15;9990;29;;;10011;29;;;;;10001.5;7896.5
-2;441700;INTARIAN_PEPPER_ROOT;10436;10;;;;;10443;5;10450;16;;;10439.5;34380.0
-2;441800;ASH_COATED_OSMIUM;9992;13;9990;20;;;10008;13;10011;20;;;10000.0;7895.0
-2;441800;INTARIAN_PEPPER_ROOT;10436;11;;;;;10448;11;10450;17;;;10442.0;34580.0
-2;441900;ASH_COATED_OSMIUM;9992;13;9990;20;;;10008;13;;;;;10000.0;7895.0
-2;441900;INTARIAN_PEPPER_ROOT;10436;12;10434;17;;;10448;12;10450;17;;;10442.0;34580.0
-2;442000;ASH_COATED_OSMIUM;9990;27;;;;;10008;12;10011;27;;;9999.0;7894.0
-2;442000;INTARIAN_PEPPER_ROOT;10434;17;;;;;10448;8;10450;17;;;10441.0;34500.0
-2;442100;ASH_COATED_OSMIUM;9993;10;9990;27;;;10002;4;10009;10;10011;27;9997.5;7892.5
-2;442100;INTARIAN_PEPPER_ROOT;10434;22;;;;;10448;12;10450;22;;;10441.0;34500.0
-2;442200;ASH_COATED_OSMIUM;9993;14;9991;26;;;10009;14;10012;26;;;10001.0;7896.0
-2;442200;INTARIAN_PEPPER_ROOT;10436;9;10434;18;;;10448;9;10451;18;;;10442.0;34580.0
-2;442300;ASH_COATED_OSMIUM;9993;15;9990;23;;;10011;23;;;;;10002.0;7897.0
-2;442300;INTARIAN_PEPPER_ROOT;10437;11;10434;23;;;10448;11;;;;;10442.5;34620.0
-2;442400;ASH_COATED_OSMIUM;9993;15;9990;25;;;10009;15;;;;;10001.0;7896.0
-2;442400;INTARIAN_PEPPER_ROOT;10437;10;10434;16;;;10439;8;10448;10;10451;16;10438.0;34260.0
-2;442500;ASH_COATED_OSMIUM;9993;14;;;;;10002;2;10009;14;10011;23;9997.5;7892.5
-2;442500;INTARIAN_PEPPER_ROOT;10434;21;;;;;;;;;;;10434.0;33940.0
-2;442600;ASH_COATED_OSMIUM;9993;15;9991;28;;;10009;15;;;;;10001.0;7896.0
-2;442600;INTARIAN_PEPPER_ROOT;10434;18;;;;;10448;12;10451;18;;;10441.0;34500.0
-2;442700;ASH_COATED_OSMIUM;9990;20;;;;;10009;10;10011;20;;;9999.5;7894.5
-2;442700;INTARIAN_PEPPER_ROOT;10437;8;10434;16;;;10448;8;10451;16;;;10442.5;34620.0
-2;442800;ASH_COATED_OSMIUM;9993;11;9990;30;;;10009;11;10011;30;;;10001.0;7896.0
-2;442800;INTARIAN_PEPPER_ROOT;10437;12;;;;;10449;12;;;;;10443.0;34660.0
-2;442900;ASH_COATED_OSMIUM;9993;10;9990;30;;;10002;2;10011;30;;;9997.5;7892.5
-2;442900;INTARIAN_PEPPER_ROOT;10435;17;;;;;10449;11;10451;17;;;10442.0;34580.0
-2;443000;ASH_COATED_OSMIUM;9992;14;9990;30;;;10008;14;10011;30;;;10000.0;7895.0
-2;443000;INTARIAN_PEPPER_ROOT;10437;11;10435;25;;;10449;11;10451;25;;;10443.0;34660.0
-2;443100;ASH_COATED_OSMIUM;10002;6;9992;14;9990;20;10011;20;;;;;10006.5;7874.5
-2;443100;INTARIAN_PEPPER_ROOT;10435;23;;;;;10449;11;10451;23;;;10442.0;34580.0
-2;443200;ASH_COATED_OSMIUM;9990;26;;;;;10011;26;;;;;10000.5;7904.5
-2;443200;INTARIAN_PEPPER_ROOT;10437;11;;;;;10452;25;;;;;10444.5;34780.0
-2;443300;ASH_COATED_OSMIUM;9991;10;9989;22;;;10007;10;10010;22;;;9999.0;7912.0
-2;443300;INTARIAN_PEPPER_ROOT;10438;12;;;;;10449;12;10452;18;;;10443.5;34700.0
-2;443400;ASH_COATED_OSMIUM;9992;15;;;;;10008;15;10010;23;;;10000.0;7907.0
-2;443400;INTARIAN_PEPPER_ROOT;10438;12;10435;18;;;10440;6;10449;12;10452;18;10439.0;34340.0
-2;443500;ASH_COATED_OSMIUM;9991;10;9989;28;;;10007;10;10010;28;;;9999.0;7912.0
-2;443500;INTARIAN_PEPPER_ROOT;10438;8;10435;22;;;10449;8;10452;22;;;10443.5;34700.0
-2;443600;ASH_COATED_OSMIUM;9991;13;;;;;10007;13;10010;22;;;9999.0;7912.0
-2;443600;INTARIAN_PEPPER_ROOT;10435;15;;;;;10452;15;;;;;10443.5;34700.0
-2;443700;ASH_COATED_OSMIUM;9998;2;9992;14;;;10008;14;10011;23;;;10003.0;7892.0
-2;443700;INTARIAN_PEPPER_ROOT;10438;9;10435;15;;;10449;9;;;;;10443.5;34700.0
-2;443800;ASH_COATED_OSMIUM;9992;13;9989;27;;;10008;13;10010;27;;;10000.0;7907.0
-2;443800;INTARIAN_PEPPER_ROOT;10438;8;10435;25;;;10450;8;10452;25;;;10444.0;34740.0
-2;443900;ASH_COATED_OSMIUM;9992;14;9990;20;;;10008;14;10011;20;;;10000.0;7907.0
-2;443900;INTARIAN_PEPPER_ROOT;10438;9;10436;20;;;10450;9;10452;20;;;10444.0;34740.0
-2;444000;ASH_COATED_OSMIUM;9993;10;9990;26;;;10009;10;10011;26;;;10001.0;7902.0
-2;444000;INTARIAN_PEPPER_ROOT;10438;12;10436;17;;;10450;12;10452;17;;;10444.0;34740.0
-2;444100;ASH_COATED_OSMIUM;9992;15;;;;;10008;15;10011;20;;;10000.0;7935.0
-2;444100;INTARIAN_PEPPER_ROOT;10438;9;10436;19;;;10450;9;10452;19;;;10444.0;34740.0
-2;444200;ASH_COATED_OSMIUM;9990;29;;;;;10008;12;10011;29;;;9999.0;7944.0
-2;444200;INTARIAN_PEPPER_ROOT;10438;10;10436;15;;;10450;10;10453;15;;;10444.0;34740.0
-2;444300;ASH_COATED_OSMIUM;9992;14;9990;22;;;10008;14;;;;;10000.0;7935.0
-2;444300;INTARIAN_PEPPER_ROOT;10439;11;10436;22;;;10450;11;10453;22;;;10444.5;34780.0
-2;444400;ASH_COATED_OSMIUM;9992;10;9990;23;;;10011;23;;;;;10001.5;7921.5
-2;444400;INTARIAN_PEPPER_ROOT;;;;;;;10453;20;;;;;10453.0;35460.0
-2;444500;ASH_COATED_OSMIUM;9992;13;9990;28;;;10008;13;10011;28;;;10000.0;7935.0
-2;444500;INTARIAN_PEPPER_ROOT;10439;11;10436;20;;;10450;11;10453;20;;;10444.5;34780.0
-2;444600;ASH_COATED_OSMIUM;9989;29;;;;;10008;11;10010;29;;;9998.5;7948.5
-2;444600;INTARIAN_PEPPER_ROOT;10439;8;10436;21;;;10450;8;10453;21;;;10444.5;34780.0
-2;444700;ASH_COATED_OSMIUM;9992;12;;;;;10008;12;;;;;10000.0;7935.0
-2;444700;INTARIAN_PEPPER_ROOT;10439;12;10436;19;;;10450;12;;;;;10444.5;34780.0
-2;444800;ASH_COATED_OSMIUM;9992;11;9989;28;;;10008;11;10010;28;;;10000.0;7935.0
-2;444800;INTARIAN_PEPPER_ROOT;10439;9;10436;17;;;10446;12;10451;9;10453;17;10442.5;34620.0
-2;444900;ASH_COATED_OSMIUM;9992;15;9990;24;;;10008;15;;;;;10000.0;7935.0
-2;444900;INTARIAN_PEPPER_ROOT;10439;10;;;;;10453;18;;;;;10446.0;34900.0
-2;445000;ASH_COATED_OSMIUM;9992;15;9990;27;;;10011;27;;;;;10001.5;7921.5
-2;445000;INTARIAN_PEPPER_ROOT;;;;;;;10451;9;;;;;10451.0;35300.0
-2;445100;ASH_COATED_OSMIUM;9992;15;9990;26;;;10008;15;10011;26;;;10000.0;7935.0
-2;445100;INTARIAN_PEPPER_ROOT;10439;11;10437;21;;;10451;11;10453;21;;;10445.0;34820.0
-2;445200;ASH_COATED_OSMIUM;9992;10;9990;25;;;10008;10;10011;25;;;10000.0;7935.0
-2;445200;INTARIAN_PEPPER_ROOT;10439;9;10437;22;;;10451;9;;;;;10445.0;34820.0
-2;445300;ASH_COATED_OSMIUM;9998;4;9992;10;9990;23;;;;;;;9998.0;7953.0
-2;445300;INTARIAN_PEPPER_ROOT;10440;10;10437;18;;;10451;10;10454;18;;;10445.5;34860.0
-2;445400;ASH_COATED_OSMIUM;9992;12;;;;;;;;;;;9992.0;8007.0
-2;445400;INTARIAN_PEPPER_ROOT;10440;12;;;;;10454;18;;;;;10447.0;34980.0
-2;445500;ASH_COATED_OSMIUM;9992;12;9990;20;;;10008;12;10011;20;;;10000.0;7935.0
-2;445500;INTARIAN_PEPPER_ROOT;10440;8;10437;15;;;10451;8;10454;15;;;10445.5;34860.0
-2;445600;ASH_COATED_OSMIUM;9992;11;9990;24;;;10011;24;;;;;10001.5;7921.5
-2;445600;INTARIAN_PEPPER_ROOT;10437;23;;;;;10454;23;;;;;10445.5;34860.0
-2;445700;ASH_COATED_OSMIUM;9992;11;9990;27;;;10011;27;;;;;10001.5;7921.5
-2;445700;INTARIAN_PEPPER_ROOT;10437;16;;;;;10451;12;;;;;10444.0;34740.0
-2;445800;ASH_COATED_OSMIUM;9993;15;9990;30;;;10009;15;;;;;10001.0;7926.0
-2;445800;INTARIAN_PEPPER_ROOT;10437;25;;;;;10452;8;10454;25;;;10444.5;34780.0
-2;445900;ASH_COATED_OSMIUM;9993;12;9991;20;;;10009;12;10012;20;;;10001.0;7926.0
-2;445900;INTARIAN_PEPPER_ROOT;10440;10;10438;18;;;10454;18;;;;;10447.0;34980.0
-2;446000;ASH_COATED_OSMIUM;9993;11;9990;24;;;10009;11;10011;24;;;10001.0;7926.0
-2;446000;INTARIAN_PEPPER_ROOT;10440;9;10438;19;;;10454;19;;;;;10447.0;34980.0
-2;446100;ASH_COATED_OSMIUM;9993;15;9990;29;;;10009;15;10011;29;;;10001.0;7926.0
-2;446100;INTARIAN_PEPPER_ROOT;10440;8;;;;;10452;8;10454;17;;;10446.0;34900.0
-2;446200;ASH_COATED_OSMIUM;9993;11;9990;26;;;10009;11;10011;26;;;10001.0;7926.0
-2;446200;INTARIAN_PEPPER_ROOT;10438;17;;;;;10452;11;10455;17;;;10445.0;34820.0
-2;446300;ASH_COATED_OSMIUM;9992;14;9990;20;;;10008;14;10011;20;;;10000.0;7935.0
-2;446300;INTARIAN_PEPPER_ROOT;10441;10;;;;;10452;10;10455;23;;;10446.5;34940.0
-2;446400;ASH_COATED_OSMIUM;9990;28;;;;;10011;28;;;;;10000.5;7930.5
-2;446400;INTARIAN_PEPPER_ROOT;;;;;;;10455;23;;;;;10455.0;35620.0
-2;446500;ASH_COATED_OSMIUM;9992;13;9989;30;;;10008;13;;;;;10000.0;7935.0
-2;446500;INTARIAN_PEPPER_ROOT;10438;16;;;;;10452;11;10455;16;;;10445.0;34820.0
-2;446600;ASH_COATED_OSMIUM;9992;13;;;;;10008;13;10011;25;;;10000.0;7935.0
-2;446600;INTARIAN_PEPPER_ROOT;10441;12;10438;23;;;10452;12;;;;;10446.5;34940.0
-2;446700;ASH_COATED_OSMIUM;9990;20;;;;;10008;12;10011;20;;;9999.0;7944.0
-2;446700;INTARIAN_PEPPER_ROOT;10441;11;10438;18;;;10452;11;10455;18;;;10446.5;34940.0
-2;446800;ASH_COATED_OSMIUM;9993;15;9990;30;;;10009;15;;;;;10001.0;7926.0
-2;446800;INTARIAN_PEPPER_ROOT;10441;12;;;;;10453;12;10455;18;;;10447.0;34980.0
-2;446900;ASH_COATED_OSMIUM;9992;11;9990;24;;;10008;11;10011;24;;;10000.0;7935.0
-2;446900;INTARIAN_PEPPER_ROOT;10441;10;;;;;10453;10;10455;17;;;10447.0;34980.0
-2;447000;ASH_COATED_OSMIUM;9998;3;9993;14;9990;28;10009;14;;;;;10003.5;7944.0
-2;447000;INTARIAN_PEPPER_ROOT;10439;20;;;;;10453;9;10455;20;;;10446.0;34900.0
-2;447100;ASH_COATED_OSMIUM;9989;26;;;;;10010;26;;;;;9999.5;8016.0
-2;447100;INTARIAN_PEPPER_ROOT;10441;12;10439;19;;;10453;12;10455;19;;;10447.0;34980.0
-2;447200;ASH_COATED_OSMIUM;9992;14;9990;23;;;10008;14;10011;23;;;10000.0;8007.0
-2;447200;INTARIAN_PEPPER_ROOT;10439;23;;;;;10453;10;;;;;10446.0;34900.0
-2;447300;ASH_COATED_OSMIUM;9992;11;9990;25;;;10008;11;10011;25;;;10000.0;8007.0
-2;447300;INTARIAN_PEPPER_ROOT;10442;8;;;;;10453;8;10456;17;;;10447.5;35020.0
-2;447400;ASH_COATED_OSMIUM;9989;28;;;;;10008;15;10010;28;;;9998.5;8034.0
-2;447400;INTARIAN_PEPPER_ROOT;10442;12;10439;23;;;10453;12;;;;;10447.5;35020.0
-2;447500;ASH_COATED_OSMIUM;9991;11;9989;30;;;10007;11;10010;30;;;9999.0;8025.0
-2;447500;INTARIAN_PEPPER_ROOT;10442;12;10439;19;;;10453;12;10456;19;;;10447.5;35020.0
-2;447600;ASH_COATED_OSMIUM;9991;13;9989;26;;;10007;13;;;;;9999.0;8025.0
-2;447600;INTARIAN_PEPPER_ROOT;10442;9;10439;15;;;;;;;;;10442.0;34580.0
-2;447700;ASH_COATED_OSMIUM;9991;12;;;;;10007;12;10010;27;;;9999.0;8025.0
-2;447700;INTARIAN_PEPPER_ROOT;10439;22;;;;;10453;12;10456;22;;;10446.0;34900.0
-2;447800;ASH_COATED_OSMIUM;;;;;;;10007;14;10010;23;;;10007.0;7881.0
-2;447800;INTARIAN_PEPPER_ROOT;10442;12;;;;;10456;25;;;;;10449.0;35140.0
-2;447900;ASH_COATED_OSMIUM;9990;15;;;;;10006;15;10009;21;;;9998.0;8043.0
-2;447900;INTARIAN_PEPPER_ROOT;10442;9;;;;;10454;9;;;;;10448.0;35060.0
-2;448000;ASH_COATED_OSMIUM;10000;7;9990;15;;;10006;15;;;;;10003.0;7953.0
-2;448000;INTARIAN_PEPPER_ROOT;10440;16;;;;;10454;9;10456;16;;;10447.0;34980.0
-2;448100;ASH_COATED_OSMIUM;9991;10;9988;30;;;10007;10;10009;30;;;9999.0;8025.0
-2;448100;INTARIAN_PEPPER_ROOT;10442;10;10440;17;;;10456;17;;;;;10449.0;35140.0
-2;448200;ASH_COATED_OSMIUM;9991;14;9989;25;;;10007;14;10010;25;;;9999.0;8025.0
-2;448200;INTARIAN_PEPPER_ROOT;10442;11;10440;25;;;10454;11;10457;25;;;10448.0;35060.0
-2;448300;ASH_COATED_OSMIUM;9991;11;9988;20;;;;;;;;;9991.0;8169.0
-2;448300;INTARIAN_PEPPER_ROOT;10443;8;10440;22;;;10454;8;10457;22;;;10448.5;35100.0
-2;448400;ASH_COATED_OSMIUM;9990;13;9988;26;;;10006;13;;;;;9998.0;8043.0
-2;448400;INTARIAN_PEPPER_ROOT;10451;6;10443;10;10440;25;10454;10;10457;25;;;10452.5;35420.0
-2;448500;ASH_COATED_OSMIUM;9991;11;9988;28;;;10007;11;;;;;9999.0;8025.0
-2;448500;INTARIAN_PEPPER_ROOT;10443;9;10440;23;;;10454;9;10457;23;;;10448.5;35100.0
-2;448600;ASH_COATED_OSMIUM;9988;21;;;;;10009;21;;;;;9998.5;8034.0
-2;448600;INTARIAN_PEPPER_ROOT;10443;10;10440;19;;;10454;10;10457;19;;;10448.5;35100.0
-2;448700;ASH_COATED_OSMIUM;9991;14;9989;24;;;10007;14;10010;24;;;9999.0;8025.0
-2;448700;INTARIAN_PEPPER_ROOT;10440;21;;;;;10454;10;10457;21;;;10447.0;34980.0
-2;448800;ASH_COATED_OSMIUM;9991;15;9989;21;;;10007;15;10010;21;;;9999.0;8025.0
-2;448800;INTARIAN_PEPPER_ROOT;10443;8;10440;20;;;10457;20;;;;;10450.0;35220.0
-2;448900;ASH_COATED_OSMIUM;9991;10;9989;20;;;10007;10;10010;20;;;9999.0;8025.0
-2;448900;INTARIAN_PEPPER_ROOT;10443;9;10441;21;;;10455;9;10457;21;;;10449.0;35140.0
-2;449000;ASH_COATED_OSMIUM;9992;14;9989;23;;;10008;14;10010;23;;;10000.0;8007.0
-2;449000;INTARIAN_PEPPER_ROOT;10443;9;10441;25;;;10455;9;10457;25;;;10449.0;35140.0
-2;449100;ASH_COATED_OSMIUM;9992;15;9989;27;;;10008;15;10010;27;;;10000.0;8007.0
-2;449100;INTARIAN_PEPPER_ROOT;10443;8;10441;24;;;10455;8;;;;;10449.0;35140.0
-2;449200;ASH_COATED_OSMIUM;9991;11;;;;;10007;11;;;;;9999.0;8025.0
-2;449200;INTARIAN_PEPPER_ROOT;10443;8;10441;23;;;10458;23;;;;;10450.5;35260.0
-2;449300;ASH_COATED_OSMIUM;9991;15;9989;24;;;10007;15;10010;24;;;9999.0;8025.0
-2;449300;INTARIAN_PEPPER_ROOT;10444;10;;;;;10455;10;10458;18;;;10449.5;35180.0
-2;449400;ASH_COATED_OSMIUM;9991;10;9989;23;;;10010;23;;;;;10000.5;7998.0
-2;449400;INTARIAN_PEPPER_ROOT;10444;8;10441;25;;;10455;8;10458;25;;;10449.5;35180.0
-2;449500;ASH_COATED_OSMIUM;9991;12;9988;21;;;10007;12;10009;21;;;9999.0;8025.0
-2;449500;INTARIAN_PEPPER_ROOT;10444;11;10441;22;;;10455;11;10458;22;;;10449.5;35180.0
-2;449600;ASH_COATED_OSMIUM;9991;13;9989;27;;;10007;13;10010;27;;;9999.0;8025.0
-2;449600;INTARIAN_PEPPER_ROOT;10444;10;10441;21;;;10455;10;10458;21;;;10449.5;35180.0
-2;449700;ASH_COATED_OSMIUM;9991;15;9989;21;;;10007;15;10010;21;;;9999.0;8025.0
-2;449700;INTARIAN_PEPPER_ROOT;10444;8;10441;17;;;10455;8;10458;17;;;10449.5;35180.0
-2;449800;ASH_COATED_OSMIUM;9989;23;;;;;10008;13;;;;;9998.5;8059.5
-2;449800;INTARIAN_PEPPER_ROOT;10444;9;10441;21;;;10456;9;10458;21;;;10450.0;35220.0
-2;449900;ASH_COATED_OSMIUM;9991;11;9989;26;;;10007;11;10010;26;;;9999.0;8052.0
-2;449900;INTARIAN_PEPPER_ROOT;10442;23;;;;;10456;8;;;;;10449.0;35140.0
-2;450000;ASH_COATED_OSMIUM;9991;12;9989;24;;;10007;12;;;;;9999.0;8052.0
-2;450000;INTARIAN_PEPPER_ROOT;10442;22;;;;;10458;22;;;;;10450.0;35220.0
-2;450100;ASH_COATED_OSMIUM;9989;29;;;;;10008;13;10010;29;;;9998.5;8059.5
-2;450100;INTARIAN_PEPPER_ROOT;10444;12;10442;17;;;10456;12;10458;17;;;10450.0;35220.0
-2;450200;ASH_COATED_OSMIUM;10000;6;9991;10;9988;21;10007;10;10009;21;;;10003.5;7963.5
-2;450200;INTARIAN_PEPPER_ROOT;10444;9;10442;22;;;10456;9;10459;22;;;10450.0;35220.0
-2;450300;ASH_COATED_OSMIUM;9991;10;9989;25;;;10007;10;10010;25;;;9999.0;8058.0
-2;450300;INTARIAN_PEPPER_ROOT;10445;12;10442;20;;;10456;12;10459;20;;;10450.5;35260.0
-2;450400;ASH_COATED_OSMIUM;9991;13;;;;;10007;13;10009;29;;;9999.0;8058.0
-2;450400;INTARIAN_PEPPER_ROOT;10445;8;10442;15;;;10456;8;10459;15;;;10450.5;35260.0
-2;450500;ASH_COATED_OSMIUM;9991;13;9988;29;;;10000;5;10009;29;;;9995.5;8131.5
-2;450500;INTARIAN_PEPPER_ROOT;10442;23;;;;;10456;12;10459;23;;;10449.0;35140.0
-2;450600;ASH_COATED_OSMIUM;9991;13;9989;27;;;10010;27;;;;;10000.5;8026.5
-2;450600;INTARIAN_PEPPER_ROOT;10445;8;10442;17;;;10456;8;;;;;10450.5;35260.0
-2;450700;ASH_COATED_OSMIUM;9991;14;9989;28;;;10007;14;;;;;9999.0;8100.0
-2;450700;INTARIAN_PEPPER_ROOT;10445;8;10442;23;;;10456;8;10459;23;;;10450.5;35260.0
-2;450800;ASH_COATED_OSMIUM;9991;15;9989;22;;;10007;15;10010;22;;;9999.0;8100.0
-2;450800;INTARIAN_PEPPER_ROOT;10445;12;;;;;10457;12;;;;;10451.0;35300.0
-2;450900;ASH_COATED_OSMIUM;9991;11;9988;27;;;10007;11;10009;27;;;9999.0;8100.0
-2;450900;INTARIAN_PEPPER_ROOT;10445;11;10443;24;;;10457;11;10459;24;;;10451.0;35300.0
-2;451000;ASH_COATED_OSMIUM;9991;10;9988;27;;;10007;10;10009;27;;;9999.0;8100.0
-2;451000;INTARIAN_PEPPER_ROOT;10445;8;10443;19;;;10457;8;10459;19;;;10451.0;35300.0
-2;451100;ASH_COATED_OSMIUM;9988;25;;;;;10006;13;;;;;9997.0;8154.0
-2;451100;INTARIAN_PEPPER_ROOT;10443;20;;;;;10457;11;10459;20;;;10450.0;35220.0
-2;451200;ASH_COATED_OSMIUM;9990;12;9988;24;;;9996;5;10006;12;10009;24;9993.0;8247.0
-2;451200;INTARIAN_PEPPER_ROOT;10445;12;10443;15;;;10460;15;;;;;10452.5;35420.0
-2;451300;ASH_COATED_OSMIUM;9990;14;9988;24;;;10006;14;10009;24;;;9998.0;8137.0
-2;451300;INTARIAN_PEPPER_ROOT;10446;8;10443;15;;;10457;8;10460;15;;;10451.5;35340.0
-2;451400;ASH_COATED_OSMIUM;9990;14;9988;29;;;10009;29;;;;;9999.5;8104.0
-2;451400;INTARIAN_PEPPER_ROOT;10446;8;;;;;10457;8;10460;18;;;10451.5;35340.0
-2;451500;ASH_COATED_OSMIUM;9996;4;9991;12;9988;25;10007;12;10009;25;;;10001.5;8060.0
-2;451500;INTARIAN_PEPPER_ROOT;10443;18;;;;;10457;8;10460;18;;;10450.0;35220.0
-2;451600;ASH_COATED_OSMIUM;9989;28;;;;;10001;3;10007;10;;;9995.0;8203.0
-2;451600;INTARIAN_PEPPER_ROOT;10446;12;10443;23;;;10457;12;10460;23;;;10451.5;35340.0
-2;451700;ASH_COATED_OSMIUM;9991;12;9988;24;;;10007;12;;;;;9999.0;8115.0
-2;451700;INTARIAN_PEPPER_ROOT;10446;9;10443;24;;;10457;9;;;;;10451.5;35340.0
-2;451800;ASH_COATED_OSMIUM;9988;29;;;;;10007;13;10009;29;;;9997.5;8148.0
-2;451800;INTARIAN_PEPPER_ROOT;10446;9;10443;22;;;10460;22;;;;;10453.0;35460.0
-2;451900;ASH_COATED_OSMIUM;9988;30;;;;;10006;12;10009;30;;;9997.0;8159.0
-2;451900;INTARIAN_PEPPER_ROOT;;;;;;;10458;11;10460;24;;;10458.0;35860.0
-2;452000;ASH_COATED_OSMIUM;9990;15;;;;;10006;15;10009;24;;;9998.0;8151.0
-2;452000;INTARIAN_PEPPER_ROOT;10446;12;10444;21;;;10458;12;10460;21;;;10452.0;35380.0
-2;452100;ASH_COATED_OSMIUM;9991;11;;;;;10007;11;10009;29;;;9999.0;8127.0
-2;452100;INTARIAN_PEPPER_ROOT;10446;12;10444;22;;;10458;12;10460;22;;;10452.0;35380.0
-2;452200;ASH_COATED_OSMIUM;9990;15;9988;20;;;10006;15;10009;20;;;9998.0;8151.0
-2;452200;INTARIAN_PEPPER_ROOT;10446;9;;;;;10458;9;10461;22;;;10452.0;35380.0
-2;452300;ASH_COATED_OSMIUM;9988;29;;;;;10006;12;10009;29;;;9997.0;8175.0
-2;452300;INTARIAN_PEPPER_ROOT;10447;8;10444;24;;;10458;8;;;;;10452.5;35420.0
-2;452400;ASH_COATED_OSMIUM;9991;12;9988;26;;;10007;12;10009;26;;;9999.0;8127.0
-2;452400;INTARIAN_PEPPER_ROOT;10447;12;10444;19;;;;;;;;;10447.0;34980.0
-2;452500;ASH_COATED_OSMIUM;9991;12;9988;28;;;10007;12;10009;28;;;9999.0;8127.0
-2;452500;INTARIAN_PEPPER_ROOT;10447;10;10444;23;;;10458;10;;;;;10452.5;35420.0
-2;452600;ASH_COATED_OSMIUM;9991;13;9989;26;;;10007;13;10010;26;;;9999.0;8127.0
-2;452600;INTARIAN_PEPPER_ROOT;10450;9;10447;8;;;10461;23;;;;;10455.5;35660.0
-2;452700;ASH_COATED_OSMIUM;9991;10;9989;29;;;10007;10;;;;;9999.0;8127.0
-2;452700;INTARIAN_PEPPER_ROOT;10447;11;10444;20;;;10458;11;10461;20;;;10452.5;35420.0
-2;452800;ASH_COATED_OSMIUM;9992;15;9989;28;;;10008;15;10010;28;;;10000.0;8103.0
-2;452800;INTARIAN_PEPPER_ROOT;10447;11;10444;16;;;10459;11;10461;16;;;10453.0;35460.0
-2;452900;ASH_COATED_OSMIUM;9992;12;9989;21;;;10010;21;;;;;10001.0;8079.0
-2;452900;INTARIAN_PEPPER_ROOT;10445;18;;;;;10461;18;;;;;10453.0;35460.0
-2;453000;ASH_COATED_OSMIUM;9989;30;;;;;10007;11;;;;;9998.0;8151.0
-2;453000;INTARIAN_PEPPER_ROOT;10445;17;;;;;10459;10;;;;;10452.0;35380.0
-2;453100;ASH_COATED_OSMIUM;9992;13;9989;25;;;10008;13;10010;25;;;10000.0;8103.0
-2;453100;INTARIAN_PEPPER_ROOT;10445;15;;;;;10459;9;10461;15;;;10452.0;35380.0
-2;453200;ASH_COATED_OSMIUM;9992;11;9989;29;;;10008;11;10010;29;;;10000.0;8103.0
-2;453200;INTARIAN_PEPPER_ROOT;10451;12;10447;10;;;;;;;;;10451.0;35300.0
-2;453300;ASH_COATED_OSMIUM;9992;13;;;;;10008;13;10011;23;;;10000.0;8103.0
-2;453300;INTARIAN_PEPPER_ROOT;10448;12;10445;16;;;10459;12;10462;16;;;10453.5;35500.0
-2;453400;ASH_COATED_OSMIUM;9992;11;9989;30;;;10008;11;10010;30;;;10000.0;8103.0
-2;453400;INTARIAN_PEPPER_ROOT;10448;9;;;;;10459;9;10462;15;;;10453.5;35500.0
-2;453500;ASH_COATED_OSMIUM;9992;15;9990;21;;;10011;21;;;;;10001.5;8067.0
-2;453500;INTARIAN_PEPPER_ROOT;10448;11;10445;17;;;;;;;;;10448.0;35060.0
-2;453600;ASH_COATED_OSMIUM;9992;15;9990;20;;;9998;7;10008;15;10011;20;9995.0;8202.0
-2;453600;INTARIAN_PEPPER_ROOT;10445;17;;;;;10459;9;10462;17;;;10452.0;35380.0
-2;453700;ASH_COATED_OSMIUM;9992;12;9990;24;;;10008;12;;;;;10000.0;8117.0
-2;453700;INTARIAN_PEPPER_ROOT;10448;12;10445;23;;;10459;12;10462;23;;;10453.5;35500.0
-2;453800;ASH_COATED_OSMIUM;9992;12;9989;23;;;10008;12;10010;23;;;10000.0;8117.0
-2;453800;INTARIAN_PEPPER_ROOT;10448;9;;;;;10460;9;;;;;10454.0;35540.0
-2;453900;ASH_COATED_OSMIUM;9992;14;9989;29;;;10008;14;10010;29;;;10000.0;8131.0
-2;453900;INTARIAN_PEPPER_ROOT;10448;11;;;;;10460;11;10462;16;;;10454.0;35540.0
-2;454000;ASH_COATED_OSMIUM;9989;29;;;;;10008;10;10010;29;;;9998.5;8153.5
-2;454000;INTARIAN_PEPPER_ROOT;10448;11;;;;;10450;7;10460;11;10462;15;10449.0;35140.0
-2;454100;ASH_COATED_OSMIUM;9991;14;9989;23;;;10007;14;10010;23;;;9999.0;8188.0
-2;454100;INTARIAN_PEPPER_ROOT;10448;12;10446;22;;;10462;22;;;;;10455.0;35620.0
-2;454200;ASH_COATED_OSMIUM;9997;3;9991;11;9989;30;10007;11;10010;30;;;10002.0;8137.0
-2;454200;INTARIAN_PEPPER_ROOT;10448;9;10446;16;;;10460;9;10463;16;;;10454.0;35540.0
-2;454300;ASH_COATED_OSMIUM;9992;10;;;;;10008;10;10010;30;;;10000.0;8173.0
-2;454300;INTARIAN_PEPPER_ROOT;10449;9;;;;;10460;9;10463;24;;;10454.5;35580.0
-2;454400;ASH_COATED_OSMIUM;9992;12;9989;21;;;10008;12;;;;;10000.0;8173.0
-2;454400;INTARIAN_PEPPER_ROOT;10449;8;;;;;10460;8;10463;16;;;10454.5;35580.0
-2;454500;ASH_COATED_OSMIUM;;;;;;;10008;15;10011;24;;;10008.0;8029.0
-2;454500;INTARIAN_PEPPER_ROOT;10452;9;10449;10;;;10460;10;;;;;10456.0;35700.0
-2;454600;ASH_COATED_OSMIUM;9993;15;;;;;10009;15;;;;;10001.0;8155.0
-2;454600;INTARIAN_PEPPER_ROOT;10449;10;10446;16;;;10460;10;;;;;10454.5;35580.0
-2;454700;ASH_COATED_OSMIUM;9993;12;;;;;10009;12;10011;28;;;10001.0;8155.0
-2;454700;INTARIAN_PEPPER_ROOT;10449;8;;;;;10460;8;10463;23;;;10454.5;35580.0
-2;454800;ASH_COATED_OSMIUM;9993;12;9990;26;;;10011;26;;;;;10002.0;8169.0
-2;454800;INTARIAN_PEPPER_ROOT;10449;9;10446;23;;;10461;9;;;;;10455.0;35620.0
-2;454900;ASH_COATED_OSMIUM;9990;28;;;;;10008;11;10011;28;;;9999.0;8211.0
-2;454900;INTARIAN_PEPPER_ROOT;10449;8;10447;25;;;10463;25;;;;;10456.0;35700.0
-2;455000;ASH_COATED_OSMIUM;9992;11;9990;30;;;10008;11;10011;30;;;10000.0;8197.0
-2;455000;INTARIAN_PEPPER_ROOT;10449;11;10447;25;;;10461;11;;;;;10455.0;35620.0
-2;455100;ASH_COATED_OSMIUM;9993;13;9990;28;;;10009;13;;;;;10001.0;8232.0
-2;455100;INTARIAN_PEPPER_ROOT;10449;11;10447;21;;;;;;;;;10449.0;35140.0
-2;455200;ASH_COATED_OSMIUM;9993;11;9990;24;;;10009;11;10011;24;;;10001.0;8232.0
-2;455200;INTARIAN_PEPPER_ROOT;10449;12;10447;21;;;10464;21;;;;;10456.5;35740.0
-2;455300;ASH_COATED_OSMIUM;9993;15;9990;21;;;10009;15;;;;;10001.0;8232.0
-2;455300;INTARIAN_PEPPER_ROOT;10447;22;;;;;10461;8;;;;;10454.0;35540.0
-2;455400;ASH_COATED_OSMIUM;9990;21;;;;;10009;15;;;;;9999.5;8242.5
-2;455400;INTARIAN_PEPPER_ROOT;10450;11;;;;;10461;11;10464;21;;;10455.5;35660.0
-2;455500;ASH_COATED_OSMIUM;9993;10;9990;22;;;10009;10;10011;22;;;10001.0;8232.0
-2;455500;INTARIAN_PEPPER_ROOT;10450;10;10447;16;;;10461;10;10464;16;;;10455.5;35660.0
-2;455600;ASH_COATED_OSMIUM;9993;11;9990;22;;;10009;11;;;;;10001.0;8232.0
-2;455600;INTARIAN_PEPPER_ROOT;10450;10;10447;19;;;10461;10;10464;19;;;10455.5;35660.0
-2;455700;ASH_COATED_OSMIUM;9993;14;9991;27;;;10009;14;10012;27;;;10001.0;8232.0
-2;455700;INTARIAN_PEPPER_ROOT;10450;8;10447;20;;;10461;8;10464;20;;;10455.5;35660.0
-2;455800;ASH_COATED_OSMIUM;9993;10;;;;;10009;10;;;;;10001.0;8267.0
-2;455800;INTARIAN_PEPPER_ROOT;10450;12;10447;22;;;10462;12;10464;22;;;10456.0;35700.0
-2;455900;ASH_COATED_OSMIUM;9993;14;;;;;10009;14;10012;28;;;10001.0;8267.0
-2;455900;INTARIAN_PEPPER_ROOT;10450;8;;;;;10462;8;10464;22;;;10456.0;35700.0
-2;456000;ASH_COATED_OSMIUM;9999;2;9993;11;;;10009;11;10012;27;;;10004.0;8261.0
-2;456000;INTARIAN_PEPPER_ROOT;10450;12;10448;17;;;10464;17;;;;;10457.0;35780.0
-2;456100;ASH_COATED_OSMIUM;9993;10;9991;27;;;10003;4;10009;10;10012;27;9998.0;8273.0
-2;456100;INTARIAN_PEPPER_ROOT;10448;23;;;;;10464;23;;;;;10456.0;35700.0
-2;456200;ASH_COATED_OSMIUM;9991;22;;;;;10009;11;10012;22;;;10000.0;8269.0
-2;456200;INTARIAN_PEPPER_ROOT;;;;;;;10462;8;10465;18;;;10462.0;36180.0
-2;456300;ASH_COATED_OSMIUM;9991;20;;;;;10009;10;10012;20;;;10000.0;8269.0
-2;456300;INTARIAN_PEPPER_ROOT;;;;;;;10462;8;10465;22;;;10462.0;36180.0
-2;456400;ASH_COATED_OSMIUM;9993;12;9990;28;;;10009;12;;;;;10001.0;8267.0
-2;456400;INTARIAN_PEPPER_ROOT;10451;9;10448;20;;;10462;9;10465;20;;;10456.5;35740.0
-2;456500;ASH_COATED_OSMIUM;9993;13;9990;28;;;10009;13;;;;;10001.0;8267.0
-2;456500;INTARIAN_PEPPER_ROOT;10451;11;10448;18;;;10462;11;10465;18;;;10456.5;35740.0
-2;456600;ASH_COATED_OSMIUM;9992;11;9990;21;;;10008;11;10011;21;;;10000.0;8269.0
-2;456600;INTARIAN_PEPPER_ROOT;10448;15;;;;;10465;15;;;;;10456.5;35740.0
-2;456700;ASH_COATED_OSMIUM;9992;10;9990;23;;;10008;10;10011;23;;;10000.0;8269.0
-2;456700;INTARIAN_PEPPER_ROOT;10451;9;;;;;10462;9;10465;17;;;10456.5;35740.0
-2;456800;ASH_COATED_OSMIUM;9992;10;9990;29;;;;;;;;;9992.0;8285.0
-2;456800;INTARIAN_PEPPER_ROOT;10451;10;10448;21;;;10463;10;10465;21;;;10457.0;35780.0
-2;456900;ASH_COATED_OSMIUM;9993;11;9990;26;;;10009;11;10011;26;;;10001.0;8267.0
-2;456900;INTARIAN_PEPPER_ROOT;10449;24;;;;;10465;24;;;;;10457.0;35780.0
-2;457000;ASH_COATED_OSMIUM;9993;13;;;;;10009;13;;;;;10001.0;8267.0
-2;457000;INTARIAN_PEPPER_ROOT;10451;10;10449;20;;;10463;10;10465;20;;;10457.0;35780.0
-2;457100;ASH_COATED_OSMIUM;9993;14;9991;20;;;10009;14;10012;20;;;10001.0;8267.0
-2;457100;INTARIAN_PEPPER_ROOT;10451;9;10449;22;;;10463;9;10465;22;;;10457.0;35780.0
-2;457200;ASH_COATED_OSMIUM;9993;15;9990;22;;;10009;15;10011;22;;;10001.0;8267.0
-2;457200;INTARIAN_PEPPER_ROOT;10451;11;10449;18;;;10463;11;10466;18;;;10457.0;35780.0
-2;457300;ASH_COATED_OSMIUM;9993;13;9990;22;;;10009;13;10011;22;;;10001.0;8267.0
-2;457300;INTARIAN_PEPPER_ROOT;10452;9;10449;22;;;10466;22;;;;;10459.0;35940.0
-2;457400;ASH_COATED_OSMIUM;9993;14;9991;20;;;10009;14;;;;;10001.0;8267.0
-2;457400;INTARIAN_PEPPER_ROOT;10452;11;10449;23;;;10466;23;;;;;10459.0;35940.0
-2;457500;ASH_COATED_OSMIUM;9993;14;;;;;10011;22;;;;;10002.0;8265.0
-2;457500;INTARIAN_PEPPER_ROOT;10452;11;10449;25;;;10463;11;;;;;10457.5;35820.0
-2;457600;ASH_COATED_OSMIUM;9993;15;9990;21;;;10009;15;10011;21;;;10001.0;8267.0
-2;457600;INTARIAN_PEPPER_ROOT;10452;12;;;;;10463;12;10466;21;;;10457.5;35820.0
-2;457700;ASH_COATED_OSMIUM;9998;2;9990;20;;;10011;20;;;;;10004.5;8260.0
-2;457700;INTARIAN_PEPPER_ROOT;10452;12;10449;21;;;10466;21;;;;;10459.0;35940.0
-2;457800;ASH_COATED_OSMIUM;9993;14;9990;20;;;10009;14;10011;20;;;10001.0;8267.0
-2;457800;INTARIAN_PEPPER_ROOT;10449;19;;;;;10464;9;10466;19;;;10456.5;35740.0
-2;457900;ASH_COATED_OSMIUM;9993;10;;;;;;;;;;;9993.0;8283.0
-2;457900;INTARIAN_PEPPER_ROOT;10452;12;10450;21;;;10464;12;10466;21;;;10458.0;35860.0
-2;458000;ASH_COATED_OSMIUM;9998;5;9990;23;;;10009;10;10011;23;;;10003.5;8262.0
-2;458000;INTARIAN_PEPPER_ROOT;10452;12;;;;;10466;21;;;;;10459.0;35940.0
-2;458100;ASH_COATED_OSMIUM;9993;10;9990;24;;;10009;10;10011;24;;;10001.0;8267.0
-2;458100;INTARIAN_PEPPER_ROOT;10452;12;10450;15;;;10464;12;10466;15;;;10458.0;35860.0
-2;458200;ASH_COATED_OSMIUM;9992;13;9990;29;;;10011;29;;;;;10001.5;8266.0
-2;458200;INTARIAN_PEPPER_ROOT;10450;19;;;;;10464;8;;;;;10457.0;35780.0
-2;458300;ASH_COATED_OSMIUM;9992;10;9989;22;;;10010;22;;;;;10001.0;8267.0
-2;458300;INTARIAN_PEPPER_ROOT;10453;11;10450;24;;;10464;11;10467;24;;;10458.5;35900.0
-2;458400;ASH_COATED_OSMIUM;9992;13;;;;;10008;13;10011;22;;;10000.0;8269.0
-2;458400;INTARIAN_PEPPER_ROOT;10453;11;10450;25;;;10455;4;10464;11;10467;25;10454.0;35540.0
-2;458500;ASH_COATED_OSMIUM;9990;28;;;;;10008;13;10011;28;;;9999.0;8271.0
-2;458500;INTARIAN_PEPPER_ROOT;10453;12;;;;;10464;12;;;;;10458.5;35900.0
-2;458600;ASH_COATED_OSMIUM;9993;11;;;;;;;;;;;9993.0;8283.0
-2;458600;INTARIAN_PEPPER_ROOT;10453;9;10450;18;;;10455;7;10460;5;10464;9;10454.0;35540.0
-2;458700;ASH_COATED_OSMIUM;9993;14;9990;22;;;10009;14;10011;22;;;10001.0;8267.0
-2;458700;INTARIAN_PEPPER_ROOT;10450;17;;;;;10464;11;;;;;10457.0;35780.0
-2;458800;ASH_COATED_OSMIUM;9993;15;9990;22;;;10011;22;;;;;10002.0;8265.0
-2;458800;INTARIAN_PEPPER_ROOT;10453;10;;;;;10465;10;10467;24;;;10459.0;35940.0
-2;458900;ASH_COATED_OSMIUM;9992;15;9990;25;;;10008;15;10011;25;;;10000.0;8269.0
-2;458900;INTARIAN_PEPPER_ROOT;10451;24;;;;;10465;10;10467;24;;;10458.0;35860.0
-2;459000;ASH_COATED_OSMIUM;9993;10;;;;;10009;10;10012;27;;;10001.0;8267.0
-2;459000;INTARIAN_PEPPER_ROOT;10453;10;10451;19;;;10465;10;;;;;10459.0;35940.0
-2;459100;ASH_COATED_OSMIUM;9993;14;9991;22;;;10003;2;10009;14;10012;22;9998.0;8273.0
-2;459100;INTARIAN_PEPPER_ROOT;10453;9;10451;17;;;10465;9;10467;17;;;10459.0;35940.0
-2;459200;ASH_COATED_OSMIUM;9993;12;9991;25;;;10009;12;10012;25;;;10001.0;8267.0
-2;459200;INTARIAN_PEPPER_ROOT;10453;9;10451;22;;;10465;9;10468;22;;;10459.0;35940.0
-2;459300;ASH_COATED_OSMIUM;9994;14;9991;25;;;10010;14;10012;25;;;10002.0;8265.0
-2;459300;INTARIAN_PEPPER_ROOT;10454;8;10451;21;;;10465;8;10468;21;;;10459.5;35980.0
-2;459400;ASH_COATED_OSMIUM;9994;10;9991;22;;;10012;22;;;;;10003.0;8263.0
-2;459400;INTARIAN_PEPPER_ROOT;10454;10;10451;16;;;10465;10;10468;16;;;10459.5;35980.0
-2;459500;ASH_COATED_OSMIUM;9994;15;9991;27;;;10010;15;10012;27;;;10002.0;8265.0
-2;459500;INTARIAN_PEPPER_ROOT;10454;11;10451;19;;;10465;11;10468;19;;;10459.5;35980.0
-2;459600;ASH_COATED_OSMIUM;9994;12;;;;;10010;12;;;;;10002.0;8265.0
-2;459600;INTARIAN_PEPPER_ROOT;10454;10;10451;18;;;10465;10;10468;18;;;10459.5;35980.0
-2;459700;ASH_COATED_OSMIUM;9994;13;9991;24;;;10012;24;;;;;10003.0;8263.0
-2;459700;INTARIAN_PEPPER_ROOT;;;;;;;10465;9;10468;23;;;10465.0;36420.0
-2;459800;ASH_COATED_OSMIUM;9994;11;9992;26;;;10010;11;10013;26;;;10002.0;8265.0
-2;459800;INTARIAN_PEPPER_ROOT;10454;10;10451;21;;;;;;;;;10454.0;35540.0
-2;459900;ASH_COATED_OSMIUM;9995;14;;;;;10011;14;10013;30;;;10003.0;8263.0
-2;459900;INTARIAN_PEPPER_ROOT;;;;;;;10466;11;10468;25;;;10466.0;36500.0
-2;460000;ASH_COATED_OSMIUM;9994;10;9992;23;;;10010;10;10013;23;;;10002.0;8265.0
-2;460000;INTARIAN_PEPPER_ROOT;10454;12;10452;15;;;10466;12;10468;15;;;10460.0;36020.0
-2;460100;ASH_COATED_OSMIUM;9994;15;9991;25;;;10012;25;;;;;10003.0;8263.0
-2;460100;INTARIAN_PEPPER_ROOT;10452;18;;;;;10466;8;10468;18;;;10459.0;35940.0
-2;460200;ASH_COATED_OSMIUM;9994;15;9992;22;;;10013;22;;;;;10003.5;8262.0
-2;460200;INTARIAN_PEPPER_ROOT;10452;22;;;;;10466;8;10469;22;;;10459.0;35940.0
-2;460300;ASH_COATED_OSMIUM;9994;13;9992;25;;;10004;5;;;;;9999.0;8271.0
-2;460300;INTARIAN_PEPPER_ROOT;10455;9;;;;;10466;9;10469;21;;;10460.5;36060.0
-2;460400;ASH_COATED_OSMIUM;9994;12;9991;24;;;10010;12;10012;24;;;10002.0;8265.0
-2;460400;INTARIAN_PEPPER_ROOT;10455;10;10452;20;;;10466;10;10469;20;;;10460.5;36060.0
-2;460500;ASH_COATED_OSMIUM;9994;14;9991;24;;;10010;14;10012;24;;;10002.0;8265.0
-2;460500;INTARIAN_PEPPER_ROOT;10455;11;10452;15;;;10469;15;;;;;10462.0;36180.0
-2;460600;ASH_COATED_OSMIUM;9994;12;9991;20;;;10010;12;10012;20;;;10002.0;8307.0
-2;460600;INTARIAN_PEPPER_ROOT;10455;9;10452;21;;;10466;9;10469;21;;;10460.5;36060.0
-2;460700;ASH_COATED_OSMIUM;9994;15;9991;25;;;10010;15;10012;25;;;10002.0;8307.0
-2;460700;INTARIAN_PEPPER_ROOT;10455;9;10452;24;;;10466;9;10469;24;;;10460.5;36060.0
-2;460800;ASH_COATED_OSMIUM;9994;15;9991;23;;;10010;15;;;;;10002.0;8307.0
-2;460800;INTARIAN_PEPPER_ROOT;10455;10;10452;15;;;10467;10;10469;15;;;10461.0;36100.0
-2;460900;ASH_COATED_OSMIUM;9994;15;;;;;10010;15;10012;21;;;10002.0;8307.0
-2;460900;INTARIAN_PEPPER_ROOT;10453;20;;;;;10467;9;10469;20;;;10460.0;36020.0
-2;461000;ASH_COATED_OSMIUM;9994;14;;;;;10010;14;10013;24;;;10002.0;8307.0
-2;461000;INTARIAN_PEPPER_ROOT;10455;11;10453;25;;;10467;11;;;;;10461.0;36100.0
-2;461100;ASH_COATED_OSMIUM;10004;6;9994;11;9992;21;10010;11;10013;21;;;10007.0;8249.0
-2;461100;INTARIAN_PEPPER_ROOT;10455;8;10453;19;;;10467;8;;;;;10461.0;36100.0
-2;461200;ASH_COATED_OSMIUM;9994;15;9991;24;;;10010;15;10012;24;;;10002.0;8319.0
-2;461200;INTARIAN_PEPPER_ROOT;10455;10;10453;15;;;10470;15;;;;;10462.5;36220.0
-2;461300;ASH_COATED_OSMIUM;9994;13;9991;24;;;10010;13;10012;24;;;10002.0;8319.0
-2;461300;INTARIAN_PEPPER_ROOT;10456;12;10453;25;;;10467;12;10470;25;;;10461.5;36140.0
-2;461400;ASH_COATED_OSMIUM;9994;10;;;;;10010;10;10013;21;;;10002.0;8319.0
-2;461400;INTARIAN_PEPPER_ROOT;10456;8;10453;23;;;10467;8;10470;23;;;10461.5;36140.0
-2;461500;ASH_COATED_OSMIUM;9992;27;;;;;10010;15;;;;;10001.0;8333.0
-2;461500;INTARIAN_PEPPER_ROOT;10456;8;10453;19;;;10467;8;10470;19;;;10461.5;36140.0
-2;461600;ASH_COATED_OSMIUM;9995;11;9992;29;;;10013;29;;;;;10004.0;8291.0
-2;461600;INTARIAN_PEPPER_ROOT;10456;10;10453;16;;;10470;16;;;;;10463.0;36260.0
-2;461700;ASH_COATED_OSMIUM;9992;29;;;;;10010;12;;;;;10001.0;8333.0
-2;461700;INTARIAN_PEPPER_ROOT;;;;;;;10470;24;;;;;10470.0;36820.0
-2;461800;ASH_COATED_OSMIUM;9994;13;9991;29;;;10010;13;10012;29;;;10002.0;8319.0
-2;461800;INTARIAN_PEPPER_ROOT;10453;21;;;;;10468;8;10470;21;;;10460.5;36060.0
-2;461900;ASH_COATED_OSMIUM;9994;10;9991;27;;;10010;10;10012;27;;;10002.0;8319.0
-2;461900;INTARIAN_PEPPER_ROOT;10456;11;10454;16;;;10468;11;10470;16;;;10462.0;36180.0
-2;462000;ASH_COATED_OSMIUM;9991;27;;;;;10009;13;10012;27;;;10000.0;8347.0
-2;462000;INTARIAN_PEPPER_ROOT;10456;12;10454;20;;;10468;12;10470;20;;;10462.0;36180.0
-2;462100;ASH_COATED_OSMIUM;9993;12;9991;21;;;10009;12;10012;21;;;10001.0;8333.0
-2;462100;INTARIAN_PEPPER_ROOT;10454;23;;;;;10470;23;;;;;10462.0;36180.0
-2;462200;ASH_COATED_OSMIUM;9993;10;9991;27;;;10012;27;;;;;10002.5;8312.0
-2;462200;INTARIAN_PEPPER_ROOT;10456;10;10454;18;;;10468;10;10471;18;;;10462.0;36180.0
-2;462300;ASH_COATED_OSMIUM;9994;11;9991;27;;;10010;11;;;;;10002.0;8319.0
-2;462300;INTARIAN_PEPPER_ROOT;10454;18;;;;;10468;11;;;;;10461.0;36100.0
-2;462400;ASH_COATED_OSMIUM;9994;14;;;;;10010;14;;;;;10002.0;8361.0
-2;462400;INTARIAN_PEPPER_ROOT;10457;11;;;;;10468;11;10471;19;;;10462.5;36220.0
-2;462500;ASH_COATED_OSMIUM;9994;13;9991;24;;;10010;13;10012;24;;;10002.0;8361.0
-2;462500;INTARIAN_PEPPER_ROOT;10457;10;10454;24;;;10468;10;;;;;10462.5;36220.0
-2;462600;ASH_COATED_OSMIUM;9994;13;;;;;;;;;;;9994.0;8521.0
-2;462600;INTARIAN_PEPPER_ROOT;10457;12;10454;15;;;10468;12;10471;15;;;10462.5;36220.0
-2;462700;ASH_COATED_OSMIUM;;;;;;;10010;13;10012;28;;;10010.0;8201.0
-2;462700;INTARIAN_PEPPER_ROOT;10454;23;;;;;10468;12;10471;23;;;10461.0;36100.0
-2;462800;ASH_COATED_OSMIUM;9993;14;9991;26;;;10009;14;10012;26;;;10001.0;8381.0
-2;462800;INTARIAN_PEPPER_ROOT;10457;8;10454;20;;;10469;8;10471;20;;;10463.0;36260.0
-2;462900;ASH_COATED_OSMIUM;9994;11;9991;30;;;10010;11;10012;30;;;10002.0;8361.0
-2;462900;INTARIAN_PEPPER_ROOT;10457;8;10455;17;;;;;;;;;10457.0;35780.0
-2;463000;ASH_COATED_OSMIUM;9991;23;;;;;10009;13;10012;23;;;10000.0;8401.0
-2;463000;INTARIAN_PEPPER_ROOT;10455;20;;;;;10469;11;10471;20;;;10462.0;36180.0
-2;463100;ASH_COATED_OSMIUM;9991;23;;;;;10003;3;10010;15;10012;23;9997.0;8461.0
-2;463100;INTARIAN_PEPPER_ROOT;10457;12;;;;;10469;12;10471;22;;;10463.0;36260.0
-2;463200;ASH_COATED_OSMIUM;9993;13;;;;;10009;13;10012;25;;;10001.0;8402.0
-2;463200;INTARIAN_PEPPER_ROOT;10457;11;10455;21;;;10469;11;10472;21;;;10463.0;36260.0
-2;463300;ASH_COATED_OSMIUM;9993;14;9991;26;;;9999;6;10009;14;10012;26;9996.0;8469.0
-2;463300;INTARIAN_PEPPER_ROOT;10458;11;10455;15;;;10472;15;;;;;10465.0;36420.0
-2;463400;ASH_COATED_OSMIUM;9993;14;9991;20;;;10009;14;10012;20;;;10001.0;8414.0
-2;463400;INTARIAN_PEPPER_ROOT;10458;11;10455;23;;;10472;23;;;;;10465.0;36420.0
-2;463500;ASH_COATED_OSMIUM;9994;10;9991;30;;;10010;10;10012;30;;;10002.0;8403.0
-2;463500;INTARIAN_PEPPER_ROOT;10458;8;10455;25;;;10469;8;10472;25;;;10463.5;36300.0
-2;463600;ASH_COATED_OSMIUM;9993;11;9991;24;;;;;;;;;9993.0;8502.0
-2;463600;INTARIAN_PEPPER_ROOT;10458;8;10455;15;;;10469;8;10472;15;;;10463.5;36300.0
-2;463700;ASH_COATED_OSMIUM;9993;13;9991;21;;;10009;13;10012;21;;;10001.0;8414.0
-2;463700;INTARIAN_PEPPER_ROOT;10458;10;10455;23;;;10469;10;;;;;10463.5;36300.0
-2;463800;ASH_COATED_OSMIUM;9994;13;9991;24;;;10010;13;10012;24;;;10002.0;8403.0
-2;463800;INTARIAN_PEPPER_ROOT;10455;25;;;;;10470;8;10472;25;;;10462.5;36220.0
-2;463900;ASH_COATED_OSMIUM;9994;10;9991;29;;;10010;10;;;;;10002.0;8403.0
-2;463900;INTARIAN_PEPPER_ROOT;10458;10;10456;20;;;10470;10;;;;;10464.0;36340.0
-2;464000;ASH_COATED_OSMIUM;;;;;;;10010;12;10012;23;;;10010.0;8315.0
-2;464000;INTARIAN_PEPPER_ROOT;10458;10;10456;16;;;10472;16;;;;;10465.0;36420.0
-2;464100;ASH_COATED_OSMIUM;;;;;;;10009;11;10012;25;;;10009.0;8326.0
-2;464100;INTARIAN_PEPPER_ROOT;10458;9;10456;24;;;10470;9;10472;24;;;10464.0;36340.0
-2;464200;ASH_COATED_OSMIUM;9993;10;9991;21;;;10009;10;10012;21;;;10001.0;8414.0
-2;464200;INTARIAN_PEPPER_ROOT;10458;11;;;;;10470;11;10473;21;;;10464.0;36340.0
-2;464300;ASH_COATED_OSMIUM;9993;13;9991;26;;;10009;13;10012;26;;;10001.0;8414.0
-2;464300;INTARIAN_PEPPER_ROOT;10456;20;;;;;10473;20;;;;;10464.5;36380.0
-2;464400;ASH_COATED_OSMIUM;9993;14;9991;27;;;10009;14;10012;27;;;10001.0;8414.0
-2;464400;INTARIAN_PEPPER_ROOT;10459;10;10456;18;;;10470;10;10473;18;;;10464.5;36380.0
-2;464500;ASH_COATED_OSMIUM;9993;10;9991;29;;;10012;29;;;;;10002.5;8397.5
-2;464500;INTARIAN_PEPPER_ROOT;10459;9;10456;23;;;10473;23;;;;;10466.0;36500.0
-2;464600;ASH_COATED_OSMIUM;9991;25;;;;;10009;14;10012;25;;;10000.0;8425.0
-2;464600;INTARIAN_PEPPER_ROOT;10456;19;;;;;10470;11;10473;19;;;10463.0;36260.0
-2;464700;ASH_COATED_OSMIUM;9993;10;9991;23;;;10009;10;;;;;10001.0;8414.0
-2;464700;INTARIAN_PEPPER_ROOT;10459;12;10456;18;;;10473;18;;;;;10466.0;36500.0
-2;464800;ASH_COATED_OSMIUM;9991;21;;;;;10009;11;10012;21;;;10000.0;8425.0
-2;464800;INTARIAN_PEPPER_ROOT;10459;12;10456;23;;;10471;12;10473;23;;;10465.0;36420.0
-2;464900;ASH_COATED_OSMIUM;;;;;;;10012;24;;;;;10012.0;8293.0
-2;464900;INTARIAN_PEPPER_ROOT;10459;8;10457;15;;;10471;8;10473;15;;;10465.0;36420.0
-2;465000;ASH_COATED_OSMIUM;9994;11;9992;24;;;10013;24;;;;;10003.5;8386.5
-2;465000;INTARIAN_PEPPER_ROOT;10459;10;10457;17;;;10471;10;10473;17;;;10465.0;36420.0
-2;465100;ASH_COATED_OSMIUM;9994;14;9991;27;;;10010;14;10012;27;;;10002.0;8403.0
-2;465100;INTARIAN_PEPPER_ROOT;10459;9;10457;19;;;10471;9;;;;;10465.0;36420.0
-2;465200;ASH_COATED_OSMIUM;9994;11;;;;;10010;11;10013;25;;;10002.0;8403.0
-2;465200;INTARIAN_PEPPER_ROOT;10459;12;10457;15;;;10471;12;10474;15;;;10465.0;36420.0
-2;465300;ASH_COATED_OSMIUM;9994;10;9992;28;;;10010;10;10013;28;;;10002.0;8403.0
-2;465300;INTARIAN_PEPPER_ROOT;10460;11;10457;21;;;;;;;;;10460.0;36020.0
-2;465400;ASH_COATED_OSMIUM;9994;14;;;;;;;;;;;9994.0;8491.0
-2;465400;INTARIAN_PEPPER_ROOT;10460;11;;;;;10471;11;10474;19;;;10465.5;36460.0
-2;465500;ASH_COATED_OSMIUM;9992;29;;;;;10010;15;10013;29;;;10001.0;8414.0
-2;465500;INTARIAN_PEPPER_ROOT;10460;10;10457;20;;;10471;10;10474;20;;;10465.5;36460.0
-2;465600;ASH_COATED_OSMIUM;9994;13;9991;20;;;;;;;;;9994.0;8491.0
-2;465600;INTARIAN_PEPPER_ROOT;10460;8;10457;23;;;10471;8;10474;23;;;10465.5;36460.0
-2;465700;ASH_COATED_OSMIUM;9994;13;9991;22;;;;;;;;;9994.0;8491.0
-2;465700;INTARIAN_PEPPER_ROOT;10460;9;;;;;10471;9;10474;24;;;10465.5;36460.0
-2;465800;ASH_COATED_OSMIUM;9993;13;9990;25;;;10009;13;;;;;10001.0;8414.0
-2;465800;INTARIAN_PEPPER_ROOT;10460;12;10457;18;;;10472;12;10474;18;;;10466.0;36500.0
-2;465900;ASH_COATED_OSMIUM;9994;10;9991;23;;;10010;10;10012;23;;;10002.0;8403.0
-2;465900;INTARIAN_PEPPER_ROOT;10460;12;10458;16;;;10472;12;10474;16;;;10466.0;36500.0
-2;466000;ASH_COATED_OSMIUM;9994;13;;;;;10010;13;;;;;10002.0;8403.0
-2;466000;INTARIAN_PEPPER_ROOT;10460;12;10458;20;;;10472;12;10474;20;;;10466.0;36500.0
-2;466100;ASH_COATED_OSMIUM;9994;15;9991;26;;;10012;26;;;;;10003.0;8392.0
-2;466100;INTARIAN_PEPPER_ROOT;10460;9;10458;18;;;10472;9;;;;;10466.0;36500.0
-2;466200;ASH_COATED_OSMIUM;9994;13;9992;30;;;10010;13;10013;30;;;10002.0;8403.0
-2;466200;INTARIAN_PEPPER_ROOT;10460;11;10458;15;;;10472;11;10475;15;;;10466.0;36500.0
-2;466300;ASH_COATED_OSMIUM;9994;15;9991;20;;;10012;20;;;;;10003.0;8392.0
-2;466300;INTARIAN_PEPPER_ROOT;10458;19;;;;;10468;5;10472;8;;;10463.0;36260.0
-2;466400;ASH_COATED_OSMIUM;9994;11;9992;21;;;10013;21;;;;;10003.5;8386.5
-2;466400;INTARIAN_PEPPER_ROOT;10461;12;10458;25;;;10472;12;10475;25;;;10466.5;36540.0
-2;466500;ASH_COATED_OSMIUM;9994;15;9992;27;;;10010;15;10013;27;;;10002.0;8403.0
-2;466500;INTARIAN_PEPPER_ROOT;10461;11;10458;24;;;10472;11;10475;24;;;10466.5;36540.0
-2;466600;ASH_COATED_OSMIUM;9995;11;;;;;10013;27;;;;;10004.0;8381.0
-2;466600;INTARIAN_PEPPER_ROOT;10461;11;10458;23;;;;;;;;;10461.0;36100.0
-2;466700;ASH_COATED_OSMIUM;9995;13;9992;20;;;10011;13;10013;20;;;10003.0;8392.0
-2;466700;INTARIAN_PEPPER_ROOT;10461;9;10458;20;;;10472;9;10475;20;;;10466.5;36540.0
-2;466800;ASH_COATED_OSMIUM;9994;15;9992;29;;;10010;15;10013;29;;;10002.0;8403.0
-2;466800;INTARIAN_PEPPER_ROOT;10461;8;10458;25;;;10473;8;10475;25;;;10467.0;36580.0
-2;466900;ASH_COATED_OSMIUM;9994;15;9992;23;;;10010;15;10013;23;;;10002.0;8403.0
-2;466900;INTARIAN_PEPPER_ROOT;10461;12;10459;18;;;10473;12;10475;18;;;10467.0;36580.0
-2;467000;ASH_COATED_OSMIUM;9992;30;;;;;;;;;;;9992.0;8513.0
-2;467000;INTARIAN_PEPPER_ROOT;10461;9;10459;15;;;10473;9;;;;;10467.0;36580.0
-2;467100;ASH_COATED_OSMIUM;9992;22;;;;;10010;15;10013;22;;;10001.0;8414.0
-2;467100;INTARIAN_PEPPER_ROOT;10461;12;10459;17;;;10475;17;;;;;10468.0;36660.0
-2;467200;ASH_COATED_OSMIUM;9992;28;;;;;10010;11;10013;28;;;10001.0;8414.0
-2;467200;INTARIAN_PEPPER_ROOT;10461;9;10459;25;;;10473;9;;;;;10467.0;36580.0
-2;467300;ASH_COATED_OSMIUM;9992;20;;;;;10013;20;;;;;10002.5;8397.5
-2;467300;INTARIAN_PEPPER_ROOT;10462;8;;;;;10473;8;;;;;10467.5;36620.0
-2;467400;ASH_COATED_OSMIUM;9995;12;;;;;10011;12;;;;;10003.0;8392.0
-2;467400;INTARIAN_PEPPER_ROOT;10462;11;10459;22;;;10473;11;;;;;10467.5;36620.0
-2;467500;ASH_COATED_OSMIUM;9992;22;;;;;10010;11;10013;22;;;10001.0;8414.0
-2;467500;INTARIAN_PEPPER_ROOT;10462;9;10459;23;;;10473;9;10476;23;;;10467.5;36620.0
-2;467600;ASH_COATED_OSMIUM;9992;30;;;;;10010;10;10013;30;;;10001.0;8414.0
-2;467600;INTARIAN_PEPPER_ROOT;10462;12;10459;19;;;10473;12;10476;19;;;10467.5;36620.0
-2;467700;ASH_COATED_OSMIUM;9994;14;9991;21;;;10010;14;10012;21;;;10002.0;8403.0
-2;467700;INTARIAN_PEPPER_ROOT;10462;11;10459;17;;;10473;11;;;;;10467.5;36620.0
-2;467800;ASH_COATED_OSMIUM;9994;11;;;;;10010;11;;;;;10002.0;8403.0
-2;467800;INTARIAN_PEPPER_ROOT;10462;11;10459;20;;;10474;11;10476;20;;;10468.0;36660.0
-2;467900;ASH_COATED_OSMIUM;9995;13;9992;21;;;10011;13;10013;21;;;10003.0;8392.0
-2;467900;INTARIAN_PEPPER_ROOT;10460;19;;;;;10476;19;;;;;10468.0;36660.0
-2;468000;ASH_COATED_OSMIUM;9995;11;;;;;10013;22;;;;;10004.0;8381.0
-2;468000;INTARIAN_PEPPER_ROOT;10462;11;10460;17;;;10474;11;10476;17;;;10468.0;36660.0
-2;468100;ASH_COATED_OSMIUM;9994;11;9992;29;;;10010;11;10013;29;;;10002.0;8403.0
-2;468100;INTARIAN_PEPPER_ROOT;10462;8;10460;18;;;10474;8;10476;18;;;10468.0;36660.0
-2;468200;ASH_COATED_OSMIUM;9994;15;9992;27;;;10010;15;10013;27;;;10002.0;8403.0
-2;468200;INTARIAN_PEPPER_ROOT;10462;12;10460;15;;;10474;12;10477;15;;;10468.0;36660.0
-2;468300;ASH_COATED_OSMIUM;9995;13;9993;25;;;10011;13;;;;;10003.0;8392.0
-2;468300;INTARIAN_PEPPER_ROOT;10460;20;;;;;10477;20;;;;;10468.5;36700.0
-2;468400;ASH_COATED_OSMIUM;;;;;;;10011;11;10013;20;;;10011.0;8304.0
-2;468400;INTARIAN_PEPPER_ROOT;10463;12;10460;19;;;10470;7;10474;12;;;10466.5;36540.0
-2;468500;ASH_COATED_OSMIUM;9995;13;9992;27;;;10011;13;10013;27;;;10003.0;8392.0
-2;468500;INTARIAN_PEPPER_ROOT;10463;12;10460;16;;;10470;7;10474;12;10477;16;10466.5;36540.0
-2;468600;ASH_COATED_OSMIUM;9992;28;;;;;10011;10;10013;28;;;10001.5;8408.5
-2;468600;INTARIAN_PEPPER_ROOT;10463;11;;;;;10474;11;10477;25;;;10468.5;36700.0
-2;468700;ASH_COATED_OSMIUM;9995;10;;;;;10011;10;10013;21;;;10003.0;8392.0
-2;468700;INTARIAN_PEPPER_ROOT;10463;8;10460;25;;;10474;8;10477;25;;;10468.5;36700.0
-2;468800;ASH_COATED_OSMIUM;9992;28;;;;;10010;11;10013;28;;;10001.0;8414.0
-2;468800;INTARIAN_PEPPER_ROOT;10463;9;10460;22;;;10475;9;10477;22;;;10469.0;36740.0
-2;468900;ASH_COATED_OSMIUM;9995;12;9992;29;;;10011;12;10013;29;;;10003.0;8392.0
-2;468900;INTARIAN_PEPPER_ROOT;10463;9;10461;24;;;10477;24;;;;;10470.0;36820.0
-2;469000;ASH_COATED_OSMIUM;9995;15;9992;22;;;10011;15;10013;22;;;10003.0;8392.0
-2;469000;INTARIAN_PEPPER_ROOT;10463;9;10461;19;;;10475;9;10477;19;;;10469.0;36740.0
-2;469100;ASH_COATED_OSMIUM;9995;11;9993;21;;;10011;11;;;;;10003.0;8392.0
-2;469100;INTARIAN_PEPPER_ROOT;10463;12;10461;20;;;10475;12;10477;20;;;10469.0;36740.0
-2;469200;ASH_COATED_OSMIUM;9992;20;;;;;10011;13;10013;20;;;10001.5;8408.5
-2;469200;INTARIAN_PEPPER_ROOT;10463;12;10461;15;;;10475;12;10478;15;;;10469.0;36740.0
-2;469300;ASH_COATED_OSMIUM;9994;10;9992;24;;;10013;24;;;;;10003.5;8386.5
-2;469300;INTARIAN_PEPPER_ROOT;10464;10;10461;16;;;10475;10;;;;;10469.5;36780.0
-2;469400;ASH_COATED_OSMIUM;9992;24;;;;;10010;11;10013;24;;;10001.0;8414.0
-2;469400;INTARIAN_PEPPER_ROOT;10461;18;;;;;10478;18;;;;;10469.5;36780.0
-2;469500;ASH_COATED_OSMIUM;9994;13;9991;29;;;10010;13;10012;29;;;10002.0;8403.0
-2;469500;INTARIAN_PEPPER_ROOT;10464;9;10461;21;;;10475;9;10478;21;;;10469.5;36780.0
-2;469600;ASH_COATED_OSMIUM;9994;14;9992;27;;;10010;14;10013;27;;;10002.0;8403.0
-2;469600;INTARIAN_PEPPER_ROOT;10464;8;10461;16;;;10475;8;10478;16;;;10469.5;36780.0
-2;469700;ASH_COATED_OSMIUM;9994;13;;;;;;;;;;;9994.0;8491.0
-2;469700;INTARIAN_PEPPER_ROOT;10461;16;;;;;;;;;;;10461.0;36100.0
-2;469800;ASH_COATED_OSMIUM;9992;22;;;;;10011;11;10013;22;;;10001.5;8408.5
-2;469800;INTARIAN_PEPPER_ROOT;10464;12;10461;19;;;10476;12;10478;19;;;10470.0;36820.0
-2;469900;ASH_COATED_OSMIUM;9992;30;;;;;10010;12;;;;;10001.0;8430.0
-2;469900;INTARIAN_PEPPER_ROOT;10464;11;10462;15;;;10478;15;;;;;10471.0;36900.0
-2;470000;ASH_COATED_OSMIUM;9992;27;;;;;10010;14;10013;27;;;10001.0;8430.0
-2;470000;INTARIAN_PEPPER_ROOT;10464;8;10462;19;;;;;;;;;10464.0;36340.0
-2;470100;ASH_COATED_OSMIUM;9994;12;;;;;10010;12;10013;25;;;10002.0;8421.0
-2;470100;INTARIAN_PEPPER_ROOT;10464;12;10462;21;;;10476;12;10478;21;;;10470.0;36820.0
-2;470200;ASH_COATED_OSMIUM;9994;11;9992;20;;;10010;11;10013;20;;;10002.0;8421.0
-2;470200;INTARIAN_PEPPER_ROOT;10464;8;10462;18;;;10476;8;10479;18;;;10470.0;36820.0
-2;470300;ASH_COATED_OSMIUM;10004;10;9995;15;9992;29;10011;15;10013;29;;;10007.5;8336.5
-2;470300;INTARIAN_PEPPER_ROOT;10465;9;10462;15;;;10476;9;10479;15;;;10470.5;36860.0
-2;470400;ASH_COATED_OSMIUM;9995;14;9992;24;;;10011;14;10013;24;;;10003.0;8422.0
-2;470400;INTARIAN_PEPPER_ROOT;10468;8;10465;12;;;10476;12;10479;16;;;10472.0;36980.0
-2;470500;ASH_COATED_OSMIUM;9992;25;;;;;10011;13;10013;25;;;10001.5;8450.5
-2;470500;INTARIAN_PEPPER_ROOT;10465;12;10462;22;;;10476;12;10479;22;;;10470.5;36860.0
-2;470600;ASH_COATED_OSMIUM;9995;12;9992;30;;;10013;30;;;;;10004.0;8403.0
-2;470600;INTARIAN_PEPPER_ROOT;10465;10;10462;20;;;10476;10;10479;20;;;10470.5;36860.0
-2;470700;ASH_COATED_OSMIUM;9994;14;9992;30;;;10010;14;10013;30;;;10002.0;8441.0
-2;470700;INTARIAN_PEPPER_ROOT;10465;10;10462;19;;;10476;10;10479;19;;;10470.5;36860.0
-2;470800;ASH_COATED_OSMIUM;9994;14;;;;;10010;14;10012;28;;;10002.0;8441.0
-2;470800;INTARIAN_PEPPER_ROOT;10465;9;10462;19;;;10477;9;10479;19;;;10471.0;36900.0
-2;470900;ASH_COATED_OSMIUM;9994;15;9991;20;;;10010;15;10012;20;;;10002.0;8441.0
-2;470900;INTARIAN_PEPPER_ROOT;10465;11;;;;;;;;;;;10465.0;36420.0
-2;471000;ASH_COATED_OSMIUM;9991;28;;;;;10010;11;10012;28;;;10000.5;8469.5
-2;471000;INTARIAN_PEPPER_ROOT;10465;8;;;;;;;;;;;10465.0;36420.0
-2;471100;ASH_COATED_OSMIUM;9994;15;;;;;10013;23;;;;;10003.5;8412.5
-2;471100;INTARIAN_PEPPER_ROOT;10465;12;10463;15;;;10477;12;10479;15;;;10471.0;36900.0
-2;471200;ASH_COATED_OSMIUM;9994;11;9991;20;;;10010;11;;;;;10002.0;8441.0
-2;471200;INTARIAN_PEPPER_ROOT;10465;8;10463;17;;;10477;8;10480;17;;;10471.0;36900.0
-2;471300;ASH_COATED_OSMIUM;9994;10;9992;27;;;10010;10;10013;27;;;10002.0;8441.0
-2;471300;INTARIAN_PEPPER_ROOT;10466;10;;;;;10477;10;;;;;10471.5;36940.0
-2;471400;ASH_COATED_OSMIUM;9994;14;9992;22;;;10010;14;;;;;10002.0;8441.0
-2;471400;INTARIAN_PEPPER_ROOT;10466;9;;;;;10477;9;10480;21;;;10471.5;36940.0
-2;471500;ASH_COATED_OSMIUM;9994;10;;;;;10013;30;;;;;10003.5;8412.5
-2;471500;INTARIAN_PEPPER_ROOT;;;;;;;10468;3;10480;24;;;10468.0;36660.0
-2;471600;ASH_COATED_OSMIUM;9995;12;;;;;10004;4;10011;12;10013;28;9999.5;8488.5
-2;471600;INTARIAN_PEPPER_ROOT;10466;11;10463;22;;;10480;22;;;;;10473.0;37060.0
-2;471700;ASH_COATED_OSMIUM;;;;;;;10010;10;10013;25;;;10010.0;8289.0
-2;471700;INTARIAN_PEPPER_ROOT;10466;9;;;;;10480;22;;;;;10473.0;37060.0
-2;471800;ASH_COATED_OSMIUM;9994;11;9992;29;;;10010;11;10013;29;;;10002.0;8441.0
-2;471800;INTARIAN_PEPPER_ROOT;10466;8;10463;22;;;10478;8;;;;;10472.0;36980.0
-2;471900;ASH_COATED_OSMIUM;9995;15;;;;;;;;;;;9995.0;8574.0
-2;471900;INTARIAN_PEPPER_ROOT;10466;11;;;;;10478;11;10480;24;;;10472.0;36980.0
-2;472000;ASH_COATED_OSMIUM;9994;13;9992;26;;;10010;13;10013;26;;;10002.0;8441.0
-2;472000;INTARIAN_PEPPER_ROOT;;;;;;;10480;25;;;;;10480.0;37620.0
-2;472100;ASH_COATED_OSMIUM;9992;27;;;;;10000;6;;;;;9996.0;8531.0
-2;472100;INTARIAN_PEPPER_ROOT;10466;8;10464;15;;;10478;8;10480;15;;;10472.0;36980.0
-2;472200;ASH_COATED_OSMIUM;9999;3;9994;14;9991;25;10012;25;;;;;10005.5;8407.5
-2;472200;INTARIAN_PEPPER_ROOT;10466;8;10464;17;;;10478;8;10481;17;;;10472.0;36980.0
-2;472300;ASH_COATED_OSMIUM;9994;13;9991;23;;;10010;13;10012;23;;;10002.0;8453.0
-2;472300;INTARIAN_PEPPER_ROOT;10467;10;10464;18;;;10478;10;10481;18;;;10472.5;37020.0
-2;472400;ASH_COATED_OSMIUM;9994;10;9991;22;;;10010;10;10012;22;;;10002.0;8453.0
-2;472400;INTARIAN_PEPPER_ROOT;10467;8;;;;;10481;19;;;;;10474.0;37140.0
-2;472500;ASH_COATED_OSMIUM;9994;12;9991;20;;;10010;12;10012;20;;;10002.0;8488.0
-2;472500;INTARIAN_PEPPER_ROOT;10467;8;10464;21;;;10478;8;10481;21;;;10472.5;37020.0
-2;472600;ASH_COATED_OSMIUM;9994;15;9991;30;;;10010;15;10012;30;;;10002.0;8488.0
-2;472600;INTARIAN_PEPPER_ROOT;;;;;;;10478;9;10481;15;;;10478.0;37460.0
-2;472700;ASH_COATED_OSMIUM;9994;15;9992;24;;;10010;15;10013;24;;;10002.0;8488.0
-2;472700;INTARIAN_PEPPER_ROOT;10467;11;10464;18;;;10478;11;10481;18;;;10472.5;37020.0
-2;472800;ASH_COATED_OSMIUM;9994;11;9991;27;;;10012;27;;;;;10003.0;8480.0
-2;472800;INTARIAN_PEPPER_ROOT;10467;12;10464;21;;;10479;12;;;;;10473.0;37060.0
-2;472900;ASH_COATED_OSMIUM;9994;11;9991;28;;;10012;28;;;;;10003.0;8480.0
-2;472900;INTARIAN_PEPPER_ROOT;10467;10;10465;24;;;10479;10;10481;24;;;10473.0;37060.0
-2;473000;ASH_COATED_OSMIUM;9994;12;;;;;10010;12;10012;23;;;10002.0;8523.0
-2;473000;INTARIAN_PEPPER_ROOT;;;;;;;10479;9;10481;16;;;10479.0;37540.0
-2;473100;ASH_COATED_OSMIUM;9994;12;9992;26;;;10010;12;10013;26;;;10002.0;8523.0
-2;473100;INTARIAN_PEPPER_ROOT;10467;11;10465;18;;;10479;11;10481;18;;;10473.0;37060.0
-2;473200;ASH_COATED_OSMIUM;9994;14;9992;22;;;;;;;;;9994.0;8627.0
-2;473200;INTARIAN_PEPPER_ROOT;10467;10;10465;22;;;10479;10;10482;22;;;10473.0;37060.0
-2;473300;ASH_COATED_OSMIUM;9994;10;9992;27;;;10010;10;10013;27;;;10002.0;8523.0
-2;473300;INTARIAN_PEPPER_ROOT;10465;21;;;;;10479;11;10482;21;;;10472.0;36980.0
-2;473400;ASH_COATED_OSMIUM;9994;15;9991;20;;;10010;15;;;;;10002.0;8523.0
-2;473400;INTARIAN_PEPPER_ROOT;10468;10;10465;19;;;10475;12;10479;10;;;10471.5;36940.0
-2;473500;ASH_COATED_OSMIUM;9994;14;9991;28;;;10010;14;10012;28;;;10002.0;8523.0
-2;473500;INTARIAN_PEPPER_ROOT;10468;12;10465;15;;;10479;12;10482;15;;;10473.5;37100.0
-2;473600;ASH_COATED_OSMIUM;9994;12;9992;25;;;10010;12;10013;25;;;10002.0;8523.0
-2;473600;INTARIAN_PEPPER_ROOT;10465;16;;;;;10479;11;10482;16;;;10472.0;36980.0
-2;473700;ASH_COATED_OSMIUM;9994;13;;;;;10000;7;10010;13;10013;27;9997.0;8567.0
-2;473700;INTARIAN_PEPPER_ROOT;10468;8;10465;19;;;10479;8;10482;19;;;10473.5;37100.0
-2;473800;ASH_COATED_OSMIUM;9994;13;9992;23;;;10013;23;;;;;10003.5;8528.0
-2;473800;INTARIAN_PEPPER_ROOT;10468;9;;;;;10480;9;;;;;10474.0;37140.0
-2;473900;ASH_COATED_OSMIUM;9995;14;;;;;10011;14;;;;;10003.0;8531.0
-2;473900;INTARIAN_PEPPER_ROOT;10468;11;;;;;10482;16;;;;;10475.0;37220.0
-2;474000;ASH_COATED_OSMIUM;9995;10;9992;29;;;10011;10;10013;29;;;10003.0;8531.0
-2;474000;INTARIAN_PEPPER_ROOT;10468;9;10466;18;;;10480;9;10482;18;;;10474.0;37140.0
-2;474100;ASH_COATED_OSMIUM;9999;4;9994;11;9991;23;10010;11;10012;23;;;10004.5;8522.0
-2;474100;INTARIAN_PEPPER_ROOT;10468;12;10466;16;;;10480;12;10482;16;;;10474.0;37140.0
-2;474200;ASH_COATED_OSMIUM;9991;30;;;;;10012;30;;;;;10001.5;8540.0
-2;474200;INTARIAN_PEPPER_ROOT;10468;10;10466;23;;;10480;10;;;;;10474.0;37140.0
-2;474300;ASH_COATED_OSMIUM;9994;11;9991;29;;;10010;11;10012;29;;;10002.0;8537.0
-2;474300;INTARIAN_PEPPER_ROOT;10469;12;10466;24;;;10480;12;10483;24;;;10474.5;37180.0
-2;474400;ASH_COATED_OSMIUM;9993;13;9991;28;;;10009;13;10012;28;;;10001.0;8543.0
-2;474400;INTARIAN_PEPPER_ROOT;10466;16;;;;;10480;12;10483;16;;;10473.0;37060.0
-2;474500;ASH_COATED_OSMIUM;9993;13;9990;30;;;10009;13;10011;30;;;10001.0;8543.0
-2;474500;INTARIAN_PEPPER_ROOT;10469;12;10466;23;;;10480;12;10483;23;;;10474.5;37180.0
-2;474600;ASH_COATED_OSMIUM;9990;27;;;;;10009;10;;;;;9999.5;8552.0
-2;474600;INTARIAN_PEPPER_ROOT;10469;8;10466;18;;;10480;8;10483;18;;;10474.5;37180.0
-2;474700;ASH_COATED_OSMIUM;9993;10;9990;20;;;10011;20;;;;;10002.0;8537.0
-2;474700;INTARIAN_PEPPER_ROOT;10469;11;;;;;10480;11;10483;24;;;10474.5;37180.0
-2;474800;ASH_COATED_OSMIUM;9993;15;9990;27;;;10011;27;;;;;10002.0;8537.0
-2;474800;INTARIAN_PEPPER_ROOT;10469;12;10466;23;;;10483;23;;;;;10476.0;37300.0
-2;474900;ASH_COATED_OSMIUM;9993;10;;;;;10011;30;;;;;10002.0;8537.0
-2;474900;INTARIAN_PEPPER_ROOT;10469;8;10467;24;;;10481;8;10483;24;;;10475.0;37220.0
-2;475000;ASH_COATED_OSMIUM;9991;28;;;;;10010;12;10012;28;;;10000.5;8546.0
-2;475000;INTARIAN_PEPPER_ROOT;10469;9;10467;19;;;10471;5;10481;9;10483;19;10470.0;36820.0
-2;475100;ASH_COATED_OSMIUM;9994;12;9991;23;;;10010;12;10012;23;;;10002.0;8537.0
-2;475100;INTARIAN_PEPPER_ROOT;10469;8;10467;15;;;10483;15;;;;;10476.0;37300.0
-2;475200;ASH_COATED_OSMIUM;9994;15;9991;25;;;10010;15;10012;25;;;10002.0;8537.0
-2;475200;INTARIAN_PEPPER_ROOT;10469;12;10467;25;;;10481;12;10484;25;;;10475.0;37220.0
-2;475300;ASH_COATED_OSMIUM;9994;14;9991;21;;;;;;;;;9994.0;8585.0
-2;475300;INTARIAN_PEPPER_ROOT;10470;10;10467;19;;;10472;5;10481;10;;;10471.0;36900.0
-2;475400;ASH_COATED_OSMIUM;9994;13;9992;29;;;10010;13;10013;29;;;10002.0;8537.0
-2;475400;INTARIAN_PEPPER_ROOT;10470;12;10467;25;;;10481;12;10484;25;;;10475.5;37260.0
-2;475500;ASH_COATED_OSMIUM;9993;13;9991;23;;;10009;13;10012;23;;;10001.0;8543.0
-2;475500;INTARIAN_PEPPER_ROOT;10470;9;10467;15;;;10481;9;10484;15;;;10475.5;37260.0
-2;475600;ASH_COATED_OSMIUM;9993;13;9991;20;;;10012;20;;;;;10002.5;8534.0
-2;475600;INTARIAN_PEPPER_ROOT;10470;8;10467;19;;;10481;8;10484;19;;;10475.5;37260.0
-2;475700;ASH_COATED_OSMIUM;9993;11;9991;22;;;10009;11;10012;22;;;10001.0;8543.0
-2;475700;INTARIAN_PEPPER_ROOT;10470;9;10467;24;;;10484;24;;;;;10477.0;37380.0
-2;475800;ASH_COATED_OSMIUM;9993;11;9991;27;;;10009;11;;;;;10001.0;8543.0
-2;475800;INTARIAN_PEPPER_ROOT;10470;11;;;;;10482;11;10484;20;;;10476.0;37300.0
-2;475900;ASH_COATED_OSMIUM;9991;25;;;;;10009;13;;;;;10000.0;8589.0
-2;475900;INTARIAN_PEPPER_ROOT;10470;11;10468;19;;;10482;11;10484;19;;;10476.0;37300.0
-2;476000;ASH_COATED_OSMIUM;9991;25;;;;;10009;15;;;;;10000.0;8589.0
-2;476000;INTARIAN_PEPPER_ROOT;10470;12;10468;20;;;10482;12;10484;20;;;10476.0;37300.0
-2;476100;ASH_COATED_OSMIUM;9993;14;9991;30;;;10009;14;10012;30;;;10001.0;8578.0
-2;476100;INTARIAN_PEPPER_ROOT;10470;12;;;;;10482;12;;;;;10476.0;37300.0
-2;476200;ASH_COATED_OSMIUM;9994;15;9991;28;;;10010;15;;;;;10002.0;8567.0
-2;476200;INTARIAN_PEPPER_ROOT;10470;9;10468;15;;;10482;9;10485;15;;;10476.0;37300.0
-2;476300;ASH_COATED_OSMIUM;9991;25;;;;;10003;2;10010;12;10012;25;9997.0;8622.0
-2;476300;INTARIAN_PEPPER_ROOT;10471;11;10468;25;;;10482;11;;;;;10476.5;37340.0
-2;476400;ASH_COATED_OSMIUM;9993;10;9991;20;;;10009;10;10012;20;;;10001.0;8578.0
-2;476400;INTARIAN_PEPPER_ROOT;10471;8;10468;19;;;10482;8;10485;19;;;10476.5;37340.0
-2;476500;ASH_COATED_OSMIUM;9994;15;9991;21;;;10010;15;10012;21;;;10002.0;8567.0
-2;476500;INTARIAN_PEPPER_ROOT;10471;8;10468;20;;;10482;8;10485;20;;;10476.5;37340.0
-2;476600;ASH_COATED_OSMIUM;9994;11;9991;27;;;10010;11;10012;27;;;10002.0;8567.0
-2;476600;INTARIAN_PEPPER_ROOT;10468;19;;;;;10482;9;10485;19;;;10475.0;37220.0
-2;476700;ASH_COATED_OSMIUM;9994;12;9991;20;;;10012;20;;;;;10003.0;8556.0
-2;476700;INTARIAN_PEPPER_ROOT;10468;21;;;;;10473;6;10482;9;10485;21;10470.5;36860.0
-2;476800;ASH_COATED_OSMIUM;9994;10;9992;26;;;10010;10;10013;26;;;10002.0;8567.0
-2;476800;INTARIAN_PEPPER_ROOT;10471;8;10468;24;;;10483;8;10485;24;;;10477.0;37380.0
-2;476900;ASH_COATED_OSMIUM;9994;15;9991;21;;;10010;15;10012;21;;;10002.0;8567.0
-2;476900;INTARIAN_PEPPER_ROOT;10469;24;;;;;10485;24;;;;;10477.0;37380.0
-2;477000;ASH_COATED_OSMIUM;9994;13;9991;23;;;9999;6;10010;13;;;9996.5;8612.5
-2;477000;INTARIAN_PEPPER_ROOT;10471;10;10469;16;;;10483;10;;;;;10477.0;37380.0
-2;477100;ASH_COATED_OSMIUM;9994;10;9992;29;;;10010;10;10013;29;;;10002.0;8585.0
-2;477100;INTARIAN_PEPPER_ROOT;10471;11;;;;;10483;11;10485;20;;;10477.0;37380.0
-2;477200;ASH_COATED_OSMIUM;9994;13;9992;30;;;10010;13;;;;;10002.0;8585.0
-2;477200;INTARIAN_PEPPER_ROOT;10471;8;10469;24;;;10483;8;;;;;10477.0;37380.0
-2;477300;ASH_COATED_OSMIUM;9994;10;9992;28;;;10010;10;10013;28;;;10002.0;8585.0
-2;477300;INTARIAN_PEPPER_ROOT;10472;11;10469;23;;;10486;23;;;;;10479.0;37540.0
-2;477400;ASH_COATED_OSMIUM;9992;21;;;;;10010;15;10013;21;;;10001.0;8590.0
-2;477400;INTARIAN_PEPPER_ROOT;10472;10;10469;15;;;10483;10;10486;15;;;10477.5;37420.0
-2;477500;ASH_COATED_OSMIUM;9994;14;9992;25;;;10010;14;10013;25;;;10002.0;8585.0
-2;477500;INTARIAN_PEPPER_ROOT;10472;12;;;;;10486;21;;;;;10479.0;37540.0
-2;477600;ASH_COATED_OSMIUM;9995;15;9992;25;;;10011;15;10013;25;;;10003.0;8580.0
-2;477600;INTARIAN_PEPPER_ROOT;10472;11;;;;;10483;11;;;;;10477.5;37420.0
-2;477700;ASH_COATED_OSMIUM;9993;21;;;;;10011;15;;;;;10002.0;8585.0
-2;477700;INTARIAN_PEPPER_ROOT;10472;12;;;;;;;;;;;10472.0;36980.0
-2;477800;ASH_COATED_OSMIUM;9995;12;9992;24;;;10004;3;10011;12;;;9999.5;8597.5
-2;477800;INTARIAN_PEPPER_ROOT;10472;8;10469;21;;;10484;8;10486;21;;;10478.0;37460.0
-2;477900;ASH_COATED_OSMIUM;9995;12;9993;27;;;10011;12;10014;27;;;10003.0;8580.0
-2;477900;INTARIAN_PEPPER_ROOT;10472;12;10470;15;;;10486;15;;;;;10479.0;37540.0
-2;478000;ASH_COATED_OSMIUM;9995;15;9993;28;;;10014;28;;;;;10004.5;8572.5
-2;478000;INTARIAN_PEPPER_ROOT;10470;19;;;;;10484;11;10486;19;;;10477.0;37380.0
-2;478100;ASH_COATED_OSMIUM;9996;13;;;;;10012;13;10014;26;;;10004.0;8575.0
-2;478100;INTARIAN_PEPPER_ROOT;10470;16;;;;;10486;16;;;;;10478.0;37460.0
-2;478200;ASH_COATED_OSMIUM;9996;13;9993;28;;;;;;;;;9996.0;8615.0
-2;478200;INTARIAN_PEPPER_ROOT;10481;6;10472;11;10470;17;10484;11;10487;17;;;10482.5;37820.0
-2;478300;ASH_COATED_OSMIUM;9996;13;;;;;10012;13;10014;28;;;10004.0;8575.0
-2;478300;INTARIAN_PEPPER_ROOT;10473;12;10470;19;;;10487;19;;;;;10480.0;37620.0
-2;478400;ASH_COATED_OSMIUM;9995;14;9993;28;;;10011;14;;;;;10003.0;8580.0
-2;478400;INTARIAN_PEPPER_ROOT;10473;9;10470;18;;;10484;9;10487;18;;;10478.5;37500.0
-2;478500;ASH_COATED_OSMIUM;9995;13;9992;24;;;10011;13;10013;24;;;10003.0;8580.0
-2;478500;INTARIAN_PEPPER_ROOT;10470;24;;;;;10487;24;;;;;10478.5;37500.0
-2;478600;ASH_COATED_OSMIUM;9995;15;;;;;10011;15;10013;30;;;10003.0;8580.0
-2;478600;INTARIAN_PEPPER_ROOT;10473;11;10470;24;;;10487;24;;;;;10480.0;37620.0
-2;478700;ASH_COATED_OSMIUM;9995;10;;;;;10011;10;10013;28;;;10003.0;8580.0
-2;478700;INTARIAN_PEPPER_ROOT;10470;17;;;;;10484;9;10487;17;;;10477.0;37380.0
-2;478800;ASH_COATED_OSMIUM;9995;15;9993;23;;;;;;;;;9995.0;8620.0
-2;478800;INTARIAN_PEPPER_ROOT;10473;12;10470;20;;;10485;12;10487;20;;;10479.0;37540.0
-2;478900;ASH_COATED_OSMIUM;9995;15;;;;;10011;15;10013;20;;;10003.0;8580.0
-2;478900;INTARIAN_PEPPER_ROOT;10473;8;10471;22;;;10485;8;10487;22;;;10479.0;37540.0
-2;479000;ASH_COATED_OSMIUM;9991;24;;;;;10012;24;;;;;10001.5;8606.5
-2;479000;INTARIAN_PEPPER_ROOT;10473;8;10471;20;;;10487;20;;;;;10480.0;37620.0
-2;479100;ASH_COATED_OSMIUM;9994;12;9992;30;;;10013;30;;;;;10003.5;8600.5
-2;479100;INTARIAN_PEPPER_ROOT;10473;10;10471;15;;;10485;10;10487;15;;;10479.0;37540.0
-2;479200;ASH_COATED_OSMIUM;;;;;;;10013;30;;;;;10013.0;8572.0
-2;479200;INTARIAN_PEPPER_ROOT;10473;10;10471;24;;;10485;10;;;;;10479.0;37540.0
-2;479300;ASH_COATED_OSMIUM;9994;12;9992;24;;;10010;12;10013;24;;;10002.0;8605.0
-2;479300;INTARIAN_PEPPER_ROOT;10474;8;10471;23;;;10485;8;;;;;10479.5;37580.0
-2;479400;ASH_COATED_OSMIUM;9994;12;9992;27;;;10000;8;10010;12;10013;27;9997.0;8596.0
-2;479400;INTARIAN_PEPPER_ROOT;10474;9;10471;21;;;10488;21;;;;;10481.0;37700.0
-2;479500;ASH_COATED_OSMIUM;9994;11;9992;24;;;10010;11;;;;;10002.0;8649.0
-2;479500;INTARIAN_PEPPER_ROOT;10474;10;;;;;10485;10;10488;20;;;10479.5;37580.0
-2;479600;ASH_COATED_OSMIUM;9994;11;9992;25;;;10010;11;10013;25;;;10002.0;8649.0
-2;479600;INTARIAN_PEPPER_ROOT;10474;11;10471;22;;;10485;11;10488;22;;;10479.5;37580.0
-2;479700;ASH_COATED_OSMIUM;9992;30;;;;;10013;30;;;;;10002.5;8649.5
-2;479700;INTARIAN_PEPPER_ROOT;10474;11;;;;;10485;11;10488;17;;;10479.5;37580.0
-2;479800;ASH_COATED_OSMIUM;9994;14;;;;;10010;14;10012;23;;;10002.0;8649.0
-2;479800;INTARIAN_PEPPER_ROOT;10474;10;10471;19;;;10486;10;10488;19;;;10480.0;37620.0
-2;479900;ASH_COATED_OSMIUM;9992;28;;;;;10010;12;;;;;10001.0;8648.0
-2;479900;INTARIAN_PEPPER_ROOT;;;;;;;10488;19;;;;;10488.0;38260.0
-2;480000;ASH_COATED_OSMIUM;9994;10;9992;26;;;10010;10;10013;26;;;10002.0;8649.0
-2;480000;INTARIAN_PEPPER_ROOT;10472;17;;;;;10486;10;10488;17;;;10479.0;37540.0
-2;480100;ASH_COATED_OSMIUM;9991;30;;;;;10010;15;10012;30;;;10000.5;8647.5
-2;480100;INTARIAN_PEPPER_ROOT;10474;9;10472;23;;;10488;23;;;;;10481.0;37700.0
-2;480200;ASH_COATED_OSMIUM;9994;11;9991;27;;;10010;11;10012;27;;;10002.0;8649.0
-2;480200;INTARIAN_PEPPER_ROOT;10474;10;10472;25;;;10486;10;10489;25;;;10480.0;37620.0
-2;480300;ASH_COATED_OSMIUM;9994;13;9992;21;;;10010;13;10013;21;;;10002.0;8649.0
-2;480300;INTARIAN_PEPPER_ROOT;10472;15;;;;;10489;15;;;;;10480.5;37660.0
-2;480400;ASH_COATED_OSMIUM;9994;13;;;;;10010;13;10013;26;;;10002.0;8649.0
-2;480400;INTARIAN_PEPPER_ROOT;10475;10;;;;;10486;10;10489;22;;;10480.5;37660.0
-2;480500;ASH_COATED_OSMIUM;;;;;;;10013;24;;;;;10013.0;8660.0
-2;480500;INTARIAN_PEPPER_ROOT;10475;8;;;;;10486;8;;;;;10480.5;37660.0
-2;480600;ASH_COATED_OSMIUM;9994;11;9991;20;;;10010;11;10012;20;;;10002.0;8649.0
-2;480600;INTARIAN_PEPPER_ROOT;10475;10;10472;17;;;10486;10;10489;17;;;10480.5;37660.0
-2;480700;ASH_COATED_OSMIUM;9993;12;9991;26;;;10009;12;;;;;10001.0;8648.0
-2;480700;INTARIAN_PEPPER_ROOT;10472;18;;;;;10486;12;10489;18;;;10479.0;37540.0
-2;480800;ASH_COATED_OSMIUM;9994;10;9992;20;;;10010;10;10013;20;;;10002.0;8649.0
-2;480800;INTARIAN_PEPPER_ROOT;10475;9;10472;18;;;10487;9;10489;18;;;10481.0;37700.0
-2;480900;ASH_COATED_OSMIUM;9991;29;;;;;10010;11;;;;;10000.5;8647.5
-2;480900;INTARIAN_PEPPER_ROOT;10475;12;10473;25;;;10487;12;10489;25;;;10481.0;37700.0
-2;481000;ASH_COATED_OSMIUM;9994;15;;;;;;;;;;;9994.0;8641.0
-2;481000;INTARIAN_PEPPER_ROOT;10475;11;10473;18;;;10487;11;10489;18;;;10481.0;37700.0
-2;481100;ASH_COATED_OSMIUM;9995;14;9992;22;;;10011;14;10013;22;;;10003.0;8671.0
-2;481100;INTARIAN_PEPPER_ROOT;10475;11;10473;20;;;10487;11;10489;20;;;10481.0;37700.0
-2;481200;ASH_COATED_OSMIUM;9994;12;;;;;10010;12;10013;30;;;10002.0;8667.0
-2;481200;INTARIAN_PEPPER_ROOT;10475;11;10473;21;;;10487;11;10490;21;;;10481.0;37700.0
-2;481300;ASH_COATED_OSMIUM;9994;10;9992;29;;;10010;10;10013;29;;;10002.0;8667.0
-2;481300;INTARIAN_PEPPER_ROOT;10476;10;10473;25;;;10490;25;;;;;10483.0;37860.0
-2;481400;ASH_COATED_OSMIUM;9994;14;9991;29;;;10010;14;10012;29;;;10002.0;8709.0
-2;481400;INTARIAN_PEPPER_ROOT;10476;10;10473;24;;;10487;10;10490;24;;;10481.5;37740.0
-2;481500;ASH_COATED_OSMIUM;9993;15;9991;21;;;10009;15;10012;21;;;10001.0;8699.0
-2;481500;INTARIAN_PEPPER_ROOT;10476;9;10473;24;;;10487;9;10490;24;;;10481.5;37740.0
-2;481600;ASH_COATED_OSMIUM;9993;15;;;;;9999;9;10009;15;;;9996.0;8622.0
-2;481600;INTARIAN_PEPPER_ROOT;10476;10;10473;18;;;;;;;;;10476.0;37300.0
-2;481700;ASH_COATED_OSMIUM;9994;14;9991;30;;;10010;14;10012;30;;;10002.0;8736.0
-2;481700;INTARIAN_PEPPER_ROOT;10476;8;;;;;10490;20;;;;;10483.0;37860.0
-2;481800;ASH_COATED_OSMIUM;9993;10;9991;24;;;10012;24;;;;;10002.5;8745.5
-2;481800;INTARIAN_PEPPER_ROOT;10476;11;10473;18;;;10488;11;10490;18;;;10482.0;37780.0
-2;481900;ASH_COATED_OSMIUM;;;;;;;10009;10;10012;30;;;10009.0;8869.0
-2;481900;INTARIAN_PEPPER_ROOT;10485;5;10476;12;;;10488;12;10490;18;;;10486.5;38140.0
-2;482000;ASH_COATED_OSMIUM;;;;;;;;;;;;;0.0;-181302.0
-2;482000;INTARIAN_PEPPER_ROOT;10476;8;;;;;10488;8;10490;25;;;10482.0;37780.0
-2;482100;ASH_COATED_OSMIUM;9993;12;;;;;10003;4;;;;;9998.0;8660.0
-2;482100;INTARIAN_PEPPER_ROOT;10476;8;;;;;10488;8;10490;21;;;10482.0;37780.0
-2;482200;ASH_COATED_OSMIUM;9993;12;;;;;10009;12;10011;20;;;10001.0;8717.0
-2;482200;INTARIAN_PEPPER_ROOT;10476;12;10474;23;;;10491;23;;;;;10483.5;37900.0
-2;482300;ASH_COATED_OSMIUM;9990;22;;;;;10011;22;;;;;10000.5;8707.5
-2;482300;INTARIAN_PEPPER_ROOT;10477;10;10474;20;;;10488;10;10491;20;;;10482.5;37820.0
-2;482400;ASH_COATED_OSMIUM;9993;15;9991;23;;;10009;15;10012;23;;;10001.0;8717.0
-2;482400;INTARIAN_PEPPER_ROOT;10474;21;;;;;10488;9;10491;21;;;10481.0;37700.0
-2;482500;ASH_COATED_OSMIUM;9993;14;9990;29;;;10009;14;10011;29;;;10001.0;8717.0
-2;482500;INTARIAN_PEPPER_ROOT;10474;25;;;;;10488;8;10491;25;;;10481.0;37700.0
-2;482600;ASH_COATED_OSMIUM;9993;13;;;;;10009;13;10012;25;;;10001.0;8717.0
-2;482600;INTARIAN_PEPPER_ROOT;10477;8;;;;;10491;17;;;;;10484.0;37940.0
-2;482700;ASH_COATED_OSMIUM;9992;10;;;;;10011;29;;;;;10001.5;8726.5
-2;482700;INTARIAN_PEPPER_ROOT;10477;12;10474;16;;;10491;16;;;;;10484.0;37940.0
-2;482800;ASH_COATED_OSMIUM;9992;12;9990;23;;;10008;12;;;;;10000.0;8698.0
-2;482800;INTARIAN_PEPPER_ROOT;10477;12;10474;18;;;10489;12;10491;18;;;10483.0;37860.0
-2;482900;ASH_COATED_OSMIUM;9990;26;;;;;10011;26;;;;;10000.5;8707.5
-2;482900;INTARIAN_PEPPER_ROOT;10477;11;;;;;10489;11;10491;24;;;10483.0;37860.0
-2;483000;ASH_COATED_OSMIUM;9992;12;9990;21;;;10008;12;10011;21;;;10000.0;8698.0
-2;483000;INTARIAN_PEPPER_ROOT;10477;12;10475;18;;;10489;12;10491;18;;;10483.0;37860.0
-2;483100;ASH_COATED_OSMIUM;;;;;;;10011;25;;;;;10011.0;8907.0
-2;483100;INTARIAN_PEPPER_ROOT;10477;8;10475;22;;;10491;22;;;;;10484.0;37940.0
-2;483200;ASH_COATED_OSMIUM;9993;13;9990;29;;;10011;29;;;;;10002.0;8760.0
-2;483200;INTARIAN_PEPPER_ROOT;10477;10;10475;25;;;10489;10;;;;;10483.0;37860.0
-2;483300;ASH_COATED_OSMIUM;9992;10;9990;23;;;10011;23;;;;;10001.5;8752.0
-2;483300;INTARIAN_PEPPER_ROOT;10478;8;10475;15;;;10492;15;;;;;10485.0;38020.0
-2;483400;ASH_COATED_OSMIUM;9992;10;9990;21;;;10008;10;10011;21;;;10000.0;8728.0
-2;483400;INTARIAN_PEPPER_ROOT;10478;9;10475;22;;;10492;22;;;;;10485.0;38020.0
-2;483500;ASH_COATED_OSMIUM;9992;13;;;;;10008;13;10011;25;;;10000.0;8728.0
-2;483500;INTARIAN_PEPPER_ROOT;10478;11;;;;;10489;11;10492;21;;;10483.5;37900.0
-2;483600;ASH_COATED_OSMIUM;9990;30;;;;;10009;15;10011;30;;;9999.5;8720.0
-2;483600;INTARIAN_PEPPER_ROOT;10475;16;;;;;10489;10;10492;16;;;10482.0;37780.0
-2;483700;ASH_COATED_OSMIUM;9993;15;9990;21;;;10009;15;10011;21;;;10001.0;8744.0
-2;483700;INTARIAN_PEPPER_ROOT;10478;11;10475;21;;;10492;21;;;;;10485.0;38020.0
-2;483800;ASH_COATED_OSMIUM;9993;15;9990;25;;;10011;25;;;;;10002.0;8760.0
-2;483800;INTARIAN_PEPPER_ROOT;10478;10;10475;15;;;10490;10;10492;15;;;10484.0;37940.0
-2;483900;ASH_COATED_OSMIUM;9992;11;9990;24;;;10008;11;10011;24;;;10000.0;8728.0
-2;483900;INTARIAN_PEPPER_ROOT;10478;8;10476;16;;;10490;8;10492;16;;;10484.0;37940.0
-2;484000;ASH_COATED_OSMIUM;;;;;;;10009;14;;;;;10009.0;8872.0
-2;484000;INTARIAN_PEPPER_ROOT;10478;11;10476;21;;;10490;11;10492;21;;;10484.0;37940.0
-2;484100;ASH_COATED_OSMIUM;9993;12;;;;;10009;12;;;;;10001.0;8744.0
-2;484100;INTARIAN_PEPPER_ROOT;10478;11;10476;25;;;10490;11;;;;;10484.0;37940.0
-2;484200;ASH_COATED_OSMIUM;9994;11;;;;;10012;20;;;;;10003.0;8776.0
-2;484200;INTARIAN_PEPPER_ROOT;10478;9;10476;25;;;10490;9;;;;;10484.0;37940.0
-2;484300;ASH_COATED_OSMIUM;;;;;;;10010;11;10012;26;;;10010.0;8888.0
-2;484300;INTARIAN_PEPPER_ROOT;10479;10;10476;21;;;;;;;;;10479.0;37540.0
-2;484400;ASH_COATED_OSMIUM;9993;13;9991;29;;;10009;13;10012;29;;;10001.0;8744.0
-2;484400;INTARIAN_PEPPER_ROOT;10476;20;;;;;10490;11;10493;20;;;10483.0;37860.0
-2;484500;ASH_COATED_OSMIUM;;;;;;;10009;12;10011;24;;;10009.0;8872.0
-2;484500;INTARIAN_PEPPER_ROOT;10479;8;10476;15;;;10490;8;;;;;10484.5;37980.0
-2;484600;ASH_COATED_OSMIUM;9993;15;9990;28;;;10009;15;10011;28;;;10001.0;8744.0
-2;484600;INTARIAN_PEPPER_ROOT;10476;21;;;;;10490;8;10493;21;;;10483.0;37860.0
-2;484700;ASH_COATED_OSMIUM;9992;12;9990;26;;;10008;12;10011;26;;;10000.0;8728.0
-2;484700;INTARIAN_PEPPER_ROOT;10476;16;;;;;10490;10;10493;16;;;10483.0;37860.0
-2;484800;ASH_COATED_OSMIUM;9993;12;9990;27;;;10009;12;10011;27;;;10001.0;8744.0
-2;484800;INTARIAN_PEPPER_ROOT;;;;;;;10493;21;;;;;10493.0;38660.0
-2;484900;ASH_COATED_OSMIUM;9993;12;;;;;10009;12;10011;23;;;10001.0;8744.0
-2;484900;INTARIAN_PEPPER_ROOT;;;;;;;10491;12;;;;;10491.0;38500.0
-2;485000;ASH_COATED_OSMIUM;9993;11;9990;22;;;10009;11;10011;22;;;10001.0;8744.0
-2;485000;INTARIAN_PEPPER_ROOT;10479;12;10477;15;;;10491;12;10493;15;;;10485.0;38020.0
-2;485100;ASH_COATED_OSMIUM;9993;13;9991;29;;;10009;13;10012;29;;;10001.0;8744.0
-2;485100;INTARIAN_PEPPER_ROOT;10477;16;;;;;10491;12;10493;16;;;10484.0;37940.0
-2;485200;ASH_COATED_OSMIUM;9993;14;;;;;10012;21;;;;;10002.5;8802.0
-2;485200;INTARIAN_PEPPER_ROOT;10479;8;10477;15;;;10491;8;10494;15;;;10485.0;38020.0
-2;485300;ASH_COATED_OSMIUM;9992;11;9990;20;;;10008;11;10011;20;;;10000.0;8772.0
-2;485300;INTARIAN_PEPPER_ROOT;10480;9;10477;25;;;10494;25;;;;;10487.0;38180.0
-2;485400;ASH_COATED_OSMIUM;9993;13;9990;29;;;10011;29;;;;;10002.0;8796.0
-2;485400;INTARIAN_PEPPER_ROOT;10477;21;;;;;10491;10;10494;21;;;10484.0;37940.0
-2;485500;ASH_COATED_OSMIUM;9990;24;;;;;10008;15;10011;24;;;9999.0;8760.0
-2;485500;INTARIAN_PEPPER_ROOT;10477;19;;;;;10491;8;10494;19;;;10484.0;37940.0
-2;485600;ASH_COATED_OSMIUM;9993;10;9990;22;;;10011;22;;;;;10002.0;8796.0
-2;485600;INTARIAN_PEPPER_ROOT;10477;21;;;;;10491;9;10494;21;;;10484.0;37940.0
-2;485700;ASH_COATED_OSMIUM;9992;13;9990;24;;;10008;13;;;;;10000.0;8772.0
-2;485700;INTARIAN_PEPPER_ROOT;10480;8;10477;18;;;10491;8;10494;18;;;10485.5;38060.0
-2;485800;ASH_COATED_OSMIUM;9992;14;;;;;10008;14;10011;27;;;10000.0;8772.0
-2;485800;INTARIAN_PEPPER_ROOT;10480;11;10477;25;;;10492;11;10494;25;;;10486.0;38100.0
-2;485900;ASH_COATED_OSMIUM;9992;13;9990;25;;;10008;13;;;;;10000.0;8772.0
-2;485900;INTARIAN_PEPPER_ROOT;10480;10;10478;20;;;10492;10;10494;20;;;10486.0;38100.0
-2;486000;ASH_COATED_OSMIUM;9992;10;9989;29;;;10008;10;10010;29;;;10000.0;8800.0
-2;486000;INTARIAN_PEPPER_ROOT;10478;20;;;;;10492;10;;;;;10485.0;38020.0
-2;486100;ASH_COATED_OSMIUM;9992;15;9989;30;;;10008;15;10010;30;;;10000.0;8800.0
-2;486100;INTARIAN_PEPPER_ROOT;10480;11;10478;22;;;10492;11;10494;22;;;10486.0;38100.0
-2;486200;ASH_COATED_OSMIUM;9992;15;9989;22;;;10010;22;;;;;10001.0;8816.0
-2;486200;INTARIAN_PEPPER_ROOT;10480;11;10478;20;;;;;;;;;10480.0;37620.0
-2;486300;ASH_COATED_OSMIUM;10001;9;9992;14;9989;21;10008;14;10010;21;;;10004.5;8840.5
-2;486300;INTARIAN_PEPPER_ROOT;10481;9;;;;;10492;9;10495;23;;;10486.5;38140.0
-2;486400;ASH_COATED_OSMIUM;9992;14;9989;25;;;10008;14;10010;25;;;10000.0;8809.0
-2;486400;INTARIAN_PEPPER_ROOT;10481;12;;;;;10492;12;10495;25;;;10486.5;38140.0
-2;486500;ASH_COATED_OSMIUM;9992;15;;;;;10008;15;10010;28;;;10000.0;8809.0
-2;486500;INTARIAN_PEPPER_ROOT;10481;12;10478;21;;;10492;12;10495;21;;;10486.5;38140.0
-2;486600;ASH_COATED_OSMIUM;9992;10;9990;23;;;10008;10;10011;23;;;10000.0;8809.0
-2;486600;INTARIAN_PEPPER_ROOT;10481;8;;;;;10495;16;;;;;10488.0;38260.0
-2;486700;ASH_COATED_OSMIUM;9992;13;9990;28;;;10008;13;10011;28;;;10000.0;8809.0
-2;486700;INTARIAN_PEPPER_ROOT;10481;12;10478;16;;;10492;12;10495;16;;;10486.5;38140.0
-2;486800;ASH_COATED_OSMIUM;9992;13;;;;;10008;13;;;;;10000.0;8809.0
-2;486800;INTARIAN_PEPPER_ROOT;10481;9;;;;;10483;6;10493;9;10495;20;10482.0;37780.0
-2;486900;ASH_COATED_OSMIUM;9990;30;;;;;10011;30;;;;;10000.5;8812.5
-2;486900;INTARIAN_PEPPER_ROOT;10481;10;10479;24;;;10493;10;10495;24;;;10487.0;38180.0
-2;487000;ASH_COATED_OSMIUM;9997;2;9989;25;;;;;;;;;9997.0;8788.0
-2;487000;INTARIAN_PEPPER_ROOT;10481;8;10479;24;;;10493;8;10495;24;;;10487.0;38180.0
-2;487100;ASH_COATED_OSMIUM;9992;11;;;;;10010;22;;;;;10001.0;8816.0
-2;487100;INTARIAN_PEPPER_ROOT;10479;19;;;;;10493;9;10495;19;;;10486.0;38100.0
-2;487200;ASH_COATED_OSMIUM;9992;10;9989;20;;;10008;10;10010;20;;;10000.0;8809.0
-2;487200;INTARIAN_PEPPER_ROOT;10481;8;10479;19;;;10496;19;;;;;10488.5;38300.0
-2;487300;ASH_COATED_OSMIUM;9991;14;9989;22;;;10007;14;10010;22;;;9999.0;8802.0
-2;487300;INTARIAN_PEPPER_ROOT;10482;12;10479;17;;;10493;12;10496;17;;;10487.5;38220.0
-2;487400;ASH_COATED_OSMIUM;9991;14;9989;27;;;10010;27;;;;;10000.5;8812.5
-2;487400;INTARIAN_PEPPER_ROOT;10482;10;10479;22;;;10493;10;10496;22;;;10487.5;38220.0
-2;487500;ASH_COATED_OSMIUM;9991;11;;;;;10007;11;10009;27;;;9999.0;8802.0
-2;487500;INTARIAN_PEPPER_ROOT;10479;17;;;;;10493;11;;;;;10486.0;38100.0
-2;487600;ASH_COATED_OSMIUM;9988;25;;;;;10007;11;10009;25;;;9997.5;8791.5
-2;487600;INTARIAN_PEPPER_ROOT;10482;11;10479;19;;;10496;19;;;;;10489.0;38340.0
-2;487700;ASH_COATED_OSMIUM;9991;15;9988;30;;;10009;30;;;;;10000.0;8809.0
-2;487700;INTARIAN_PEPPER_ROOT;10482;8;10479;21;;;10496;21;;;;;10489.0;38340.0
-2;487800;ASH_COATED_OSMIUM;9990;13;9988;28;;;10006;13;10009;28;;;9998.0;8795.0
-2;487800;INTARIAN_PEPPER_ROOT;10482;11;10479;22;;;10494;11;10496;22;;;10488.0;38260.0
-2;487900;ASH_COATED_OSMIUM;9991;10;9988;20;;;10007;10;;;;;9999.0;8802.0
-2;487900;INTARIAN_PEPPER_ROOT;10482;10;10480;19;;;10494;10;10496;19;;;10488.0;38260.0
-2;488000;ASH_COATED_OSMIUM;9996;5;9990;15;;;10006;15;10009;24;;;10001.0;8816.0
-2;488000;INTARIAN_PEPPER_ROOT;10482;11;10480;25;;;10490;6;10494;11;10496;25;10486.0;38100.0
-2;488100;ASH_COATED_OSMIUM;;;;;;;10006;15;10009;22;;;10006.0;8851.0
-2;488100;INTARIAN_PEPPER_ROOT;10482;10;;;;;10494;10;10496;18;;;10488.0;38260.0
-2;488200;ASH_COATED_OSMIUM;9990;15;9987;23;;;;;;;;;9990.0;8739.0
-2;488200;INTARIAN_PEPPER_ROOT;;;;;;;10497;21;;;;;10497.0;38980.0
-2;488300;ASH_COATED_OSMIUM;9990;10;9987;25;;;10006;10;10008;25;;;9998.0;8795.0
-2;488300;INTARIAN_PEPPER_ROOT;10483;8;10480;16;;;;;;;;;10483.0;37860.0
-2;488400;ASH_COATED_OSMIUM;9989;14;;;;;10008;22;;;;;9998.5;8798.5
-2;488400;INTARIAN_PEPPER_ROOT;10483;10;10480;22;;;10497;22;;;;;10490.0;38420.0
-2;488500;ASH_COATED_OSMIUM;9989;14;;;;;10005;14;10008;30;;;9997.0;8788.0
-2;488500;INTARIAN_PEPPER_ROOT;10483;9;10480;22;;;10497;22;;;;;10490.0;38420.0
-2;488600;ASH_COATED_OSMIUM;9990;10;9987;30;;;10006;10;10008;30;;;9998.0;8795.0
-2;488600;INTARIAN_PEPPER_ROOT;10483;8;10480;18;;;10494;8;;;;;10488.5;38300.0
-2;488700;ASH_COATED_OSMIUM;9999;9;9990;14;9987;29;10006;14;10008;29;;;10002.5;8795.0
-2;488700;INTARIAN_PEPPER_ROOT;10480;19;;;;;;;;;;;10480.0;37620.0
-2;488800;ASH_COATED_OSMIUM;;;;;;;10006;12;10008;30;;;10006.0;8788.0
-2;488800;INTARIAN_PEPPER_ROOT;10483;11;10480;15;;;10497;15;;;;;10490.0;38420.0
-2;488900;ASH_COATED_OSMIUM;9990;10;9987;28;;;10008;28;;;;;9999.0;8802.0
-2;488900;INTARIAN_PEPPER_ROOT;10483;12;;;;;10495;12;10497;20;;;10489.0;38340.0
-2;489000;ASH_COATED_OSMIUM;9989;11;9987;28;;;9999;4;10008;28;;;9994.0;8812.0
-2;489000;INTARIAN_PEPPER_ROOT;10483;8;10481;15;;;10495;8;10497;15;;;10489.0;38340.0
-2;489100;ASH_COATED_OSMIUM;9989;15;;;;;10008;25;;;;;9998.5;8803.0
-2;489100;INTARIAN_PEPPER_ROOT;10483;10;10481;19;;;10495;10;;;;;10489.0;38340.0
-2;489200;ASH_COATED_OSMIUM;9987;25;;;;;10008;25;;;;;9997.5;8805.0
-2;489200;INTARIAN_PEPPER_ROOT;10483;9;10481;25;;;10495;9;10498;25;;;10489.0;38340.0
-2;489300;ASH_COATED_OSMIUM;9989;13;9986;26;;;10005;13;10007;26;;;9997.0;8806.0
-2;489300;INTARIAN_PEPPER_ROOT;10484;9;10481;17;;;10495;9;10498;17;;;10489.5;38380.0
-2;489400;ASH_COATED_OSMIUM;9989;15;9986;22;;;9994;5;10005;15;10007;22;9991.5;8804.5
-2;489400;INTARIAN_PEPPER_ROOT;10481;17;;;;;10491;9;10495;11;;;10486.0;38100.0
-2;489500;ASH_COATED_OSMIUM;9986;20;;;;;10005;14;;;;;9995.5;8816.5
-2;489500;INTARIAN_PEPPER_ROOT;10487;7;10484;9;;;10495;9;10498;18;;;10491.0;38500.0
-2;489600;ASH_COATED_OSMIUM;9988;15;9986;23;;;10004;15;;;;;9996.0;8818.0
-2;489600;INTARIAN_PEPPER_ROOT;10484;12;10481;25;;;10486;6;10495;12;10498;25;10485.0;38020.0
-2;489700;ASH_COATED_OSMIUM;9988;10;9986;28;;;10004;10;10007;28;;;9996.0;8818.0
-2;489700;INTARIAN_PEPPER_ROOT;10484;8;10481;15;;;10495;8;10498;15;;;10489.5;38380.0
-2;489800;ASH_COATED_OSMIUM;9988;14;9986;24;;;10004;14;10007;24;;;9996.0;8818.0
-2;489800;INTARIAN_PEPPER_ROOT;10484;10;10481;21;;;10498;21;;;;;10491.0;38500.0
-2;489900;ASH_COATED_OSMIUM;9988;14;9985;21;;;;;;;;;9988.0;8794.0
-2;489900;INTARIAN_PEPPER_ROOT;10484;9;10482;15;;;10496;9;10498;15;;;10490.0;38420.0
-2;490000;ASH_COATED_OSMIUM;9988;10;9986;24;;;10004;10;10007;24;;;9996.0;8818.0
-2;490000;INTARIAN_PEPPER_ROOT;10484;8;10482;18;;;;;;;;;10484.0;37940.0
-2;490100;ASH_COATED_OSMIUM;9987;15;9985;20;;;10003;15;10006;20;;;9995.0;8815.0
-2;490100;INTARIAN_PEPPER_ROOT;10484;9;10482;20;;;10496;9;10498;20;;;10490.0;38420.0
-2;490200;ASH_COATED_OSMIUM;9988;15;9985;24;;;10004;15;;;;;9996.0;8818.0
-2;490200;INTARIAN_PEPPER_ROOT;10484;8;10482;25;;;10496;8;10499;25;;;10490.0;38420.0
-2;490300;ASH_COATED_OSMIUM;9988;13;9985;28;;;10004;13;10006;28;;;9996.0;8818.0
-2;490300;INTARIAN_PEPPER_ROOT;10485;12;10482;23;;;10496;12;;;;;10490.5;38460.0
-2;490400;ASH_COATED_OSMIUM;9988;13;9985;20;;;10006;20;;;;;9997.0;8821.0
-2;490400;INTARIAN_PEPPER_ROOT;10485;12;10482;22;;;10496;12;10499;22;;;10490.5;38460.0
-2;490500;ASH_COATED_OSMIUM;9988;10;9985;24;;;10004;10;10006;24;;;9996.0;8818.0
-2;490500;INTARIAN_PEPPER_ROOT;10485;12;10482;17;;;10496;12;10499;17;;;10490.5;38460.0
-2;490600;ASH_COATED_OSMIUM;9988;11;9985;21;;;10004;11;10006;21;;;9996.0;8818.0
-2;490600;INTARIAN_PEPPER_ROOT;10485;12;10482;25;;;10496;12;10499;25;;;10490.5;38460.0
-2;490700;ASH_COATED_OSMIUM;9988;13;9985;29;;;10006;29;;;;;9997.0;8821.0
-2;490700;INTARIAN_PEPPER_ROOT;10482;16;;;;;10496;12;10499;16;;;10489.0;38340.0
-2;490800;ASH_COATED_OSMIUM;9994;4;9988;13;9986;30;10004;13;10007;30;;;9999.0;8827.0
-2;490800;INTARIAN_PEPPER_ROOT;10485;11;10482;20;;;10497;11;10499;20;;;10491.0;38500.0
-2;490900;ASH_COATED_OSMIUM;9988;15;9986;30;;;10004;15;10007;30;;;9996.0;8818.0
-2;490900;INTARIAN_PEPPER_ROOT;10485;10;10483;22;;;10497;10;10499;22;;;10491.0;38500.0
-2;491000;ASH_COATED_OSMIUM;9988;15;9985;28;;;10004;15;10006;28;;;9996.0;8818.0
-2;491000;INTARIAN_PEPPER_ROOT;10485;12;10483;21;;;10497;12;10499;21;;;10491.0;38500.0
-2;491100;ASH_COATED_OSMIUM;9987;12;9985;22;;;10003;12;;;;;9995.0;8829.0
-2;491100;INTARIAN_PEPPER_ROOT;10485;8;10483;25;;;10497;8;10499;25;;;10491.0;38500.0
-2;491200;ASH_COATED_OSMIUM;9987;10;9985;22;;;10003;10;10006;22;;;9995.0;8829.0
-2;491200;INTARIAN_PEPPER_ROOT;10485;12;10483;21;;;10497;12;10500;21;;;10491.0;38500.0
-2;491300;ASH_COATED_OSMIUM;9987;12;9985;21;;;10003;12;10006;21;;;9995.0;8829.0
-2;491300;INTARIAN_PEPPER_ROOT;10486;8;;;;;10497;8;10500;22;;;10491.5;38540.0
-2;491400;ASH_COATED_OSMIUM;9987;14;9985;24;;;10003;14;10006;24;;;9995.0;8829.0
-2;491400;INTARIAN_PEPPER_ROOT;10486;12;10483;18;;;10497;12;10500;18;;;10491.5;38540.0
-2;491500;ASH_COATED_OSMIUM;9985;24;;;;;10003;13;;;;;9994.0;8828.0
-2;491500;INTARIAN_PEPPER_ROOT;10483;19;;;;;10497;9;;;;;10490.0;38420.0
-2;491600;ASH_COATED_OSMIUM;9985;22;;;;;9993;10;10006;22;;;9989.0;8783.0
-2;491600;INTARIAN_PEPPER_ROOT;10486;8;10483;18;;;10500;18;;;;;10493.0;38660.0
-2;491700;ASH_COATED_OSMIUM;;;;;;;10003;13;10006;23;;;10003.0;8937.0
-2;491700;INTARIAN_PEPPER_ROOT;10486;11;10483;21;;;10497;11;;;;;10491.5;38540.0
-2;491800;ASH_COATED_OSMIUM;9987;13;9985;20;;;;;;;;;9987.0;8761.0
-2;491800;INTARIAN_PEPPER_ROOT;10486;11;10483;25;;;10500;25;;;;;10493.0;38660.0
-2;491900;ASH_COATED_OSMIUM;;;;;;;10006;22;;;;;10006.0;8970.0
-2;491900;INTARIAN_PEPPER_ROOT;10486;10;;;;;10498;10;;;;;10492.0;38580.0
-2;492000;ASH_COATED_OSMIUM;9985;26;;;;;10004;11;10006;26;;;9994.5;8843.5
-2;492000;INTARIAN_PEPPER_ROOT;10486;9;10484;21;;;10498;9;;;;;10492.0;38580.0
-2;492100;ASH_COATED_OSMIUM;9985;20;;;;;10003;10;10006;20;;;9994.0;8838.0
-2;492100;INTARIAN_PEPPER_ROOT;10486;11;10484;23;;;10498;11;;;;;10492.0;38580.0
-2;492200;ASH_COATED_OSMIUM;9988;12;9985;22;;;10006;22;;;;;9997.0;8871.0
-2;492200;INTARIAN_PEPPER_ROOT;10484;25;;;;;10498;12;;;;;10491.0;38500.0
-2;492300;ASH_COATED_OSMIUM;9987;15;9985;20;;;10003;15;10006;20;;;9995.0;8849.0
-2;492300;INTARIAN_PEPPER_ROOT;10487;9;10484;25;;;10498;9;;;;;10492.5;38620.0
-2;492400;ASH_COATED_OSMIUM;9987;11;9985;24;;;10003;11;10006;24;;;9995.0;8849.0
-2;492400;INTARIAN_PEPPER_ROOT;10487;11;10484;18;;;10498;11;10501;18;;;10492.5;38620.0
-2;492500;ASH_COATED_OSMIUM;9993;3;9987;11;9985;23;10006;23;;;;;9999.5;8898.5
-2;492500;INTARIAN_PEPPER_ROOT;10487;11;10484;25;;;10498;11;10501;25;;;10492.5;38620.0
-2;492600;ASH_COATED_OSMIUM;9984;30;;;;;10003;12;10005;30;;;9993.5;8832.5
-2;492600;INTARIAN_PEPPER_ROOT;10484;22;;;;;10501;22;;;;;10492.5;38620.0
-2;492700;ASH_COATED_OSMIUM;9985;20;;;;;10003;14;10006;20;;;9994.0;8838.0
-2;492700;INTARIAN_PEPPER_ROOT;10487;8;;;;;10498;8;;;;;10492.5;38620.0
-2;492800;ASH_COATED_OSMIUM;9987;14;9985;29;;;10003;14;10006;29;;;9995.0;8849.0
-2;492800;INTARIAN_PEPPER_ROOT;10487;11;10484;21;;;10501;21;;;;;10494.0;38740.0
-2;492900;ASH_COATED_OSMIUM;9987;10;9984;28;;;10003;10;;;;;9995.0;8849.0
-2;492900;INTARIAN_PEPPER_ROOT;10487;10;10485;24;;;10499;10;10501;24;;;10493.0;38660.0
-2;493000;ASH_COATED_OSMIUM;9987;14;;;;;10003;14;10005;29;;;9995.0;8849.0
-2;493000;INTARIAN_PEPPER_ROOT;10487;10;10485;23;;;10499;10;10501;23;;;10493.0;38660.0
-2;493100;ASH_COATED_OSMIUM;9986;14;;;;;10002;14;10004;23;;;9994.0;8838.0
-2;493100;INTARIAN_PEPPER_ROOT;10487;12;10485;20;;;10499;12;10501;20;;;10493.0;38660.0
-2;493200;ASH_COATED_OSMIUM;9985;15;;;;;10001;15;10004;28;;;9993.0;8827.0
-2;493200;INTARIAN_PEPPER_ROOT;;;;;;;10499;9;10502;22;;;10499.0;39140.0
-2;493300;ASH_COATED_OSMIUM;9986;10;9983;20;;;10002;10;;;;;9994.0;8838.0
-2;493300;INTARIAN_PEPPER_ROOT;10485;24;;;;;10499;12;10502;24;;;10492.0;38580.0
-2;493400;ASH_COATED_OSMIUM;;;;;;;10002;12;10004;25;;;10002.0;8926.0
-2;493400;INTARIAN_PEPPER_ROOT;10488;9;10485;15;;;10502;15;;;;;10495.0;38820.0
-2;493500;ASH_COATED_OSMIUM;9986;11;;;;;10005;20;;;;;9995.5;8854.5
-2;493500;INTARIAN_PEPPER_ROOT;10488;12;10485;17;;;10502;17;;;;;10495.0;38820.0
-2;493600;ASH_COATED_OSMIUM;9986;13;;;;;10004;29;;;;;9995.0;8873.0
-2;493600;INTARIAN_PEPPER_ROOT;10488;11;10485;21;;;;;;;;;10488.0;38260.0
-2;493700;ASH_COATED_OSMIUM;9986;15;9983;26;;;9995;5;;;;;9990.5;8787.5
-2;493700;INTARIAN_PEPPER_ROOT;10488;12;10485;22;;;10499;12;10502;22;;;10493.5;38700.0
-2;493800;ASH_COATED_OSMIUM;9984;27;;;;;10002;15;10005;27;;;9993.0;8835.0
-2;493800;INTARIAN_PEPPER_ROOT;10488;11;10485;25;;;10500;11;10502;25;;;10494.0;38740.0
-2;493900;ASH_COATED_OSMIUM;9987;12;9985;26;;;10003;12;10006;26;;;9995.0;8873.0
-2;493900;INTARIAN_PEPPER_ROOT;10486;25;;;;;10490;6;10502;25;;;10488.0;38260.0
-2;494000;ASH_COATED_OSMIUM;9987;13;9984;20;;;10005;20;;;;;9996.0;8892.0
-2;494000;INTARIAN_PEPPER_ROOT;10488;12;10486;21;;;10500;12;10502;21;;;10494.0;38740.0
-2;494100;ASH_COATED_OSMIUM;9987;14;9985;22;;;10003;14;10006;22;;;9995.0;8873.0
-2;494100;INTARIAN_PEPPER_ROOT;10488;12;;;;;10500;12;10502;16;;;10494.0;38740.0
-2;494200;ASH_COATED_OSMIUM;9988;15;9985;29;;;10004;15;;;;;9996.0;8892.0
-2;494200;INTARIAN_PEPPER_ROOT;10488;8;10486;21;;;;;;;;;10488.0;38260.0
-2;494300;ASH_COATED_OSMIUM;9988;12;9986;23;;;;;;;;;9988.0;8740.0
-2;494300;INTARIAN_PEPPER_ROOT;10489;12;10486;23;;;10500;12;10503;23;;;10494.5;38780.0
-2;494400;ASH_COATED_OSMIUM;9986;22;;;;;10004;13;;;;;9995.0;8873.0
-2;494400;INTARIAN_PEPPER_ROOT;10486;23;;;;;10500;8;;;;;10493.0;38660.0
-2;494500;ASH_COATED_OSMIUM;9988;14;9985;25;;;10004;14;10006;25;;;9996.0;8892.0
-2;494500;INTARIAN_PEPPER_ROOT;10489;9;10486;22;;;10500;9;;;;;10494.5;38780.0
-2;494600;ASH_COATED_OSMIUM;9988;14;9985;20;;;10004;14;;;;;9996.0;8892.0
-2;494600;INTARIAN_PEPPER_ROOT;10489;10;;;;;10503;17;;;;;10496.0;38900.0
-2;494700;ASH_COATED_OSMIUM;9988;12;9986;30;;;10004;12;10007;30;;;9996.0;8892.0
-2;494700;INTARIAN_PEPPER_ROOT;10489;10;10486;25;;;10500;10;;;;;10494.5;38780.0
-2;494800;ASH_COATED_OSMIUM;9988;10;;;;;10004;10;10007;28;;;9996.0;8892.0
-2;494800;INTARIAN_PEPPER_ROOT;10489;8;10486;17;;;10501;8;10503;17;;;10495.0;38820.0
-2;494900;ASH_COATED_OSMIUM;9989;14;;;;;10005;14;;;;;9997.0;8911.0
-2;494900;INTARIAN_PEPPER_ROOT;;;;;;;10501;12;10503;25;;;10501.0;39300.0
-2;495000;ASH_COATED_OSMIUM;9989;12;9986;22;;;10005;12;10007;22;;;9997.0;8911.0
-2;495000;INTARIAN_PEPPER_ROOT;10489;10;10487;25;;;10501;10;;;;;10495.0;38820.0
-2;495100;ASH_COATED_OSMIUM;9989;12;9986;30;;;10005;12;10007;30;;;9997.0;8911.0
-2;495100;INTARIAN_PEPPER_ROOT;10489;12;;;;;10501;12;;;;;10495.0;38820.0
-2;495200;ASH_COATED_OSMIUM;9988;12;9986;20;;;10004;12;10007;20;;;9996.0;8892.0
-2;495200;INTARIAN_PEPPER_ROOT;10489;9;10487;21;;;10501;9;10504;21;;;10495.0;38820.0
-2;495300;ASH_COATED_OSMIUM;9986;30;;;;;10005;11;10007;30;;;9995.5;8882.5
-2;495300;INTARIAN_PEPPER_ROOT;10490;12;10487;16;;;10501;12;10504;16;;;10495.5;38860.0
-2;495400;ASH_COATED_OSMIUM;9989;10;9987;20;;;10005;10;10008;20;;;9997.0;8932.0
-2;495400;INTARIAN_PEPPER_ROOT;10487;23;;;;;10501;10;10504;23;;;10494.0;38740.0
-2;495500;ASH_COATED_OSMIUM;9989;15;9986;27;;;10005;15;10007;27;;;9997.0;8932.0
-2;495500;INTARIAN_PEPPER_ROOT;10490;9;10487;22;;;10501;9;;;;;10495.5;38860.0
-2;495600;ASH_COATED_OSMIUM;9989;15;9986;30;;;10007;30;;;;;9998.0;8948.0
-2;495600;INTARIAN_PEPPER_ROOT;10490;10;;;;;10501;10;10504;22;;;10495.5;38860.0
-2;495700;ASH_COATED_OSMIUM;9989;10;;;;;10005;10;10007;24;;;9997.0;8932.0
-2;495700;INTARIAN_PEPPER_ROOT;10490;11;10487;23;;;10501;11;10504;23;;;10495.5;38860.0
-2;495800;ASH_COATED_OSMIUM;9989;10;9986;23;;;10005;10;10007;23;;;9997.0;8932.0
-2;495800;INTARIAN_PEPPER_ROOT;10487;20;;;;;10492;4;10502;8;10504;20;10489.5;38380.0
-2;495900;ASH_COATED_OSMIUM;9989;15;9987;26;;;10005;15;10008;26;;;9997.0;8932.0
-2;495900;INTARIAN_PEPPER_ROOT;10490;8;10488;23;;;10502;8;;;;;10496.0;38900.0
-2;496000;ASH_COATED_OSMIUM;9989;13;9986;22;;;10005;13;10007;22;;;9997.0;8932.0
-2;496000;INTARIAN_PEPPER_ROOT;10490;10;10488;23;;;10502;10;10504;23;;;10496.0;38900.0
-2;496100;ASH_COATED_OSMIUM;9989;11;9986;26;;;;;;;;;9989.0;8804.0
-2;496100;INTARIAN_PEPPER_ROOT;10490;9;10488;24;;;10504;24;;;;;10497.0;38980.0
-2;496200;ASH_COATED_OSMIUM;9988;13;9985;27;;;10004;13;10006;27;;;9996.0;8916.0
-2;496200;INTARIAN_PEPPER_ROOT;10488;23;;;;;10502;12;;;;;10495.0;38820.0
-2;496300;ASH_COATED_OSMIUM;9988;14;9986;26;;;10004;14;;;;;9996.0;8916.0
-2;496300;INTARIAN_PEPPER_ROOT;10488;16;;;;;10498;12;10502;9;;;10493.0;38660.0
-2;496400;ASH_COATED_OSMIUM;9985;25;;;;;10004;11;10006;25;;;9994.5;8892.0
-2;496400;INTARIAN_PEPPER_ROOT;10491;12;10488;24;;;10502;12;10505;24;;;10496.5;38940.0
-2;496500;ASH_COATED_OSMIUM;9988;11;9985;28;;;10004;11;;;;;9996.0;8916.0
-2;496500;INTARIAN_PEPPER_ROOT;10488;24;;;;;10502;11;10505;24;;;10495.0;38820.0
-2;496600;ASH_COATED_OSMIUM;9985;20;;;;;10006;20;;;;;9995.5;8908.0
-2;496600;INTARIAN_PEPPER_ROOT;10491;11;10488;21;;;;;;;;;10491.0;38500.0
-2;496700;ASH_COATED_OSMIUM;9988;15;9985;24;;;10004;15;;;;;9996.0;8937.0
-2;496700;INTARIAN_PEPPER_ROOT;10491;10;10488;18;;;10502;10;10505;18;;;10496.5;38940.0
-2;496800;ASH_COATED_OSMIUM;9987;15;9985;23;;;10003;15;;;;;9995.0;8918.0
-2;496800;INTARIAN_PEPPER_ROOT;10488;24;;;;;10503;11;;;;;10495.5;38860.0
-2;496900;ASH_COATED_OSMIUM;9987;14;;;;;10003;14;10006;25;;;9995.0;8918.0
-2;496900;INTARIAN_PEPPER_ROOT;10489;16;;;;;10503;11;10505;16;;;10496.0;38900.0
-2;497000;ASH_COATED_OSMIUM;9985;23;;;;;10003;12;10006;23;;;9994.0;8899.0
-2;497000;INTARIAN_PEPPER_ROOT;10489;25;;;;;10503;8;10505;25;;;10496.0;38900.0
-2;497100;ASH_COATED_OSMIUM;9987;10;9985;30;;;10006;30;;;;;9996.5;8946.5
-2;497100;INTARIAN_PEPPER_ROOT;10489;19;;;;;10503;8;10505;19;;;10496.0;38900.0
-2;497200;ASH_COATED_OSMIUM;9986;10;9984;22;;;10002;10;10005;22;;;9994.0;8899.0
-2;497200;INTARIAN_PEPPER_ROOT;10489;25;;;;;10503;9;10506;25;;;10496.0;38900.0
-2;497300;ASH_COATED_OSMIUM;9984;22;;;;;9992;4;9996;5;10005;22;9988.0;8769.0
-2;497300;INTARIAN_PEPPER_ROOT;10492;9;10489;17;;;10506;17;;;;;10499.0;39140.0
-2;497400;ASH_COATED_OSMIUM;9986;15;9984;26;;;10002;15;10005;26;;;9994.0;8907.0
-2;497400;INTARIAN_PEPPER_ROOT;10492;9;10489;20;;;10503;9;10506;20;;;10497.5;39020.0
-2;497500;ASH_COATED_OSMIUM;9986;12;9983;30;;;10002;12;10004;30;;;9994.0;8907.0
-2;497500;INTARIAN_PEPPER_ROOT;10492;10;10489;15;;;10503;10;10506;15;;;10497.5;39020.0
-2;497600;ASH_COATED_OSMIUM;9984;25;;;;;10002;10;10005;25;;;9993.0;8884.0
-2;497600;INTARIAN_PEPPER_ROOT;10492;11;10489;17;;;10503;11;10506;17;;;10497.5;39020.0
-2;497700;ASH_COATED_OSMIUM;9986;14;9984;25;;;10005;25;;;;;9995.5;8941.5
-2;497700;INTARIAN_PEPPER_ROOT;10492;8;10489;22;;;10503;8;10506;22;;;10497.5;39020.0
-2;497800;ASH_COATED_OSMIUM;9986;14;9983;26;;;10002;14;10004;26;;;9994.0;8907.0
-2;497800;INTARIAN_PEPPER_ROOT;10492;8;10489;22;;;10506;22;;;;;10499.0;39140.0
-2;497900;ASH_COATED_OSMIUM;9983;28;;;;;10002;13;10004;28;;;9992.5;8872.5
-2;497900;INTARIAN_PEPPER_ROOT;10492;12;10490;15;;;10504;12;10506;15;;;10498.0;39060.0
-2;498000;ASH_COATED_OSMIUM;9985;10;9982;29;;;10001;10;;;;;9993.0;8884.0
-2;498000;INTARIAN_PEPPER_ROOT;10492;9;10490;18;;;10504;9;10506;18;;;10498.0;39060.0
-2;498100;ASH_COATED_OSMIUM;9985;11;;;;;10001;11;10003;27;;;9993.0;8884.0
-2;498100;INTARIAN_PEPPER_ROOT;10492;9;10490;17;;;10504;9;;;;;10498.0;39060.0
-2;498200;ASH_COATED_OSMIUM;9985;11;9983;27;;;10004;27;;;;;9994.5;8918.5
-2;498200;INTARIAN_PEPPER_ROOT;10490;16;;;;;10504;11;10507;16;;;10497.0;38980.0
-2;498300;ASH_COATED_OSMIUM;9986;14;9983;24;;;10002;14;10004;24;;;9994.0;8907.0
-2;498300;INTARIAN_PEPPER_ROOT;;;;;;;10504;8;;;;;10504.0;39540.0
-2;498400;ASH_COATED_OSMIUM;9985;11;9983;27;;;10001;11;10004;27;;;9993.0;8912.0
-2;498400;INTARIAN_PEPPER_ROOT;10493;10;10490;19;;;10507;19;;;;;10500.0;39220.0
-2;498500;ASH_COATED_OSMIUM;9983;26;;;;;10002;14;10004;26;;;9992.5;8898.5
-2;498500;INTARIAN_PEPPER_ROOT;10493;11;10490;24;;;10504;11;10507;24;;;10498.5;39100.0
-2;498600;ASH_COATED_OSMIUM;9983;20;;;;;10002;12;10004;20;;;9992.5;8898.5
-2;498600;INTARIAN_PEPPER_ROOT;10493;12;10490;24;;;10507;24;;;;;10500.0;39220.0
-2;498700;ASH_COATED_OSMIUM;9985;12;;;;;10001;12;10004;21;;;9993.0;8912.0
-2;498700;INTARIAN_PEPPER_ROOT;10493;8;;;;;10504;8;10507;19;;;10498.5;39100.0
-2;498800;ASH_COATED_OSMIUM;9986;13;;;;;10002;13;10005;24;;;9994.0;8939.0
-2;498800;INTARIAN_PEPPER_ROOT;10493;11;10490;15;;;10505;11;;;;;10499.0;39140.0
-2;498900;ASH_COATED_OSMIUM;9986;10;9984;23;;;10005;23;;;;;9995.5;8979.5
-2;498900;INTARIAN_PEPPER_ROOT;10493;10;10491;19;;;10505;10;10507;19;;;10499.0;39140.0
-2;499000;ASH_COATED_OSMIUM;;;;;;;10002;10;10005;30;;;10002.0;9155.0
-2;499000;INTARIAN_PEPPER_ROOT;10493;12;10491;21;;;10505;12;10507;21;;;10499.0;39140.0
-2;499100;ASH_COATED_OSMIUM;9986;10;9984;26;;;10002;10;10005;26;;;9994.0;8939.0
-2;499100;INTARIAN_PEPPER_ROOT;10493;11;;;;;10505;11;10507;25;;;10499.0;39140.0
-2;499200;ASH_COATED_OSMIUM;9986;12;9984;23;;;10002;12;10005;23;;;9994.0;8939.0
-2;499200;INTARIAN_PEPPER_ROOT;10493;10;10491;22;;;10508;22;;;;;10500.5;39260.0
-2;499300;ASH_COATED_OSMIUM;9986;12;9984;29;;;10002;12;10005;29;;;9994.0;8939.0
-2;499300;INTARIAN_PEPPER_ROOT;10494;11;10491;22;;;10505;11;10508;22;;;10499.5;39180.0
-2;499400;ASH_COATED_OSMIUM;9986;10;9984;23;;;10002;10;10005;23;;;9994.0;8939.0
-2;499400;INTARIAN_PEPPER_ROOT;10494;9;10491;25;;;10505;9;10508;25;;;10499.5;39180.0
-2;499500;ASH_COATED_OSMIUM;9986;11;;;;;10002;11;;;;;9994.0;8939.0
-2;499500;INTARIAN_PEPPER_ROOT;;;;;;;10505;10;10508;20;;;10505.0;39620.0
-2;499600;ASH_COATED_OSMIUM;9986;11;9984;23;;;10002;11;10005;23;;;9994.0;8939.0
-2;499600;INTARIAN_PEPPER_ROOT;10494;8;;;;;10496;6;10505;8;10508;25;10495.0;38820.0
-2;499700;ASH_COATED_OSMIUM;9986;14;9984;26;;;10002;14;10005;26;;;9994.0;9002.0
-2;499700;INTARIAN_PEPPER_ROOT;10502;3;10494;8;10491;22;10505;8;10508;22;;;10503.5;39500.0
-2;499800;ASH_COATED_OSMIUM;9987;11;9984;22;;;10003;11;10005;22;;;9995.0;9020.0
-2;499800;INTARIAN_PEPPER_ROOT;10491;22;;;;;10506;9;10508;22;;;10498.5;39100.0
-2;499900;ASH_COATED_OSMIUM;9986;12;9984;30;;;10002;12;10005;30;;;9994.0;9002.0
-2;499900;INTARIAN_PEPPER_ROOT;10494;9;10492;23;;;;;;;;;10494.0;38740.0
-2;500000;ASH_COATED_OSMIUM;9984;29;;;;;10002;12;10005;29;;;9993.0;8984.0
-2;500000;INTARIAN_PEPPER_ROOT;10492;22;;;;;10506;8;10508;22;;;10499.0;39140.0
-2;500100;ASH_COATED_OSMIUM;9987;14;9984;21;;;10003;14;10005;21;;;9995.0;9020.0
-2;500100;INTARIAN_PEPPER_ROOT;10494;11;10492;18;;;;;;;;;10494.0;38740.0
-2;500200;ASH_COATED_OSMIUM;9987;15;9984;23;;;10005;23;;;;;9996.0;9038.0
-2;500200;INTARIAN_PEPPER_ROOT;10494;10;10492;23;;;10506;10;10509;23;;;10500.0;39220.0
-2;500300;ASH_COATED_OSMIUM;9987;14;9984;20;;;10003;14;10005;20;;;9995.0;9020.0
-2;500300;INTARIAN_PEPPER_ROOT;10492;18;;;;;10509;18;;;;;10500.5;39260.0
-2;500400;ASH_COATED_OSMIUM;9987;10;9985;24;;;10003;10;10006;24;;;9995.0;9020.0
-2;500400;INTARIAN_PEPPER_ROOT;10495;12;10492;17;;;;;;;;;10495.0;38820.0
-2;500500;ASH_COATED_OSMIUM;9987;12;9985;27;;;10003;12;10006;27;;;9995.0;9020.0
-2;500500;INTARIAN_PEPPER_ROOT;10495;12;10492;22;;;10506;12;10509;22;;;10500.5;39260.0
-2;500600;ASH_COATED_OSMIUM;9987;13;9985;21;;;10003;13;;;;;9995.0;9020.0
-2;500600;INTARIAN_PEPPER_ROOT;10495;8;10492;17;;;10506;8;10509;17;;;10500.5;39260.0
-2;500700;ASH_COATED_OSMIUM;9988;12;;;;;10004;12;10006;27;;;9996.0;9038.0
-2;500700;INTARIAN_PEPPER_ROOT;10495;12;10492;21;;;10506;12;10509;21;;;10500.5;39260.0
-2;500800;ASH_COATED_OSMIUM;9987;15;9985;22;;;10003;15;10006;22;;;9995.0;9020.0
-2;500800;INTARIAN_PEPPER_ROOT;10495;9;;;;;10509;17;;;;;10502.0;39380.0
-2;500900;ASH_COATED_OSMIUM;9987;10;9984;28;;;10003;10;;;;;9995.0;9020.0
-2;500900;INTARIAN_PEPPER_ROOT;10495;8;10493;22;;;10507;8;10509;22;;;10501.0;39300.0
-2;501000;ASH_COATED_OSMIUM;9986;11;9984;25;;;10002;11;10005;25;;;9994.0;9002.0
-2;501000;INTARIAN_PEPPER_ROOT;10493;20;;;;;10507;12;10509;20;;;10500.0;39220.0
-2;501100;ASH_COATED_OSMIUM;9986;11;9984;25;;;10005;25;;;;;9995.5;9029.0
-2;501100;INTARIAN_PEPPER_ROOT;10495;10;;;;;10507;10;;;;;10501.0;39300.0
-2;501200;ASH_COATED_OSMIUM;9987;10;9984;22;;;;;;;;;9987.0;8876.0
-2;501200;INTARIAN_PEPPER_ROOT;;;;;;;10507;11;10510;21;;;10507.0;39780.0
-2;501300;ASH_COATED_OSMIUM;9986;15;;;;;10002;15;10005;20;;;9994.0;9002.0
-2;501300;INTARIAN_PEPPER_ROOT;10496;11;10493;16;;;10507;11;10510;16;;;10501.5;39340.0
-2;501400;ASH_COATED_OSMIUM;9986;10;9984;26;;;10002;10;10005;26;;;9994.0;9002.0
-2;501400;INTARIAN_PEPPER_ROOT;10496;10;10493;17;;;10507;10;;;;;10501.5;39340.0
-2;501500;ASH_COATED_OSMIUM;9987;15;;;;;10003;15;10005;26;;;9995.0;9020.0
-2;501500;INTARIAN_PEPPER_ROOT;10496;10;10493;22;;;10507;10;10510;22;;;10501.5;39340.0
-2;501600;ASH_COATED_OSMIUM;9986;14;9984;20;;;;;;;;;9986.0;8858.0
-2;501600;INTARIAN_PEPPER_ROOT;10496;12;10493;19;;;10507;12;10510;19;;;10501.5;39340.0
-2;501700;ASH_COATED_OSMIUM;9986;14;9984;22;;;10002;14;;;;;9994.0;9002.0
-2;501700;INTARIAN_PEPPER_ROOT;10496;10;;;;;10507;10;10510;23;;;10501.5;39340.0
-2;501800;ASH_COATED_OSMIUM;9986;10;;;;;10002;10;10005;27;;;9994.0;9002.0
-2;501800;INTARIAN_PEPPER_ROOT;;;;;;;10508;12;10510;24;;;10508.0;39860.0
-2;501900;ASH_COATED_OSMIUM;9987;15;;;;;10005;20;;;;;9996.0;9038.0
-2;501900;INTARIAN_PEPPER_ROOT;10496;8;10494;23;;;10508;8;10510;23;;;10502.0;39380.0
-2;502000;ASH_COATED_OSMIUM;9987;15;9984;22;;;10003;15;;;;;9995.0;9020.0
-2;502000;INTARIAN_PEPPER_ROOT;10496;10;10494;19;;;;;;;;;10496.0;38900.0
-2;502100;ASH_COATED_OSMIUM;;;;;;;10003;12;10005;26;;;10003.0;9164.0
-2;502100;INTARIAN_PEPPER_ROOT;10496;11;10494;15;;;10508;11;10510;15;;;10502.0;39380.0
-2;502200;ASH_COATED_OSMIUM;9983;26;;;;;10004;26;;;;;9993.5;8993.0
-2;502200;INTARIAN_PEPPER_ROOT;10496;11;10494;15;;;10508;11;10511;15;;;10502.0;39380.0
-2;502300;ASH_COATED_OSMIUM;9986;11;9983;30;;;10004;30;;;;;9995.0;9020.0
-2;502300;INTARIAN_PEPPER_ROOT;10497;11;10494;17;;;10508;11;10511;17;;;10502.5;39420.0
-2;502400;ASH_COATED_OSMIUM;9986;13;9983;29;;;10002;13;10004;29;;;9994.0;9002.0
-2;502400;INTARIAN_PEPPER_ROOT;10497;8;10494;15;;;10508;8;10511;15;;;10502.5;39420.0
-2;502500;ASH_COATED_OSMIUM;9986;13;9983;26;;;10002;13;10004;26;;;9994.0;9002.0
-2;502500;INTARIAN_PEPPER_ROOT;;;;;;;10508;9;10511;18;;;10508.0;39860.0
-2;502600;ASH_COATED_OSMIUM;9985;15;9983;26;;;10001;15;10004;26;;;9993.0;8984.0
-2;502600;INTARIAN_PEPPER_ROOT;10497;9;10494;19;;;10508;9;10511;19;;;10502.5;39420.0
-2;502700;ASH_COATED_OSMIUM;9986;15;9983;26;;;10001;15;10004;26;;;9993.5;8993.0
-2;502700;INTARIAN_PEPPER_ROOT;10497;9;10494;18;;;10511;18;;;;;10504.0;39540.0
-2;502800;ASH_COATED_OSMIUM;9985;14;9983;23;;;10001;14;;;;;9993.0;8984.0
-2;502800;INTARIAN_PEPPER_ROOT;10494;25;;;;;10509;8;;;;;10501.5;39340.0
-2;502900;ASH_COATED_OSMIUM;9985;10;9983;24;;;10001;10;;;;;9993.0;8984.0
-2;502900;INTARIAN_PEPPER_ROOT;10497;12;;;;;10509;12;10511;23;;;10503.0;39460.0
-2;503000;ASH_COATED_OSMIUM;9986;14;9983;21;;;10002;14;10004;21;;;9994.0;9002.0
-2;503000;INTARIAN_PEPPER_ROOT;10506;4;10497;8;;;10509;8;10511;25;;;10507.5;39820.0
-2;503100;ASH_COATED_OSMIUM;9984;30;;;;;10002;14;10005;30;;;9993.0;8984.0
-2;503100;INTARIAN_PEPPER_ROOT;10495;17;;;;;10509;9;;;;;10502.0;39380.0
-2;503200;ASH_COATED_OSMIUM;9992;2;9986;14;9984;27;10005;27;;;;;9998.5;9083.0
-2;503200;INTARIAN_PEPPER_ROOT;10497;8;;;;;10505;8;10509;8;10512;18;10501.0;39300.0
-2;503300;ASH_COATED_OSMIUM;9983;23;;;;;10001;13;;;;;9992.0;8990.0
-2;503300;INTARIAN_PEPPER_ROOT;10498;8;10495;20;;;10512;20;;;;;10505.0;39620.0
-2;503400;ASH_COATED_OSMIUM;9985;11;;;;;10001;11;;;;;9993.0;9011.0
-2;503400;INTARIAN_PEPPER_ROOT;10498;9;10495;23;;;10509;9;10512;23;;;10503.5;39500.0
-2;503500;ASH_COATED_OSMIUM;9985;15;;;;;10001;15;10003;21;;;9993.0;9011.0
-2;503500;INTARIAN_PEPPER_ROOT;10498;8;10495;22;;;10509;8;;;;;10503.5;39500.0
-2;503600;ASH_COATED_OSMIUM;9985;14;9982;24;;;10001;14;10003;24;;;9993.0;9011.0
-2;503600;INTARIAN_PEPPER_ROOT;10498;9;10495;18;;;10509;9;10512;18;;;10503.5;39500.0
-2;503700;ASH_COATED_OSMIUM;9985;12;;;;;10003;26;;;;;9994.0;9032.0
-2;503700;INTARIAN_PEPPER_ROOT;10498;12;10495;15;;;10509;12;10512;15;;;10503.5;39500.0
-2;503800;ASH_COATED_OSMIUM;9985;10;;;;;10001;10;10003;22;;;9993.0;9011.0
-2;503800;INTARIAN_PEPPER_ROOT;10498;12;;;;;10510;12;10512;24;;;10504.0;39540.0
-2;503900;ASH_COATED_OSMIUM;9984;11;9982;21;;;10000;11;10003;21;;;9992.0;8990.0
-2;503900;INTARIAN_PEPPER_ROOT;10496;22;;;;;10510;9;10512;22;;;10503.0;39460.0
-2;504000;ASH_COATED_OSMIUM;9985;14;9983;27;;;10001;14;10004;27;;;9993.0;9011.0
-2;504000;INTARIAN_PEPPER_ROOT;10498;11;10496;25;;;10510;11;10512;25;;;10504.0;39540.0
-2;504100;ASH_COATED_OSMIUM;9985;15;9983;30;;;10001;15;;;;;9993.0;9011.0
-2;504100;INTARIAN_PEPPER_ROOT;10498;8;10496;16;;;10510;8;10512;16;;;10504.0;39540.0
-2;504200;ASH_COATED_OSMIUM;9986;12;9983;24;;;10002;12;10004;24;;;9994.0;9074.0
-2;504200;INTARIAN_PEPPER_ROOT;10496;17;;;;;10513;17;;;;;10504.5;39580.0
-2;504300;ASH_COATED_OSMIUM;9986;13;9983;26;;;10004;26;;;;;9995.0;9101.0
-2;504300;INTARIAN_PEPPER_ROOT;10499;10;;;;;10510;10;10513;16;;;10504.5;39580.0
-2;504400;ASH_COATED_OSMIUM;9984;30;;;;;10002;12;10005;30;;;9993.0;9047.0
-2;504400;INTARIAN_PEPPER_ROOT;10499;11;10496;15;;;;;;;;;10499.0;39140.0
-2;504500;ASH_COATED_OSMIUM;9986;14;9983;28;;;;;;;;;9986.0;8858.0
-2;504500;INTARIAN_PEPPER_ROOT;10499;8;;;;;10510;8;10513;24;;;10504.5;39580.0
-2;504600;ASH_COATED_OSMIUM;9986;11;9983;25;;;10002;11;10004;25;;;9994.0;9074.0
-2;504600;INTARIAN_PEPPER_ROOT;10499;10;10496;22;;;10510;10;;;;;10504.5;39580.0
-2;504700;ASH_COATED_OSMIUM;9986;13;9983;20;;;9991;10;10004;20;;;9988.5;8900.5
-2;504700;INTARIAN_PEPPER_ROOT;10499;12;10496;19;;;;;;;;;10499.0;39140.0
-2;504800;ASH_COATED_OSMIUM;9986;13;9983;21;;;10002;13;;;;;9994.0;9104.0
-2;504800;INTARIAN_PEPPER_ROOT;10499;10;10496;19;;;10511;10;;;;;10505.0;39620.0
-2;504900;ASH_COATED_OSMIUM;9986;12;9983;20;;;10002;12;10004;20;;;9994.0;9104.0
-2;504900;INTARIAN_PEPPER_ROOT;10499;9;10497;25;;;10511;9;10513;25;;;10505.0;39620.0
-2;505000;ASH_COATED_OSMIUM;;;;;;;10002;14;10004;30;;;10002.0;9400.0
-2;505000;INTARIAN_PEPPER_ROOT;10499;9;10497;15;;;10511;9;10513;15;;;10505.0;39620.0
-2;505100;ASH_COATED_OSMIUM;9986;12;9983;24;;;10002;12;10004;24;;;9994.0;9104.0
-2;505100;INTARIAN_PEPPER_ROOT;10499;10;10497;22;;;10511;10;;;;;10505.0;39620.0
-2;505200;ASH_COATED_OSMIUM;9986;12;9984;26;;;10002;12;10005;26;;;9994.0;9104.0
-2;505200;INTARIAN_PEPPER_ROOT;10499;10;10497;15;;;10514;15;;;;;10506.5;39740.0
-2;505300;ASH_COATED_OSMIUM;9986;13;9983;22;;;10002;13;10004;22;;;9994.0;9104.0
-2;505300;INTARIAN_PEPPER_ROOT;10497;23;;;;;10511;8;;;;;10504.0;39540.0
-2;505400;ASH_COATED_OSMIUM;9985;10;9983;25;;;10001;10;10004;25;;;9993.0;9067.0
-2;505400;INTARIAN_PEPPER_ROOT;10500;11;10497;15;;;10514;15;;;;;10507.0;39780.0
-2;505500;ASH_COATED_OSMIUM;9985;14;;;;;10001;14;;;;;9993.0;9067.0
-2;505500;INTARIAN_PEPPER_ROOT;10500;8;;;;;10511;8;10514;23;;;10505.5;39660.0
-2;505600;ASH_COATED_OSMIUM;9985;14;9983;22;;;10001;14;10004;22;;;9993.0;9067.0
-2;505600;INTARIAN_PEPPER_ROOT;10500;10;;;;;10511;10;10514;15;;;10505.5;39660.0
-2;505700;ASH_COATED_OSMIUM;9985;12;9983;23;;;10004;23;;;;;9994.5;9122.5
-2;505700;INTARIAN_PEPPER_ROOT;10497;19;;;;;10511;8;10514;19;;;10504.0;39540.0
-2;505800;ASH_COATED_OSMIUM;9985;12;9983;22;;;10004;22;;;;;9994.5;9122.5
-2;505800;INTARIAN_PEPPER_ROOT;10500;9;10497;16;;;10514;16;;;;;10507.0;39780.0
-2;505900;ASH_COATED_OSMIUM;9986;13;;;;;10002;13;10004;29;;;9994.0;9104.0
-2;505900;INTARIAN_PEPPER_ROOT;10498;21;;;;;10512;9;10514;21;;;10505.0;39620.0
-2;506000;ASH_COATED_OSMIUM;9986;15;9983;20;;;10002;15;10004;20;;;9994.0;9104.0
-2;506000;INTARIAN_PEPPER_ROOT;10509;3;10498;25;;;;;;;;;10509.0;39940.0
-2;506100;ASH_COATED_OSMIUM;9986;11;9983;22;;;10002;11;10004;22;;;9994.0;9104.0
-2;506100;INTARIAN_PEPPER_ROOT;10500;9;10498;20;;;10512;9;10514;20;;;10506.0;39700.0
-2;506200;ASH_COATED_OSMIUM;9986;15;9983;25;;;10002;15;10004;25;;;9994.0;9104.0
-2;506200;INTARIAN_PEPPER_ROOT;10500;11;10498;24;;;;;;;;;10500.0;39220.0
-2;506300;ASH_COATED_OSMIUM;9984;23;;;;;10002;11;10005;23;;;9993.0;9067.0
-2;506300;INTARIAN_PEPPER_ROOT;10501;9;;;;;10512;9;10515;25;;;10506.5;39740.0
-2;506400;ASH_COATED_OSMIUM;9986;13;;;;;10002;13;10005;30;;;9994.0;9104.0
-2;506400;INTARIAN_PEPPER_ROOT;10501;10;10498;19;;;10512;10;;;;;10506.5;39740.0
-2;506500;ASH_COATED_OSMIUM;9986;12;9983;26;;;10002;12;10004;26;;;9994.0;9104.0
-2;506500;INTARIAN_PEPPER_ROOT;10501;9;10498;15;;;10512;9;;;;;10506.5;39740.0
-2;506600;ASH_COATED_OSMIUM;9984;26;;;;;10002;10;;;;;9993.0;9123.0
-2;506600;INTARIAN_PEPPER_ROOT;10501;8;10498;24;;;10512;8;10515;24;;;10506.5;39740.0
-2;506700;ASH_COATED_OSMIUM;9986;12;9984;22;;;10002;12;;;;;9994.0;9167.0
-2;506700;INTARIAN_PEPPER_ROOT;10501;12;10498;25;;;10515;25;;;;;10508.0;39860.0
-2;506800;ASH_COATED_OSMIUM;9986;13;9984;24;;;10002;13;10004;24;;;9994.0;9167.0
-2;506800;INTARIAN_PEPPER_ROOT;10501;9;10498;16;;;10515;16;;;;;10508.0;39860.0
-2;506900;ASH_COATED_OSMIUM;9986;12;9984;24;;;10005;24;;;;;9995.5;9233.0
-2;506900;INTARIAN_PEPPER_ROOT;10501;12;10499;21;;;10515;21;;;;;10508.0;39860.0
-2;507000;ASH_COATED_OSMIUM;9996;10;9987;13;;;10003;13;10005;25;;;9999.5;9374.0
-2;507000;INTARIAN_PEPPER_ROOT;10499;21;;;;;10513;12;10515;21;;;10506.0;39700.0
-2;507100;ASH_COATED_OSMIUM;9984;20;;;;;10002;10;10005;20;;;9993.0;9153.0
-2;507100;INTARIAN_PEPPER_ROOT;10501;10;;;;;10513;10;10515;20;;;10507.0;39780.0
-2;507200;ASH_COATED_OSMIUM;;;;;;;10002;15;10005;22;;;10002.0;9459.0
-2;507200;INTARIAN_PEPPER_ROOT;10501;9;10499;21;;;10513;9;;;;;10507.0;39780.0
-2;507300;ASH_COATED_OSMIUM;9986;13;9984;24;;;10002;13;10005;24;;;9994.0;9187.0
-2;507300;INTARIAN_PEPPER_ROOT;10502;11;10499;15;;;10513;11;10516;15;;;10507.5;39820.0
-2;507400;ASH_COATED_OSMIUM;9986;11;9983;22;;;10002;11;10004;22;;;9994.0;9187.0
-2;507400;INTARIAN_PEPPER_ROOT;10499;18;;;;;10513;12;10516;18;;;10506.0;39700.0
-2;507500;ASH_COATED_OSMIUM;;;;;;;10004;20;;;;;10004.0;9527.0
-2;507500;INTARIAN_PEPPER_ROOT;10502;9;10499;20;;;10516;20;;;;;10509.0;39940.0
-2;507600;ASH_COATED_OSMIUM;9984;29;;;;;10002;15;;;;;9993.0;9153.0
-2;507600;INTARIAN_PEPPER_ROOT;10499;17;;;;;10513;9;10516;17;;;10506.0;39700.0
-2;507700;ASH_COATED_OSMIUM;9986;14;9984;22;;;10005;22;;;;;9995.5;9238.0
-2;507700;INTARIAN_PEPPER_ROOT;10502;10;10499;16;;;10513;10;10516;16;;;10507.5;39820.0
-2;507800;ASH_COATED_OSMIUM;9985;13;9983;26;;;10001;13;;;;;9993.0;9153.0
-2;507800;INTARIAN_PEPPER_ROOT;10502;12;10499;22;;;10514;12;10516;22;;;10508.0;39860.0
-2;507900;ASH_COATED_OSMIUM;9985;12;9983;25;;;10004;25;;;;;9994.5;9204.0
-2;507900;INTARIAN_PEPPER_ROOT;10500;25;;;;;10514;9;;;;;10507.0;39780.0
-2;508000;ASH_COATED_OSMIUM;9985;14;9983;21;;;10004;21;;;;;9994.5;9204.0
-2;508000;INTARIAN_PEPPER_ROOT;10502;10;10500;20;;;10514;10;10516;20;;;10508.0;39860.0
-2;508100;ASH_COATED_OSMIUM;9986;13;;;;;10002;13;10004;20;;;9994.0;9187.0
-2;508100;INTARIAN_PEPPER_ROOT;10511;6;10502;9;;;10514;9;10516;25;;;10512.5;40220.0
-2;508200;ASH_COATED_OSMIUM;9986;14;9983;20;;;10002;14;10004;20;;;9994.0;9187.0
-2;508200;INTARIAN_PEPPER_ROOT;10502;11;10500;23;;;10514;11;;;;;10508.0;39860.0
-2;508300;ASH_COATED_OSMIUM;9985;15;;;;;10004;24;;;;;9994.5;9204.0
-2;508300;INTARIAN_PEPPER_ROOT;10503;9;10500;25;;;10514;9;10517;25;;;10508.5;39900.0
-2;508400;ASH_COATED_OSMIUM;9985;14;;;;;10001;14;;;;;9993.0;9153.0
-2;508400;INTARIAN_PEPPER_ROOT;10503;10;10500;24;;;10514;10;10517;24;;;10508.5;39900.0
-2;508500;ASH_COATED_OSMIUM;9982;26;;;;;;;;;;;9982.0;8779.0
-2;508500;INTARIAN_PEPPER_ROOT;10500;18;;;;;10514;12;;;;;10507.0;39780.0
-2;508600;ASH_COATED_OSMIUM;9985;13;9982;24;;;10001;13;10003;24;;;9993.0;9153.0
-2;508600;INTARIAN_PEPPER_ROOT;10503;10;;;;;10514;10;10517;21;;;10508.5;39900.0
-2;508700;ASH_COATED_OSMIUM;9985;11;;;;;10001;11;10003;24;;;9993.0;9153.0
-2;508700;INTARIAN_PEPPER_ROOT;10503;12;10500;16;;;10514;12;10517;16;;;10508.5;39900.0
-2;508800;ASH_COATED_OSMIUM;9985;10;9982;30;;;10003;30;;;;;9994.0;9187.0
-2;508800;INTARIAN_PEPPER_ROOT;10500;20;;;;;10515;8;10517;20;;;10507.5;39820.0
-2;508900;ASH_COATED_OSMIUM;9982;30;;;;;10003;30;;;;;9992.5;9136.0
-2;508900;INTARIAN_PEPPER_ROOT;10503;11;10501;18;;;10515;11;10517;18;;;10509.0;39940.0
-2;509000;ASH_COATED_OSMIUM;9985;14;9982;25;;;10003;25;;;;;9994.0;9187.0
-2;509000;INTARIAN_PEPPER_ROOT;10503;10;10501;20;;;10515;10;10517;20;;;10509.0;39940.0
-2;509100;ASH_COATED_OSMIUM;9985;12;;;;;10001;12;10003;21;;;9993.0;9153.0
-2;509100;INTARIAN_PEPPER_ROOT;10503;12;10501;23;;;10517;23;;;;;10510.0;40020.0
-2;509200;ASH_COATED_OSMIUM;9985;15;9982;28;;;10001;15;10003;28;;;9993.0;9153.0
-2;509200;INTARIAN_PEPPER_ROOT;10503;9;10501;23;;;10515;9;;;;;10509.0;39940.0
-2;509300;ASH_COATED_OSMIUM;9984;13;9982;21;;;10000;13;10003;21;;;9992.0;9119.0
-2;509300;INTARIAN_PEPPER_ROOT;10504;9;;;;;10515;9;10518;23;;;10509.5;39980.0
-2;509400;ASH_COATED_OSMIUM;;;;;;;10000;10;10003;30;;;10000.0;9391.0
-2;509400;INTARIAN_PEPPER_ROOT;10504;8;;;;;10506;4;10515;8;10518;24;10505.0;39620.0
-2;509500;ASH_COATED_OSMIUM;9982;25;;;;;10001;12;10003;25;;;9991.5;9102.0
-2;509500;INTARIAN_PEPPER_ROOT;10504;10;10501;15;;;10515;10;10518;15;;;10509.5;39980.0
-2;509600;ASH_COATED_OSMIUM;9985;15;9983;30;;;10001;15;10003;30;;;9993.0;9153.0
-2;509600;INTARIAN_PEPPER_ROOT;10501;19;;;;;10515;12;10518;19;;;10508.0;39860.0
-2;509700;ASH_COATED_OSMIUM;9985;10;9982;26;;;10000;10;10003;26;;;9992.5;9136.0
-2;509700;INTARIAN_PEPPER_ROOT;10504;9;;;;;10515;9;10518;23;;;10509.5;39980.0
-2;509800;ASH_COATED_OSMIUM;9985;14;9982;30;;;10001;14;10003;30;;;9993.0;9153.0
-2;509800;INTARIAN_PEPPER_ROOT;10504;9;10501;20;;;10516;9;10518;20;;;10510.0;40020.0
-2;509900;ASH_COATED_OSMIUM;9984;15;9982;29;;;10000;15;10003;29;;;9992.0;9119.0
-2;509900;INTARIAN_PEPPER_ROOT;10504;9;10502;23;;;10518;23;;;;;10511.0;40100.0
-2;510000;ASH_COATED_OSMIUM;9984;15;9982;20;;;;;;;;;9984.0;8847.0
-2;510000;INTARIAN_PEPPER_ROOT;10504;11;;;;;10518;16;;;;;10511.0;40100.0
-2;510100;ASH_COATED_OSMIUM;9984;10;9981;28;;;10000;10;10002;28;;;9992.0;9119.0
-2;510100;INTARIAN_PEPPER_ROOT;10504;12;10502;24;;;10516;12;;;;;10510.0;40020.0
-2;510200;ASH_COATED_OSMIUM;9984;14;;;;;;;;;;;9984.0;8847.0
-2;510200;INTARIAN_PEPPER_ROOT;10504;8;10502;19;;;10516;8;10519;19;;;10510.0;40020.0
-2;510300;ASH_COATED_OSMIUM;9984;14;9982;21;;;10000;14;10003;21;;;9992.0;9119.0
-2;510300;INTARIAN_PEPPER_ROOT;10505;9;10502;19;;;10516;9;;;;;10510.5;40060.0
-2;510400;ASH_COATED_OSMIUM;9984;15;9982;20;;;10003;20;;;;;9993.5;9170.0
-2;510400;INTARIAN_PEPPER_ROOT;10505;9;10502;25;;;10516;9;10519;25;;;10510.5;40060.0
-2;510500;ASH_COATED_OSMIUM;;;;;;;10000;14;;;;;10000.0;9391.0
-2;510500;INTARIAN_PEPPER_ROOT;10505;11;10502;19;;;10519;19;;;;;10512.0;40180.0
-2;510600;ASH_COATED_OSMIUM;9984;12;;;;;10000;12;10002;21;;;9992.0;9119.0
-2;510600;INTARIAN_PEPPER_ROOT;10505;12;;;;;10516;12;10519;21;;;10510.5;40060.0
-2;510700;ASH_COATED_OSMIUM;9984;10;9982;30;;;10003;30;;;;;9993.5;9170.0
-2;510700;INTARIAN_PEPPER_ROOT;10505;9;10502;15;;;10516;9;10519;15;;;10510.5;40060.0
-2;510800;ASH_COATED_OSMIUM;9984;13;9982;30;;;10003;30;;;;;9993.5;9170.0
-2;510800;INTARIAN_PEPPER_ROOT;10505;12;;;;;10517;12;10519;18;;;10511.0;40100.0
-2;510900;ASH_COATED_OSMIUM;9984;15;9981;25;;;10000;15;10002;25;;;9992.0;9119.0
-2;510900;INTARIAN_PEPPER_ROOT;10505;10;;;;;10517;10;;;;;10511.0;40100.0
-2;511000;ASH_COATED_OSMIUM;9984;10;9981;30;;;10002;30;;;;;9993.0;9153.0
-2;511000;INTARIAN_PEPPER_ROOT;10505;10;10503;24;;;10517;10;10519;24;;;10511.0;40100.0
-2;511100;ASH_COATED_OSMIUM;9984;13;9981;25;;;10000;13;10002;25;;;9992.0;9119.0
-2;511100;INTARIAN_PEPPER_ROOT;10503;22;;;;;10519;22;;;;;10511.0;40100.0
-2;511200;ASH_COATED_OSMIUM;9984;15;9981;30;;;10002;30;;;;;9993.0;9153.0
-2;511200;INTARIAN_PEPPER_ROOT;10505;8;10503;24;;;10517;8;;;;;10511.0;40100.0
-2;511300;ASH_COATED_OSMIUM;9984;13;;;;;10000;13;10003;27;;;9992.0;9119.0
-2;511300;INTARIAN_PEPPER_ROOT;10506;9;10503;22;;;10517;9;10520;22;;;10511.5;40140.0
-2;511400;ASH_COATED_OSMIUM;9989;2;9984;10;9981;26;10000;10;10002;26;;;9994.5;9204.0
-2;511400;INTARIAN_PEPPER_ROOT;10506;8;10503;16;;;10508;3;10517;8;10520;16;10507.0;39780.0
-2;511500;ASH_COATED_OSMIUM;9993;6;9984;15;9981;22;10000;15;10002;22;;;9996.5;9251.0
-2;511500;INTARIAN_PEPPER_ROOT;10506;11;10503;23;;;10517;11;10520;23;;;10511.5;40140.0
-2;511600;ASH_COATED_OSMIUM;;;;;;;10002;28;;;;;10002.0;9405.0
-2;511600;INTARIAN_PEPPER_ROOT;10506;11;;;;;;;;;;;10506.0;39700.0
-2;511700;ASH_COATED_OSMIUM;9984;12;;;;;10002;23;;;;;9993.0;9153.0
-2;511700;INTARIAN_PEPPER_ROOT;10506;12;;;;;10517;12;10520;19;;;10511.5;40140.0
-2;511800;ASH_COATED_OSMIUM;9982;25;;;;;10000;11;10003;25;;;9991.0;9097.0
-2;511800;INTARIAN_PEPPER_ROOT;10506;10;;;;;;;;;;;10506.0;39700.0
-2;511900;ASH_COATED_OSMIUM;9984;10;9981;21;;;10000;10;10002;21;;;9992.0;9125.0
-2;511900;INTARIAN_PEPPER_ROOT;10504;24;;;;;10518;12;10520;24;;;10511.0;40100.0
-2;512000;ASH_COATED_OSMIUM;9984;12;9981;30;;;10000;12;10002;30;;;9992.0;9125.0
-2;512000;INTARIAN_PEPPER_ROOT;10506;9;10504;24;;;10518;9;10520;24;;;10512.0;40180.0
-2;512100;ASH_COATED_OSMIUM;9984;11;9981;24;;;10000;11;10002;24;;;9992.0;9125.0
-2;512100;INTARIAN_PEPPER_ROOT;10506;9;10504;15;;;10518;9;10520;15;;;10512.0;40180.0
-2;512200;ASH_COATED_OSMIUM;9984;10;9981;30;;;10000;10;;;;;9992.0;9125.0
-2;512200;INTARIAN_PEPPER_ROOT;;;;;;;10521;22;;;;;10521.0;40900.0
-2;512300;ASH_COATED_OSMIUM;9984;13;;;;;10000;13;10002;24;;;9992.0;9125.0
-2;512300;INTARIAN_PEPPER_ROOT;10507;10;10504;25;;;10518;10;10521;25;;;10512.5;40220.0
-2;512400;ASH_COATED_OSMIUM;9984;13;9981;22;;;10000;13;;;;;9992.0;9174.0
-2;512400;INTARIAN_PEPPER_ROOT;10507;8;10504;21;;;10518;8;;;;;10512.5;40220.0
-2;512500;ASH_COATED_OSMIUM;9984;12;;;;;10000;12;;;;;9992.0;9174.0
-2;512500;INTARIAN_PEPPER_ROOT;10507;8;10504;16;;;10521;16;;;;;10514.0;40340.0
-2;512600;ASH_COATED_OSMIUM;9983;14;9981;22;;;9993;2;9999;14;10002;22;9988.0;9090.0
-2;512600;INTARIAN_PEPPER_ROOT;10507;12;10504;24;;;10518;12;10521;24;;;10512.5;40220.0
-2;512700;ASH_COATED_OSMIUM;9983;13;9980;22;;;10001;22;;;;;9992.0;9174.0
-2;512700;INTARIAN_PEPPER_ROOT;10507;10;10504;20;;;10518;10;10521;20;;;10512.5;40220.0
-2;512800;ASH_COATED_OSMIUM;9981;24;;;;;10002;24;;;;;9991.5;9163.5
-2;512800;INTARIAN_PEPPER_ROOT;10504;25;;;;;10519;8;10521;25;;;10511.5;40140.0
-2;512900;ASH_COATED_OSMIUM;9984;12;9981;23;;;10000;12;10002;23;;;9992.0;9174.0
-2;512900;INTARIAN_PEPPER_ROOT;10507;10;;;;;10519;10;10521;24;;;10513.0;40260.0
-2;513000;ASH_COATED_OSMIUM;9984;12;;;;;10002;23;;;;;9993.0;9195.0
-2;513000;INTARIAN_PEPPER_ROOT;10507;10;;;;;10519;10;10521;18;;;10513.0;40260.0
-2;513100;ASH_COATED_OSMIUM;9984;11;;;;;10000;11;10002;25;;;9992.0;9174.0
-2;513100;INTARIAN_PEPPER_ROOT;10507;12;10505;20;;;10519;12;10521;20;;;10513.0;40260.0
-2;513200;ASH_COATED_OSMIUM;9984;12;9982;21;;;10000;12;;;;;9992.0;9174.0
-2;513200;INTARIAN_PEPPER_ROOT;10507;10;10505;23;;;10519;10;10522;23;;;10513.0;40260.0
-2;513300;ASH_COATED_OSMIUM;9984;11;9981;25;;;9989;8;10000;11;10002;25;9986.5;9038.5
-2;513300;INTARIAN_PEPPER_ROOT;10508;12;;;;;10519;12;;;;;10513.5;40300.0
-2;513400;ASH_COATED_OSMIUM;9982;29;;;;;10000;10;10003;29;;;9991.0;9169.0
-2;513400;INTARIAN_PEPPER_ROOT;10508;11;10505;16;;;10519;11;;;;;10513.5;40300.0
-2;513500;ASH_COATED_OSMIUM;9984;13;9981;27;;;10000;13;10002;27;;;9992.0;9198.0
-2;513500;INTARIAN_PEPPER_ROOT;10508;11;10505;22;;;10519;11;10522;22;;;10513.5;40300.0
-2;513600;ASH_COATED_OSMIUM;9981;26;;;;;10000;11;;;;;9990.5;9154.5
-2;513600;INTARIAN_PEPPER_ROOT;10505;25;;;;;10519;12;10522;25;;;10512.0;40180.0
-2;513700;ASH_COATED_OSMIUM;9984;14;9981;29;;;;;;;;;9984.0;8966.0
-2;513700;INTARIAN_PEPPER_ROOT;10508;9;10505;17;;;10519;9;10522;17;;;10513.5;40300.0
-2;513800;ASH_COATED_OSMIUM;9981;25;;;;;10000;12;10002;25;;;9990.5;9154.5
-2;513800;INTARIAN_PEPPER_ROOT;10505;24;;;;;10520;8;10522;24;;;10512.5;40220.0
-2;513900;ASH_COATED_OSMIUM;9983;12;9981;22;;;9999;12;;;;;9991.0;9169.0
-2;513900;INTARIAN_PEPPER_ROOT;10508;12;10506;21;;;10520;12;10522;21;;;10514.0;40340.0
-2;514000;ASH_COATED_OSMIUM;9983;15;;;;;9999;15;10002;26;;;9991.0;9169.0
-2;514000;INTARIAN_PEPPER_ROOT;10506;25;;;;;10520;9;;;;;10513.0;40260.0
-2;514100;ASH_COATED_OSMIUM;9984;11;;;;;10000;11;10002;20;;;9992.0;9198.0
-2;514100;INTARIAN_PEPPER_ROOT;10506;16;;;;;10520;12;10522;16;;;10513.0;40260.0
-2;514200;ASH_COATED_OSMIUM;9984;10;9981;24;;;10000;10;;;;;9992.0;9198.0
-2;514200;INTARIAN_PEPPER_ROOT;10508;8;10506;21;;;10520;8;10523;21;;;10514.0;40340.0
-2;514300;ASH_COATED_OSMIUM;9984;14;9982;21;;;10000;14;;;;;9992.0;9198.0
-2;514300;INTARIAN_PEPPER_ROOT;10509;10;10506;19;;;10520;10;;;;;10514.5;40380.0
-2;514400;ASH_COATED_OSMIUM;;;;;;;10000;12;10002;27;;;10000.0;9430.0
-2;514400;INTARIAN_PEPPER_ROOT;10509;8;;;;;;;;;;;10509.0;39940.0
-2;514500;ASH_COATED_OSMIUM;9984;13;9982;29;;;10000;13;10003;29;;;9992.0;9198.0
-2;514500;INTARIAN_PEPPER_ROOT;10509;8;10506;24;;;10520;8;10523;24;;;10514.5;40380.0
-2;514600;ASH_COATED_OSMIUM;9983;10;9981;24;;;9999;10;10002;24;;;9991.0;9169.0
-2;514600;INTARIAN_PEPPER_ROOT;10506;22;;;;;10520;10;;;;;10513.0;40260.0
-2;514700;ASH_COATED_OSMIUM;9984;10;;;;;10000;10;10002;23;;;9992.0;9198.0
-2;514700;INTARIAN_PEPPER_ROOT;10509;9;10506;23;;;10520;9;10523;23;;;10514.5;40380.0
-2;514800;ASH_COATED_OSMIUM;9983;14;9981;28;;;9999;14;10002;28;;;9991.0;9169.0
-2;514800;INTARIAN_PEPPER_ROOT;10509;11;;;;;10521;11;10523;22;;;10515.0;40420.0
-2;514900;ASH_COATED_OSMIUM;9981;24;;;;;9999;15;10002;24;;;9990.0;9140.0
-2;514900;INTARIAN_PEPPER_ROOT;10509;11;10507;15;;;10521;11;10523;15;;;10515.0;40420.0
-2;515000;ASH_COATED_OSMIUM;9984;12;9981;25;;;10000;12;10002;25;;;9992.0;9198.0
-2;515000;INTARIAN_PEPPER_ROOT;;;;;;;10521;8;10523;19;;;10521.0;40900.0
-2;515100;ASH_COATED_OSMIUM;9984;14;9981;29;;;10000;14;10002;29;;;9992.0;9240.0
-2;515100;INTARIAN_PEPPER_ROOT;10509;10;10507;19;;;10523;19;;;;;10516.0;40500.0
-2;515200;ASH_COATED_OSMIUM;9983;12;9981;28;;;10002;28;;;;;9992.5;9257.5
-2;515200;INTARIAN_PEPPER_ROOT;10509;8;10507;25;;;10521;8;10524;25;;;10515.0;40420.0
-2;515300;ASH_COATED_OSMIUM;9983;10;9981;30;;;;;;;;;9983.0;8925.0
-2;515300;INTARIAN_PEPPER_ROOT;10510;10;10507;17;;;10521;10;10524;17;;;10515.5;40460.0
-2;515400;ASH_COATED_OSMIUM;9983;14;9980;24;;;9992;2;9999;14;10001;24;9987.5;9082.5
-2;515400;INTARIAN_PEPPER_ROOT;10510;10;10507;16;;;10521;10;10524;16;;;10515.5;40460.0
-2;515500;ASH_COATED_OSMIUM;9983;11;9980;30;;;9999;11;10001;30;;;9991.0;9205.0
-2;515500;INTARIAN_PEPPER_ROOT;10510;12;10507;23;;;10524;23;;;;;10517.0;40580.0
-2;515600;ASH_COATED_OSMIUM;9982;14;9980;20;;;9998;14;10001;20;;;9990.0;9170.0
-2;515600;INTARIAN_PEPPER_ROOT;10510;12;10507;25;;;10521;12;10524;25;;;10515.5;40460.0
-2;515700;ASH_COATED_OSMIUM;;;;;;;10000;20;;;;;10000.0;9520.0
-2;515700;INTARIAN_PEPPER_ROOT;10510;9;10507;24;;;10521;9;10524;24;;;10515.5;40460.0
-2;515800;ASH_COATED_OSMIUM;9982;12;9979;30;;;9998;12;10000;30;;;9990.0;9212.0
-2;515800;INTARIAN_PEPPER_ROOT;10510;8;10507;23;;;;;;;;;10510.0;40020.0
-2;515900;ASH_COATED_OSMIUM;9979;24;;;;;9998;14;10000;24;;;9988.5;9150.5
-2;515900;INTARIAN_PEPPER_ROOT;10510;11;10508;15;;;;;;;;;10510.0;40020.0
-2;516000;ASH_COATED_OSMIUM;9982;12;;;;;9998;12;10000;23;;;9990.0;9212.0
-2;516000;INTARIAN_PEPPER_ROOT;10510;10;10508;22;;;10522;10;;;;;10516.0;40500.0
-2;516100;ASH_COATED_OSMIUM;9982;13;;;;;9998;13;10000;28;;;9990.0;9212.0
-2;516100;INTARIAN_PEPPER_ROOT;10508;20;;;;;10522;10;10524;20;;;10515.0;40420.0
-2;516200;ASH_COATED_OSMIUM;;;;;;;9997;15;10000;27;;;9997.0;9499.0
-2;516200;INTARIAN_PEPPER_ROOT;10510;11;10508;18;;;10522;11;10525;18;;;10516.0;40500.0
-2;516300;ASH_COATED_OSMIUM;9982;15;;;;;9998;15;10000;27;;;9990.0;9212.0
-2;516300;INTARIAN_PEPPER_ROOT;10511;12;10508;16;;;10525;16;;;;;10518.0;40660.0
-2;516400;ASH_COATED_OSMIUM;9981;13;9979;29;;;9997;13;10000;29;;;9989.0;9171.0
-2;516400;INTARIAN_PEPPER_ROOT;10511;12;10508;25;;;10522;12;10525;25;;;10516.5;40540.0
-2;516500;ASH_COATED_OSMIUM;9981;15;9979;21;;;9997;15;10000;21;;;9989.0;9192.0
-2;516500;INTARIAN_PEPPER_ROOT;;;;;;;10522;8;10525;24;;;10522.0;40980.0
-2;516600;ASH_COATED_OSMIUM;9979;22;;;;;9997;15;10000;22;;;9988.0;9154.0
-2;516600;INTARIAN_PEPPER_ROOT;10511;10;;;;;10525;25;;;;;10518.0;40660.0
-2;516700;ASH_COATED_OSMIUM;9981;10;;;;;9997;10;10000;22;;;9989.0;9192.0
-2;516700;INTARIAN_PEPPER_ROOT;10511;10;10508;25;;;10522;10;10525;25;;;10516.5;40540.0
-2;516800;ASH_COATED_OSMIUM;9982;11;9979;26;;;9991;2;9998;11;;;9986.5;9097.0
-2;516800;INTARIAN_PEPPER_ROOT;10508;23;;;;;10513;3;10523;8;10525;23;10510.5;40060.0
-2;516900;ASH_COATED_OSMIUM;9982;15;9980;23;;;9998;15;;;;;9990.0;9230.0
-2;516900;INTARIAN_PEPPER_ROOT;10511;9;;;;;10523;9;10525;25;;;10517.0;40580.0
-2;517000;ASH_COATED_OSMIUM;9982;14;9980;23;;;9998;14;10001;23;;;9990.0;9258.0
-2;517000;INTARIAN_PEPPER_ROOT;10509;21;;;;;10525;21;;;;;10517.0;40580.0
-2;517100;ASH_COATED_OSMIUM;9982;15;9980;27;;;9998;15;10001;27;;;9990.0;9258.0
-2;517100;INTARIAN_PEPPER_ROOT;10511;11;10509;25;;;10523;11;10525;25;;;10517.0;40580.0
-2;517200;ASH_COATED_OSMIUM;9987;2;;;;;9998;15;10000;22;;;9992.5;9343.0
-2;517200;INTARIAN_PEPPER_ROOT;10511;10;10509;16;;;10523;10;10526;16;;;10517.0;40580.0
-2;517300;ASH_COATED_OSMIUM;9981;10;9979;26;;;10000;26;;;;;9990.5;9275.0
-2;517300;INTARIAN_PEPPER_ROOT;10512;10;10509;20;;;10523;10;10526;20;;;10517.5;40620.0
-2;517400;ASH_COATED_OSMIUM;9979;29;;;;;9998;14;10000;29;;;9988.5;9207.0
-2;517400;INTARIAN_PEPPER_ROOT;10512;9;;;;;10523;9;10526;18;;;10517.5;40620.0
-2;517500;ASH_COATED_OSMIUM;9982;15;9979;28;;;9998;15;10000;28;;;9990.0;9258.0
-2;517500;INTARIAN_PEPPER_ROOT;10512;8;10509;21;;;10523;8;10526;21;;;10517.5;40620.0
-2;517600;ASH_COATED_OSMIUM;9982;11;9980;29;;;9998;11;;;;;9990.0;9258.0
-2;517600;INTARIAN_PEPPER_ROOT;10512;8;10509;20;;;10526;20;;;;;10519.0;40740.0
-2;517700;ASH_COATED_OSMIUM;9982;14;9980;26;;;9998;14;10001;26;;;9990.0;9258.0
-2;517700;INTARIAN_PEPPER_ROOT;10512;9;;;;;10523;9;10526;18;;;10517.5;40620.0
-2;517800;ASH_COATED_OSMIUM;9982;13;9980;23;;;9998;13;10001;23;;;9990.0;9258.0
-2;517800;INTARIAN_PEPPER_ROOT;10512;9;10509;20;;;10524;9;;;;;10518.0;40660.0
-2;517900;ASH_COATED_OSMIUM;9983;14;9980;21;;;9999;14;10001;21;;;9991.0;9292.0
-2;517900;INTARIAN_PEPPER_ROOT;10512;9;10510;22;;;10524;9;;;;;10518.0;40660.0
-2;518000;ASH_COATED_OSMIUM;9983;12;9980;28;;;9998;12;;;;;9990.5;9275.0
-2;518000;INTARIAN_PEPPER_ROOT;10512;9;10510;16;;;10524;9;10526;16;;;10518.0;40660.0
-2;518100;ASH_COATED_OSMIUM;9983;12;9980;22;;;9999;12;10001;22;;;9991.0;9292.0
-2;518100;INTARIAN_PEPPER_ROOT;10512;9;10510;17;;;10524;9;10526;17;;;10518.0;40660.0
-2;518200;ASH_COATED_OSMIUM;9982;10;9980;23;;;9998;10;10001;23;;;9990.0;9258.0
-2;518200;INTARIAN_PEPPER_ROOT;10512;10;;;;;10524;10;;;;;10518.0;40660.0
-2;518300;ASH_COATED_OSMIUM;9983;14;9980;29;;;9999;14;10001;29;;;9991.0;9292.0
-2;518300;INTARIAN_PEPPER_ROOT;10513;8;10510;23;;;10524;8;10527;23;;;10518.5;40700.0
-2;518400;ASH_COATED_OSMIUM;9983;13;9981;28;;;9999;13;10002;28;;;9991.0;9292.0
-2;518400;INTARIAN_PEPPER_ROOT;10513;12;10510;20;;;10524;12;10527;20;;;10518.5;40700.0
-2;518500;ASH_COATED_OSMIUM;9983;11;9980;25;;;9999;11;10001;25;;;9991.0;9292.0
-2;518500;INTARIAN_PEPPER_ROOT;10513;10;10510;18;;;10524;10;10527;18;;;10518.5;40700.0
-2;518600;ASH_COATED_OSMIUM;9983;11;9980;29;;;9999;11;;;;;9991.0;9292.0
-2;518600;INTARIAN_PEPPER_ROOT;10510;16;;;;;10524;10;10527;16;;;10517.0;40580.0
-2;518700;ASH_COATED_OSMIUM;9983;12;9981;24;;;9999;12;10002;24;;;9991.0;9292.0
-2;518700;INTARIAN_PEPPER_ROOT;10513;9;10510;20;;;10524;9;10527;20;;;10518.5;40700.0
-2;518800;ASH_COATED_OSMIUM;9981;24;;;;;9999;15;10002;24;;;9990.0;9258.0
-2;518800;INTARIAN_PEPPER_ROOT;10513;11;10510;23;;;10525;11;10527;23;;;10519.0;40740.0
-2;518900;ASH_COATED_OSMIUM;9983;14;9981;30;;;9999;14;10002;30;;;9991.0;9292.0
-2;518900;INTARIAN_PEPPER_ROOT;10513;11;10511;21;;;10521;6;10525;11;10527;21;10517.0;40580.0
-2;519000;ASH_COATED_OSMIUM;9983;10;9981;30;;;10002;30;;;;;9992.5;9343.0
-2;519000;INTARIAN_PEPPER_ROOT;;;;;;;10527;24;;;;;10527.0;41380.0
-2;519100;ASH_COATED_OSMIUM;9983;10;9981;26;;;;;;;;;9983.0;9020.0
-2;519100;INTARIAN_PEPPER_ROOT;10513;12;10511;15;;;10525;12;10527;15;;;10519.0;40740.0
-2;519200;ASH_COATED_OSMIUM;9984;11;9981;23;;;10002;23;;;;;9993.0;9360.0
-2;519200;INTARIAN_PEPPER_ROOT;10513;11;10511;15;;;10525;11;10528;15;;;10519.0;40740.0
-2;519300;ASH_COATED_OSMIUM;9984;11;9982;21;;;10003;21;;;;;9993.5;9377.0
-2;519300;INTARIAN_PEPPER_ROOT;10511;15;;;;;10525;8;10528;15;;;10518.0;40660.0
-2;519400;ASH_COATED_OSMIUM;9985;13;9982;21;;;10001;13;10003;21;;;9993.0;9360.0
-2;519400;INTARIAN_PEPPER_ROOT;10514;12;10511;16;;;10525;12;10528;16;;;10519.5;40780.0
-2;519500;ASH_COATED_OSMIUM;9985;15;9982;22;;;10003;22;;;;;9994.0;9394.0
-2;519500;INTARIAN_PEPPER_ROOT;10514;11;10511;24;;;10528;24;;;;;10521.0;40900.0
-2;519600;ASH_COATED_OSMIUM;9984;10;;;;;10000;10;10003;27;;;9992.0;9326.0
-2;519600;INTARIAN_PEPPER_ROOT;10514;9;10511;22;;;10525;9;10528;22;;;10519.5;40780.0
-2;519700;ASH_COATED_OSMIUM;9982;21;;;;;10001;15;10003;21;;;9991.5;9309.0
-2;519700;INTARIAN_PEPPER_ROOT;;;;;;;10525;9;10528;24;;;10525.0;41220.0
-2;519800;ASH_COATED_OSMIUM;9985;13;9982;30;;;10001;13;10003;30;;;9993.0;9360.0
-2;519800;INTARIAN_PEPPER_ROOT;10514;11;10511;17;;;10526;11;10528;17;;;10520.0;40820.0
-2;519900;ASH_COATED_OSMIUM;9985;10;9982;22;;;10001;10;10003;22;;;9993.0;9360.0
-2;519900;INTARIAN_PEPPER_ROOT;10514;8;10512;15;;;10526;8;;;;;10520.0;40820.0
-2;520000;ASH_COATED_OSMIUM;9985;10;9983;26;;;10001;10;10003;26;;;9993.0;9360.0
-2;520000;INTARIAN_PEPPER_ROOT;10514;12;;;;;10526;12;10528;21;;;10520.0;40820.0
-2;520100;ASH_COATED_OSMIUM;9982;26;;;;;10001;12;10003;26;;;9991.5;9309.0
-2;520100;INTARIAN_PEPPER_ROOT;10514;10;;;;;10526;10;10528;15;;;10520.0;40820.0
-2;520200;ASH_COATED_OSMIUM;9985;12;9982;28;;;10001;12;10003;28;;;9993.0;9360.0
-2;520200;INTARIAN_PEPPER_ROOT;10514;10;10512;20;;;10526;10;10529;20;;;10520.0;40820.0
-2;520300;ASH_COATED_OSMIUM;9984;13;9982;30;;;10000;13;10003;30;;;9992.0;9326.0
-2;520300;INTARIAN_PEPPER_ROOT;;;;;;;10526;11;10529;22;;;10526.0;41300.0
-2;520400;ASH_COATED_OSMIUM;;;;;;;10000;12;10002;29;;;10000.0;9598.0
-2;520400;INTARIAN_PEPPER_ROOT;10515;9;10512;15;;;10526;9;10529;15;;;10520.5;40860.0
-2;520500;ASH_COATED_OSMIUM;9984;14;9982;25;;;10000;14;10002;25;;;9992.0;9326.0
-2;520500;INTARIAN_PEPPER_ROOT;10515;10;10512;19;;;10526;10;;;;;10520.5;40860.0
-2;520600;ASH_COATED_OSMIUM;9984;10;9982;21;;;10000;10;10003;21;;;9992.0;9326.0
-2;520600;INTARIAN_PEPPER_ROOT;10515;8;10512;22;;;10526;8;10529;22;;;10520.5;40860.0
-2;520700;ASH_COATED_OSMIUM;9984;11;9982;27;;;10000;11;;;;;9992.0;9326.0
-2;520700;INTARIAN_PEPPER_ROOT;10515;12;10512;23;;;10526;12;10529;23;;;10520.5;40860.0
-2;520800;ASH_COATED_OSMIUM;9984;10;9982;30;;;9994;3;10000;10;10003;30;9989.0;9224.0
-2;520800;INTARIAN_PEPPER_ROOT;10515;10;10512;21;;;10527;10;10529;21;;;10521.0;40900.0
-2;520900;ASH_COATED_OSMIUM;9984;11;9982;29;;;10000;11;10003;29;;;9992.0;9326.0
-2;520900;INTARIAN_PEPPER_ROOT;10515;8;10513;21;;;10527;8;10529;21;;;10521.0;40900.0
-2;521000;ASH_COATED_OSMIUM;9984;13;;;;;10000;13;10003;24;;;9992.0;9326.0
-2;521000;INTARIAN_PEPPER_ROOT;;;;;;;10527;9;10529;20;;;10527.0;41380.0
-2;521100;ASH_COATED_OSMIUM;9984;15;9981;28;;;10000;15;10002;28;;;9992.0;9326.0
-2;521100;INTARIAN_PEPPER_ROOT;10515;9;10513;16;;;10527;9;10529;16;;;10521.0;40900.0
-2;521200;ASH_COATED_OSMIUM;9984;15;9981;30;;;10002;30;;;;;9993.0;9360.0
-2;521200;INTARIAN_PEPPER_ROOT;10515;12;10513;24;;;10527;12;;;;;10521.0;40900.0
-2;521300;ASH_COATED_OSMIUM;9984;13;9982;27;;;10000;13;10003;27;;;9992.0;9326.0
-2;521300;INTARIAN_PEPPER_ROOT;10516;9;10513;16;;;10527;9;10530;16;;;10521.5;40940.0
-2;521400;ASH_COATED_OSMIUM;9993;10;9984;13;9981;29;10000;13;;;;;9996.5;9444.0
-2;521400;INTARIAN_PEPPER_ROOT;10516;9;10513;21;;;10527;9;10530;21;;;10521.5;40940.0
-2;521500;ASH_COATED_OSMIUM;9984;15;9981;24;;;10000;15;10002;24;;;9992.0;9336.0
-2;521500;INTARIAN_PEPPER_ROOT;10516;8;;;;;10527;8;10530;20;;;10521.5;40940.0
-2;521600;ASH_COATED_OSMIUM;9984;10;9981;30;;;10000;10;10002;30;;;9992.0;9336.0
-2;521600;INTARIAN_PEPPER_ROOT;10516;9;10513;24;;;10527;9;10530;24;;;10521.5;40940.0
-2;521700;ASH_COATED_OSMIUM;9984;13;;;;;10003;28;;;;;9993.5;9372.0
-2;521700;INTARIAN_PEPPER_ROOT;10513;18;;;;;10527;12;;;;;10520.0;40820.0
-2;521800;ASH_COATED_OSMIUM;9985;12;9982;26;;;10003;26;;;;;9994.0;9384.0
-2;521800;INTARIAN_PEPPER_ROOT;10516;9;10513;20;;;10528;9;10530;20;;;10522.0;40980.0
-2;521900;ASH_COATED_OSMIUM;9984;10;9982;20;;;10000;10;10003;20;;;9992.0;9336.0
-2;521900;INTARIAN_PEPPER_ROOT;10516;10;;;;;10528;10;10530;25;;;10522.0;40980.0
-2;522000;ASH_COATED_OSMIUM;9985;11;9982;26;;;10001;11;10003;26;;;9993.0;9360.0
-2;522000;INTARIAN_PEPPER_ROOT;10516;12;10514;15;;;;;;;;;10516.0;40500.0
-2;522100;ASH_COATED_OSMIUM;9985;14;9982;29;;;10003;29;;;;;9994.0;9384.0
-2;522100;INTARIAN_PEPPER_ROOT;10519;8;10514;19;;;10528;9;;;;;10523.5;41100.0
-2;522200;ASH_COATED_OSMIUM;9985;10;9982;27;;;10001;10;;;;;9993.0;9360.0
-2;522200;INTARIAN_PEPPER_ROOT;10516;9;;;;;10528;9;10531;22;;;10522.0;40980.0
-2;522300;ASH_COATED_OSMIUM;9986;11;9983;25;;;10002;11;10004;25;;;9994.0;9384.0
-2;522300;INTARIAN_PEPPER_ROOT;10517;8;10514;25;;;10528;8;10531;25;;;10522.5;41020.0
-2;522400;ASH_COATED_OSMIUM;9986;14;9984;22;;;10002;14;10005;22;;;9994.0;9384.0
-2;522400;INTARIAN_PEPPER_ROOT;10517;12;10514;25;;;10528;12;10531;25;;;10522.5;41020.0
-2;522500;ASH_COATED_OSMIUM;9986;11;;;;;10002;11;10005;28;;;9994.0;9384.0
-2;522500;INTARIAN_PEPPER_ROOT;10517;11;10514;21;;;10528;11;;;;;10522.5;41020.0
-2;522600;ASH_COATED_OSMIUM;9986;15;9984;22;;;10002;15;10005;22;;;9994.0;9384.0
-2;522600;INTARIAN_PEPPER_ROOT;10517;12;10514;22;;;10528;12;10531;22;;;10522.5;41020.0
-2;522700;ASH_COATED_OSMIUM;9986;12;9983;22;;;10002;12;10004;22;;;9994.0;9384.0
-2;522700;INTARIAN_PEPPER_ROOT;10514;20;;;;;10531;20;;;;;10522.5;41020.0
-2;522800;ASH_COATED_OSMIUM;9985;15;;;;;10001;15;10004;23;;;9993.0;9360.0
-2;522800;INTARIAN_PEPPER_ROOT;10517;11;10514;25;;;10529;11;10531;25;;;10523.0;41060.0
-2;522900;ASH_COATED_OSMIUM;9991;4;9986;10;9983;25;10002;10;10004;25;;;9996.5;9444.0
-2;522900;INTARIAN_PEPPER_ROOT;10517;8;10515;19;;;10529;8;10531;19;;;10523.0;41060.0
-2;523000;ASH_COATED_OSMIUM;9985;13;;;;;10001;13;10004;29;;;9993.0;9360.0
-2;523000;INTARIAN_PEPPER_ROOT;10517;11;10515;25;;;10519;8;10529;11;;;10518.0;40660.0
-2;523100;ASH_COATED_OSMIUM;9985;11;9983;22;;;10001;11;10004;22;;;9993.0;9360.0
-2;523100;INTARIAN_PEPPER_ROOT;10517;12;;;;;10529;12;10531;15;;;10523.0;41060.0
-2;523200;ASH_COATED_OSMIUM;9983;21;;;;;10002;11;10004;21;;;9992.5;9348.0
-2;523200;INTARIAN_PEPPER_ROOT;;;;;;;10529;11;10532;19;;;10529.0;41540.0
-2;523300;ASH_COATED_OSMIUM;9986;11;9983;20;;;;;;;;;9986.0;9192.0
-2;523300;INTARIAN_PEPPER_ROOT;10518;9;10515;16;;;10529;9;10532;16;;;10523.5;41100.0
-2;523400;ASH_COATED_OSMIUM;9986;10;;;;;10002;10;10004;22;;;9994.0;9384.0
-2;523400;INTARIAN_PEPPER_ROOT;10518;12;10515;16;;;10529;12;10532;16;;;10523.5;41100.0
-2;523500;ASH_COATED_OSMIUM;9985;15;;;;;10004;22;;;;;9994.5;9396.0
-2;523500;INTARIAN_PEPPER_ROOT;10518;10;;;;;10529;10;10532;15;;;10523.5;41100.0
-2;523600;ASH_COATED_OSMIUM;;;;;;;10001;15;10004;29;;;10001.0;9552.0
-2;523600;INTARIAN_PEPPER_ROOT;10518;8;;;;;10532;22;;;;;10525.0;41220.0
-2;523700;ASH_COATED_OSMIUM;9983;23;;;;;9995;5;10001;14;10004;23;9989.0;9264.0
-2;523700;INTARIAN_PEPPER_ROOT;10518;10;10515;22;;;10529;10;;;;;10523.5;41100.0
-2;523800;ASH_COATED_OSMIUM;9985;10;9983;22;;;10004;22;;;;;9994.5;9396.0
-2;523800;INTARIAN_PEPPER_ROOT;10518;9;10515;17;;;10530;9;10532;17;;;10524.0;41140.0
-2;523900;ASH_COATED_OSMIUM;9985;10;;;;;10001;10;;;;;9993.0;9360.0
-2;523900;INTARIAN_PEPPER_ROOT;10516;23;;;;;10530;12;;;;;10523.0;41060.0
-2;524000;ASH_COATED_OSMIUM;9986;15;9983;22;;;;;;;;;9986.0;9192.0
-2;524000;INTARIAN_PEPPER_ROOT;10518;12;10516;18;;;10530;12;10532;18;;;10524.0;41140.0
-2;524100;ASH_COATED_OSMIUM;9985;11;9983;20;;;;;;;;;9985.0;9168.0
-2;524100;INTARIAN_PEPPER_ROOT;10518;9;10516;20;;;10530;9;10532;20;;;10524.0;41140.0
-2;524200;ASH_COATED_OSMIUM;9986;15;9983;26;;;10004;26;;;;;9995.0;9408.0
-2;524200;INTARIAN_PEPPER_ROOT;10518;10;10516;16;;;10530;10;10533;16;;;10524.0;41140.0
-2;524300;ASH_COATED_OSMIUM;9985;15;9983;24;;;10001;15;;;;;9993.0;9360.0
-2;524300;INTARIAN_PEPPER_ROOT;10519;11;10516;23;;;10530;11;10533;23;;;10524.5;41180.0
-2;524400;ASH_COATED_OSMIUM;9985;15;9983;28;;;10001;15;;;;;9993.0;9360.0
-2;524400;INTARIAN_PEPPER_ROOT;10516;18;;;;;10530;10;10533;18;;;10523.0;41060.0
-2;524500;ASH_COATED_OSMIUM;9985;10;9983;22;;;10001;10;10004;22;;;9993.0;9360.0
-2;524500;INTARIAN_PEPPER_ROOT;10519;11;10516;20;;;10530;11;10533;20;;;10524.5;41180.0
-2;524600;ASH_COATED_OSMIUM;9985;13;;;;;10001;13;;;;;9993.0;9360.0
-2;524600;INTARIAN_PEPPER_ROOT;10519;11;10516;18;;;10530;11;10533;18;;;10524.5;41180.0
-2;524700;ASH_COATED_OSMIUM;9983;28;;;;;10001;15;10004;28;;;9992.0;9336.0
-2;524700;INTARIAN_PEPPER_ROOT;10519;8;;;;;10530;8;10533;21;;;10524.5;41180.0
-2;524800;ASH_COATED_OSMIUM;9986;11;9983;21;;;9995;4;10002;11;10004;21;9990.5;9300.0
-2;524800;INTARIAN_PEPPER_ROOT;10519;9;10516;24;;;10531;9;10533;24;;;10525.0;41220.0
-2;524900;ASH_COATED_OSMIUM;9986;11;9983;27;;;;;;;;;9986.0;9189.0
-2;524900;INTARIAN_PEPPER_ROOT;10519;8;10517;24;;;10533;24;;;;;10526.0;41300.0
-2;525000;ASH_COATED_OSMIUM;9986;15;9983;20;;;10002;15;10004;20;;;9994.0;9405.0
-2;525000;INTARIAN_PEPPER_ROOT;10519;9;10517;16;;;10531;9;10533;16;;;10525.0;41220.0
-2;525100;ASH_COATED_OSMIUM;;;;;;;10002;12;10004;24;;;10002.0;9621.0
-2;525100;INTARIAN_PEPPER_ROOT;10519;11;10517;24;;;;;;;;;10519.0;40740.0
-2;525200;ASH_COATED_OSMIUM;9986;13;9983;30;;;10002;13;10004;30;;;9994.0;9405.0
-2;525200;INTARIAN_PEPPER_ROOT;10519;8;10517;21;;;10531;8;;;;;10525.0;41220.0
-2;525300;ASH_COATED_OSMIUM;9986;11;9983;30;;;9995;4;10004;30;;;9990.5;9310.5
-2;525300;INTARIAN_PEPPER_ROOT;10520;9;10517;22;;;10531;9;10534;22;;;10525.5;41260.0
-2;525400;ASH_COATED_OSMIUM;9986;11;9983;27;;;9991;8;10002;11;10004;27;9988.5;9236.5
-2;525400;INTARIAN_PEPPER_ROOT;10520;12;;;;;10531;12;10534;20;;;10525.5;41260.0
-2;525500;ASH_COATED_OSMIUM;9986;13;9983;25;;;10002;13;;;;;9994.0;9429.0
-2;525500;INTARIAN_PEPPER_ROOT;10520;12;10517;15;;;10531;12;;;;;10525.5;41260.0
-2;525600;ASH_COATED_OSMIUM;9986;12;;;;;;;;;;;9986.0;9141.0
-2;525600;INTARIAN_PEPPER_ROOT;10520;8;10517;22;;;10531;8;10534;22;;;10525.5;41260.0
-2;525700;ASH_COATED_OSMIUM;9986;11;9984;20;;;10002;11;10005;20;;;9994.0;9485.0
-2;525700;INTARIAN_PEPPER_ROOT;10520;12;10517;25;;;10531;12;;;;;10525.5;41260.0
-2;525800;ASH_COATED_OSMIUM;9986;11;;;;;10002;11;10005;27;;;9994.0;9485.0
-2;525800;INTARIAN_PEPPER_ROOT;10520;8;10517;23;;;10532;8;10534;23;;;10526.0;41300.0
-2;525900;ASH_COATED_OSMIUM;9984;27;;;;;10002;13;10005;27;;;9993.0;9442.0
-2;525900;INTARIAN_PEPPER_ROOT;10520;12;10518;21;;;10532;12;10534;21;;;10526.0;41300.0
-2;526000;ASH_COATED_OSMIUM;9987;15;9984;22;;;10005;22;;;;;9996.0;9571.0
-2;526000;INTARIAN_PEPPER_ROOT;10518;25;;;;;10532;9;10534;25;;;10525.0;41220.0
-2;526100;ASH_COATED_OSMIUM;9987;15;9984;28;;;10003;15;;;;;9995.0;9528.0
-2;526100;INTARIAN_PEPPER_ROOT;10520;8;;;;;10532;8;10534;15;;;10526.0;41300.0
-2;526200;ASH_COATED_OSMIUM;9987;11;9984;27;;;10003;11;;;;;9995.0;9528.0
-2;526200;INTARIAN_PEPPER_ROOT;;;;;;;10523;3;10535;15;;;10523.0;41060.0
-2;526300;ASH_COATED_OSMIUM;9987;13;9985;20;;;10003;13;;;;;9995.0;9528.0
-2;526300;INTARIAN_PEPPER_ROOT;10521;9;10518;21;;;10535;21;;;;;10528.0;41460.0
-2;526400;ASH_COATED_OSMIUM;9987;12;;;;;10006;28;;;;;9996.5;9626.5
-2;526400;INTARIAN_PEPPER_ROOT;10521;8;10518;17;;;10532;8;10535;17;;;10526.5;41340.0
-2;526500;ASH_COATED_OSMIUM;9984;23;;;;;10003;15;;;;;9993.5;9509.5
-2;526500;INTARIAN_PEPPER_ROOT;10521;11;10518;25;;;10532;11;10535;25;;;10526.5;41340.0
-2;526600;ASH_COATED_OSMIUM;9985;24;;;;;10003;13;10006;24;;;9994.0;9529.0
-2;526600;INTARIAN_PEPPER_ROOT;10521;10;10518;21;;;10532;10;10535;21;;;10526.5;41340.0
-2;526700;ASH_COATED_OSMIUM;9987;14;9984;23;;;10005;23;;;;;9996.0;9607.0
-2;526700;INTARIAN_PEPPER_ROOT;10521;9;10518;21;;;10532;9;10535;21;;;10526.5;41340.0
-2;526800;ASH_COATED_OSMIUM;9984;27;;;;;10003;13;10005;27;;;9993.5;9509.5
-2;526800;INTARIAN_PEPPER_ROOT;10521;9;10518;19;;;10533;9;10535;19;;;10527.0;41380.0
-2;526900;ASH_COATED_OSMIUM;9986;10;9983;30;;;10002;10;10004;30;;;9994.0;9571.0
-2;526900;INTARIAN_PEPPER_ROOT;10521;9;10519;17;;;10533;9;10535;17;;;10527.0;41380.0
-2;527000;ASH_COATED_OSMIUM;9986;15;9983;21;;;10002;15;10004;21;;;9994.0;9571.0
-2;527000;INTARIAN_PEPPER_ROOT;10521;10;10519;21;;;10533;10;;;;;10527.0;41380.0
-2;527100;ASH_COATED_OSMIUM;9985;14;;;;;10001;14;10004;25;;;9993.0;9526.0
-2;527100;INTARIAN_PEPPER_ROOT;10521;8;10519;15;;;10535;15;;;;;10528.0;41460.0
-2;527200;ASH_COATED_OSMIUM;9985;11;9983;25;;;10001;11;10004;25;;;9993.0;9526.0
-2;527200;INTARIAN_PEPPER_ROOT;10521;8;10519;17;;;10533;8;10536;17;;;10527.0;41380.0
-2;527300;ASH_COATED_OSMIUM;9986;14;9983;21;;;10002;14;10004;21;;;9994.0;9571.0
-2;527300;INTARIAN_PEPPER_ROOT;10522;12;10519;17;;;10533;12;10536;17;;;10527.5;41420.0
-2;527400;ASH_COATED_OSMIUM;9986;10;9983;24;;;10002;10;10004;24;;;9994.0;9571.0
-2;527400;INTARIAN_PEPPER_ROOT;10522;9;10519;16;;;10536;16;;;;;10529.0;41540.0
-2;527500;ASH_COATED_OSMIUM;9986;13;9983;20;;;10002;13;;;;;9994.0;9571.0
-2;527500;INTARIAN_PEPPER_ROOT;10522;9;10519;18;;;10533;9;10536;18;;;10527.5;41420.0
-2;527600;ASH_COATED_OSMIUM;9992;2;9984;20;;;10002;14;10005;20;;;9997.0;9706.0
-2;527600;INTARIAN_PEPPER_ROOT;10519;17;;;;;10536;17;;;;;10527.5;41420.0
-2;527700;ASH_COATED_OSMIUM;9986;15;9983;25;;;10004;25;;;;;9995.0;9616.0
-2;527700;INTARIAN_PEPPER_ROOT;10522;12;10519;15;;;10533;12;10536;15;;;10527.5;41420.0
-2;527800;ASH_COATED_OSMIUM;9986;13;9984;22;;;10002;13;10005;22;;;9994.0;9571.0
-2;527800;INTARIAN_PEPPER_ROOT;10519;16;;;;;;;;;;;10519.0;40740.0
-2;527900;ASH_COATED_OSMIUM;9986;10;9984;24;;;10002;10;;;;;9994.0;9571.0
-2;527900;INTARIAN_PEPPER_ROOT;10522;9;;;;;10534;9;10536;18;;;10528.0;41460.0
-2;528000;ASH_COATED_OSMIUM;9986;13;9984;29;;;10002;13;10005;29;;;9994.0;9571.0
-2;528000;INTARIAN_PEPPER_ROOT;10522;9;;;;;10524;4;10534;9;10536;21;10523.0;41060.0
-2;528100;ASH_COATED_OSMIUM;9986;11;9984;29;;;10002;11;10005;29;;;9994.0;9571.0
-2;528100;INTARIAN_PEPPER_ROOT;10520;25;;;;;10536;25;;;;;10528.0;41460.0
-2;528200;ASH_COATED_OSMIUM;9986;10;9983;26;;;10004;26;;;;;9995.0;9648.0
-2;528200;INTARIAN_PEPPER_ROOT;10522;11;10520;16;;;10534;11;10537;16;;;10528.0;41460.0
-2;528300;ASH_COATED_OSMIUM;9986;15;9983;26;;;10004;26;;;;;9995.0;9648.0
-2;528300;INTARIAN_PEPPER_ROOT;10523;11;10520;17;;;10534;11;10537;17;;;10528.5;41500.0
-2;528400;ASH_COATED_OSMIUM;9986;13;9984;21;;;10002;13;10005;21;;;9994.0;9641.0
-2;528400;INTARIAN_PEPPER_ROOT;10523;11;;;;;10534;11;10537;19;;;10528.5;41500.0
-2;528500;ASH_COATED_OSMIUM;9986;10;9984;24;;;10002;10;10005;24;;;9994.0;9641.0
-2;528500;INTARIAN_PEPPER_ROOT;10520;15;;;;;10534;8;10537;15;;;10527.0;41380.0
-2;528600;ASH_COATED_OSMIUM;9986;10;;;;;10002;10;10005;24;;;9994.0;9641.0
-2;528600;INTARIAN_PEPPER_ROOT;10523;12;10520;20;;;10534;12;10537;20;;;10528.5;41500.0
-2;528700;ASH_COATED_OSMIUM;;;;;;;10002;10;10005;20;;;10002.0;9985.0
-2;528700;INTARIAN_PEPPER_ROOT;10523;8;10520;19;;;10534;8;10537;19;;;10528.5;41500.0
-2;528800;ASH_COATED_OSMIUM;9992;2;9986;15;9984;25;10002;15;;;;;9997.0;9770.0
-2;528800;INTARIAN_PEPPER_ROOT;10523;12;;;;;10535;12;10537;16;;;10529.0;41540.0
-2;528900;ASH_COATED_OSMIUM;9986;13;9984;29;;;10002;13;;;;;9994.0;9641.0
-2;528900;INTARIAN_PEPPER_ROOT;10523;10;10521;15;;;10535;10;10537;15;;;10529.0;41540.0
-2;529000;ASH_COATED_OSMIUM;9984;23;;;;;10002;13;10005;23;;;9993.0;9598.0
-2;529000;INTARIAN_PEPPER_ROOT;10523;11;10521;21;;;10535;11;10537;21;;;10529.0;41540.0
-2;529100;ASH_COATED_OSMIUM;9986;15;9984;28;;;10002;15;10005;28;;;9994.0;9641.0
-2;529100;INTARIAN_PEPPER_ROOT;10523;10;10521;25;;;10535;10;10537;25;;;10529.0;41540.0
-2;529200;ASH_COATED_OSMIUM;9984;29;;;;;10002;12;;;;;9993.0;9598.0
-2;529200;INTARIAN_PEPPER_ROOT;10523;9;;;;;10535;9;10538;15;;;10529.0;41540.0
-2;529300;ASH_COATED_OSMIUM;9986;11;9984;29;;;10002;11;10005;29;;;9994.0;9641.0
-2;529300;INTARIAN_PEPPER_ROOT;10524;11;10521;21;;;10535;11;10538;21;;;10529.5;41580.0
-2;529400;ASH_COATED_OSMIUM;9987;12;9985;26;;;10003;12;10006;26;;;9995.0;9684.0
-2;529400;INTARIAN_PEPPER_ROOT;10524;10;10521;24;;;10535;10;10538;24;;;10529.5;41580.0
-2;529500;ASH_COATED_OSMIUM;9987;10;9985;23;;;10003;10;10006;23;;;9995.0;9747.0
-2;529500;INTARIAN_PEPPER_ROOT;10524;8;10521;17;;;10535;8;;;;;10529.5;41580.0
-2;529600;ASH_COATED_OSMIUM;9987;12;9984;22;;;10003;12;10005;22;;;9995.0;9747.0
-2;529600;INTARIAN_PEPPER_ROOT;10524;9;;;;;10535;9;10538;23;;;10529.5;41580.0
-2;529700;ASH_COATED_OSMIUM;9987;11;9985;27;;;10003;11;10006;27;;;9995.0;9747.0
-2;529700;INTARIAN_PEPPER_ROOT;10521;21;;;;;10535;8;10538;21;;;10528.0;41460.0
-2;529800;ASH_COATED_OSMIUM;9988;12;9985;29;;;10004;12;10006;29;;;9996.0;9799.0
-2;529800;INTARIAN_PEPPER_ROOT;10524;8;10521;15;;;;;;;;;10524.0;41140.0
-2;529900;ASH_COATED_OSMIUM;9987;10;9985;26;;;10003;10;10006;26;;;9995.0;9747.0
-2;529900;INTARIAN_PEPPER_ROOT;10524;9;10522;25;;;10536;9;10538;25;;;10530.0;41620.0
-2;530000;ASH_COATED_OSMIUM;9997;5;9987;11;9985;29;10003;11;10006;29;;;10000.0;9992.0
-2;530000;INTARIAN_PEPPER_ROOT;10524;11;;;;;10538;15;;;;;10531.0;41700.0
-2;530100;ASH_COATED_OSMIUM;9985;22;;;;;10006;22;;;;;9995.5;9780.5
-2;530100;INTARIAN_PEPPER_ROOT;10533;6;10524;12;10522;16;10536;12;10538;16;;;10534.5;41980.0
-2;530200;ASH_COATED_OSMIUM;9984;23;;;;;10003;14;10005;23;;;9993.5;9686.5
-2;530200;INTARIAN_PEPPER_ROOT;;;;;;;10536;8;10539;25;;;10536.0;42100.0
-2;530300;ASH_COATED_OSMIUM;9987;12;9984;20;;;10003;12;;;;;9995.0;9757.0
-2;530300;INTARIAN_PEPPER_ROOT;10525;10;10522;22;;;10536;10;10539;22;;;10530.5;41660.0
-2;530400;ASH_COATED_OSMIUM;9984;21;;;;;10002;10;10005;21;;;9993.0;9663.0
-2;530400;INTARIAN_PEPPER_ROOT;10525;9;10522;22;;;10536;9;10539;22;;;10530.5;41660.0
-2;530500;ASH_COATED_OSMIUM;9987;11;9984;25;;;10003;11;10005;25;;;9995.0;9785.0
-2;530500;INTARIAN_PEPPER_ROOT;10525;8;10522;24;;;10536;8;;;;;10530.5;41660.0
-2;530600;ASH_COATED_OSMIUM;9987;10;9984;29;;;10003;10;10005;29;;;9995.0;9785.0
-2;530600;INTARIAN_PEPPER_ROOT;10525;9;10522;18;;;10536;9;10539;18;;;10530.5;41660.0
-2;530700;ASH_COATED_OSMIUM;;;;;;;10003;13;10005;27;;;10003.0;10129.0
-2;530700;INTARIAN_PEPPER_ROOT;10522;21;;;;;10536;11;10539;21;;;10529.0;41540.0
-2;530800;ASH_COATED_OSMIUM;9987;15;9984;20;;;10003;15;10005;20;;;9995.0;9785.0
-2;530800;INTARIAN_PEPPER_ROOT;10525;12;;;;;10537;12;;;;;10531.0;41700.0
-2;530900;ASH_COATED_OSMIUM;;;;;;;10003;13;;;;;10003.0;10129.0
-2;530900;INTARIAN_PEPPER_ROOT;10525;10;10523;20;;;10539;20;;;;;10532.0;41780.0
-2;531000;ASH_COATED_OSMIUM;9993;5;9987;13;9985;28;10003;13;10006;28;;;9998.0;9914.0
-2;531000;INTARIAN_PEPPER_ROOT;10523;25;;;;;10537;11;;;;;10530.0;41620.0
-2;531100;ASH_COATED_OSMIUM;9987;14;9985;24;;;10003;14;;;;;9995.0;9785.0
-2;531100;INTARIAN_PEPPER_ROOT;10525;8;10523;17;;;10537;8;10539;17;;;10531.0;41700.0
-2;531200;ASH_COATED_OSMIUM;9987;14;;;;;;;;;;;9987.0;9441.0
-2;531200;INTARIAN_PEPPER_ROOT;10525;12;10523;24;;;10537;12;10540;24;;;10531.0;41700.0
-2;531300;ASH_COATED_OSMIUM;9987;10;9984;28;;;9996;2;10003;10;;;9991.5;9655.5
-2;531300;INTARIAN_PEPPER_ROOT;10526;11;;;;;10540;18;;;;;10533.0;41860.0
-2;531400;ASH_COATED_OSMIUM;9987;12;9984;21;;;10005;21;;;;;9996.0;9876.0
-2;531400;INTARIAN_PEPPER_ROOT;10529;10;10526;9;;;10540;17;;;;;10534.5;41980.0
-2;531500;ASH_COATED_OSMIUM;9987;10;9984;26;;;10005;26;;;;;9996.0;9876.0
-2;531500;INTARIAN_PEPPER_ROOT;10523;22;;;;;10537;8;10540;22;;;10530.0;41620.0
-2;531600;ASH_COATED_OSMIUM;9987;10;9984;24;;;10003;10;10005;24;;;9995.0;9827.0
-2;531600;INTARIAN_PEPPER_ROOT;10526;8;;;;;10540;20;;;;;10533.0;41860.0
-2;531700;ASH_COATED_OSMIUM;9992;3;9987;10;9984;24;10003;10;10005;24;;;9997.5;9949.5
-2;531700;INTARIAN_PEPPER_ROOT;10526;10;;;;;10540;25;;;;;10533.0;41860.0
-2;531800;ASH_COATED_OSMIUM;9987;15;9985;21;;;10006;21;;;;;9996.5;9900.5
-2;531800;INTARIAN_PEPPER_ROOT;10523;24;;;;;10538;9;10540;24;;;10530.5;41660.0
-2;531900;ASH_COATED_OSMIUM;9987;13;9984;30;;;;;;;;;9987.0;9435.0
-2;531900;INTARIAN_PEPPER_ROOT;10526;9;10524;20;;;10538;9;10540;20;;;10532.0;41780.0
-2;532000;ASH_COATED_OSMIUM;9987;10;9984;26;;;10003;10;10005;26;;;9995.0;9827.0
-2;532000;INTARIAN_PEPPER_ROOT;10526;10;10524;15;;;10538;10;;;;;10532.0;41780.0
-2;532100;ASH_COATED_OSMIUM;9987;11;9984;25;;;10005;25;;;;;9996.0;9876.0
-2;532100;INTARIAN_PEPPER_ROOT;10526;10;10524;19;;;10538;10;10540;19;;;10532.0;41780.0
-2;532200;ASH_COATED_OSMIUM;9987;11;9984;25;;;10005;25;;;;;9996.0;9876.0
-2;532200;INTARIAN_PEPPER_ROOT;10526;10;10524;21;;;10538;10;10541;21;;;10532.0;41780.0
-2;532300;ASH_COATED_OSMIUM;9987;10;9984;26;;;10003;10;10005;26;;;9995.0;9827.0
-2;532300;INTARIAN_PEPPER_ROOT;10527;9;10524;19;;;10538;9;;;;;10532.5;41820.0
-2;532400;ASH_COATED_OSMIUM;9987;15;9984;26;;;10003;15;10005;26;;;9995.0;9827.0
-2;532400;INTARIAN_PEPPER_ROOT;10527;10;10524;18;;;10538;10;10541;18;;;10532.5;41820.0
-2;532500;ASH_COATED_OSMIUM;9987;10;9985;24;;;10003;10;10006;24;;;9995.0;9827.0
-2;532500;INTARIAN_PEPPER_ROOT;10527;8;10524;18;;;10529;5;10538;8;;;10528.0;41460.0
-2;532600;ASH_COATED_OSMIUM;9987;12;9984;20;;;10003;12;10005;20;;;9995.0;9827.0
-2;532600;INTARIAN_PEPPER_ROOT;10527;11;10524;15;;;10538;11;10541;15;;;10532.5;41820.0
-2;532700;ASH_COATED_OSMIUM;9986;12;9984;25;;;10005;25;;;;;9995.5;9851.5
-2;532700;INTARIAN_PEPPER_ROOT;10527;11;10524;24;;;10541;24;;;;;10534.0;41940.0
-2;532800;ASH_COATED_OSMIUM;9992;2;9986;15;9984;26;10002;15;;;;;9997.0;9925.0
-2;532800;INTARIAN_PEPPER_ROOT;10527;11;10524;22;;;10539;11;10541;22;;;10533.0;41860.0
-2;532900;ASH_COATED_OSMIUM;9986;10;9984;27;;;10002;10;10005;27;;;9994.0;9806.0
-2;532900;INTARIAN_PEPPER_ROOT;;;;;;;10539;9;10541;17;;;10539.0;42340.0
-2;533000;ASH_COATED_OSMIUM;9995;8;9986;13;9983;24;10002;13;;;;;9998.5;10008.5
-2;533000;INTARIAN_PEPPER_ROOT;10527;12;10525;23;;;10539;12;10541;23;;;10533.0;41860.0
-2;533100;ASH_COATED_OSMIUM;9986;10;9983;26;;;10002;10;10004;26;;;9994.0;9806.0
-2;533100;INTARIAN_PEPPER_ROOT;10527;8;10525;20;;;10539;8;;;;;10533.0;41860.0
-2;533200;ASH_COATED_OSMIUM;9986;14;;;;;10002;14;10004;28;;;9994.0;9806.0
-2;533200;INTARIAN_PEPPER_ROOT;10527;11;10525;16;;;10539;11;10542;16;;;10533.0;41860.0
-2;533300;ASH_COATED_OSMIUM;9986;13;9984;21;;;10002;13;;;;;9994.0;9806.0
-2;533300;INTARIAN_PEPPER_ROOT;10525;20;;;;;10539;9;10542;20;;;10532.0;41780.0
-2;533400;ASH_COATED_OSMIUM;9986;11;9983;30;;;10002;11;10004;30;;;9994.0;9806.0
-2;533400;INTARIAN_PEPPER_ROOT;10525;17;;;;;10542;17;;;;;10533.5;41900.0
-2;533500;ASH_COATED_OSMIUM;9986;10;9983;24;;;10002;10;10004;24;;;9994.0;9806.0
-2;533500;INTARIAN_PEPPER_ROOT;10528;8;10525;20;;;10539;8;;;;;10533.5;41900.0
-2;533600;ASH_COATED_OSMIUM;9986;13;9983;29;;;10004;29;;;;;9995.0;9851.0
-2;533600;INTARIAN_PEPPER_ROOT;10528;10;10525;18;;;10539;10;10542;18;;;10533.5;41900.0
-2;533700;ASH_COATED_OSMIUM;9983;27;;;;;9995;2;10002;10;10004;27;9989.0;9581.0
-2;533700;INTARIAN_PEPPER_ROOT;10528;8;10525;22;;;10539;8;10542;22;;;10533.5;41900.0
-2;533800;ASH_COATED_OSMIUM;9986;14;;;;;9995;4;10002;14;10004;25;9990.5;9648.5
-2;533800;INTARIAN_PEPPER_ROOT;10528;9;10525;20;;;10540;9;10542;20;;;10534.0;41940.0
-2;533900;ASH_COATED_OSMIUM;9986;15;9984;27;;;10002;15;10005;27;;;9994.0;9806.0
-2;533900;INTARIAN_PEPPER_ROOT;10526;18;;;;;10540;9;10542;18;;;10533.0;41860.0
-2;534000;ASH_COATED_OSMIUM;9987;13;9984;27;;;10005;27;;;;;9996.0;9896.0
-2;534000;INTARIAN_PEPPER_ROOT;10528;9;10526;21;;;10540;9;;;;;10534.0;41940.0
-2;534100;ASH_COATED_OSMIUM;9987;10;9984;24;;;9996;2;10003;10;10005;24;9991.5;9693.5
-2;534100;INTARIAN_PEPPER_ROOT;10526;25;;;;;10540;9;10542;25;;;10533.0;41860.0
-2;534200;ASH_COATED_OSMIUM;9986;15;9984;25;;;10002;15;;;;;9994.0;9848.0
-2;534200;INTARIAN_PEPPER_ROOT;;;;;;;10540;12;;;;;10540.0;42420.0
-2;534300;ASH_COATED_OSMIUM;9984;29;;;;;10003;10;10005;29;;;9993.5;9822.5
-2;534300;INTARIAN_PEPPER_ROOT;10529;10;10526;20;;;10540;10;10543;20;;;10534.5;41980.0
-2;534400;ASH_COATED_OSMIUM;9986;12;9984;26;;;10002;12;10005;26;;;9994.0;9848.0
-2;534400;INTARIAN_PEPPER_ROOT;10529;10;10526;20;;;10540;10;;;;;10534.5;41980.0
-2;534500;ASH_COATED_OSMIUM;9986;11;9984;28;;;10002;11;10005;28;;;9994.0;9848.0
-2;534500;INTARIAN_PEPPER_ROOT;10529;10;10526;20;;;10540;10;10543;20;;;10534.5;41980.0
-2;534600;ASH_COATED_OSMIUM;9984;28;;;;;10003;10;10005;28;;;9993.5;9822.5
-2;534600;INTARIAN_PEPPER_ROOT;10529;12;10526;24;;;10540;12;10543;24;;;10534.5;41980.0
-2;534700;ASH_COATED_OSMIUM;9987;15;9984;21;;;10003;15;10005;21;;;9995.0;9899.0
-2;534700;INTARIAN_PEPPER_ROOT;10526;22;;;;;10540;9;;;;;10533.0;41860.0
-2;534800;ASH_COATED_OSMIUM;9984;27;;;;;10002;14;10005;27;;;9993.0;9797.0
-2;534800;INTARIAN_PEPPER_ROOT;10529;11;10526;25;;;10543;25;;;;;10536.0;42100.0
-2;534900;ASH_COATED_OSMIUM;9984;30;;;;;10002;13;;;;;9993.0;9797.0
-2;534900;INTARIAN_PEPPER_ROOT;10529;10;10526;15;;;10541;10;10543;15;;;10535.0;42020.0
-2;535000;ASH_COATED_OSMIUM;9986;12;9983;28;;;10004;28;;;;;9995.0;9899.0
-2;535000;INTARIAN_PEPPER_ROOT;10529;9;;;;;10541;9;10543;20;;;10535.0;42020.0
-2;535100;ASH_COATED_OSMIUM;9986;14;9983;27;;;10002;14;10004;27;;;9994.0;9848.0
-2;535100;INTARIAN_PEPPER_ROOT;10529;9;10527;18;;;10537;6;;;;;10533.0;41860.0
-2;535200;ASH_COATED_OSMIUM;9986;13;9984;23;;;10002;13;10005;23;;;9994.0;9848.0
-2;535200;INTARIAN_PEPPER_ROOT;10529;10;10527;15;;;10541;10;10544;15;;;10535.0;42020.0
-2;535300;ASH_COATED_OSMIUM;9986;15;;;;;10002;15;10005;27;;;9994.0;9848.0
-2;535300;INTARIAN_PEPPER_ROOT;10530;8;10527;22;;;10541;8;10544;22;;;10535.5;42060.0
-2;535400;ASH_COATED_OSMIUM;9986;12;;;;;10005;23;;;;;9995.5;9924.5
-2;535400;INTARIAN_PEPPER_ROOT;10530;10;10527;16;;;10541;10;10544;16;;;10535.5;42060.0
-2;535500;ASH_COATED_OSMIUM;9986;12;9984;26;;;;;;;;;9986.0;9440.0
-2;535500;INTARIAN_PEPPER_ROOT;10530;9;10527;24;;;10541;9;10544;24;;;10535.5;42060.0
-2;535600;ASH_COATED_OSMIUM;9986;12;9983;28;;;10002;12;10004;28;;;9994.0;9848.0
-2;535600;INTARIAN_PEPPER_ROOT;10527;16;;;;;10541;11;10544;16;;;10534.0;41940.0
-2;535700;ASH_COATED_OSMIUM;9986;11;;;;;10002;11;10004;23;;;9994.0;9848.0
-2;535700;INTARIAN_PEPPER_ROOT;10530;9;10527;18;;;10532;5;10541;9;10544;18;10531.0;41700.0
-2;535800;ASH_COATED_OSMIUM;9986;11;9984;27;;;10002;11;;;;;9994.0;9848.0
-2;535800;INTARIAN_PEPPER_ROOT;10530;12;10527;20;;;10542;12;10544;20;;;10536.0;42100.0
-2;535900;ASH_COATED_OSMIUM;9983;21;;;;;10002;12;10004;21;;;9992.5;9771.5
-2;535900;INTARIAN_PEPPER_ROOT;10530;8;10527;18;;;10542;8;10544;18;;;10536.0;42100.0
-2;536000;ASH_COATED_OSMIUM;9986;15;;;;;10002;15;10004;20;;;9994.0;9848.0
-2;536000;INTARIAN_PEPPER_ROOT;10530;12;10528;20;;;10542;12;10544;20;;;10536.0;42100.0
-2;536100;ASH_COATED_OSMIUM;9986;13;9983;26;;;10002;13;10004;26;;;9994.0;9848.0
-2;536100;INTARIAN_PEPPER_ROOT;10530;11;;;;;10542;11;10545;19;;;10536.0;42100.0
-2;536200;ASH_COATED_OSMIUM;9985;15;;;;;10004;24;;;;;9994.5;9873.5
-2;536200;INTARIAN_PEPPER_ROOT;10530;10;10528;16;;;10538;11;10542;10;10545;16;10534.0;41940.0
-2;536300;ASH_COATED_OSMIUM;9983;22;;;;;10004;22;;;;;9993.5;9822.5
-2;536300;INTARIAN_PEPPER_ROOT;10531;10;;;;;10542;10;;;;;10536.5;42140.0
-2;536400;ASH_COATED_OSMIUM;9986;15;9983;29;;;10004;29;;;;;9995.0;9899.0
-2;536400;INTARIAN_PEPPER_ROOT;10531;12;10528;21;;;10542;12;10545;21;;;10536.5;42140.0
-2;536500;ASH_COATED_OSMIUM;9986;13;;;;;9995;3;10002;13;10004;23;9990.5;9669.5
-2;536500;INTARIAN_PEPPER_ROOT;10531;12;10528;18;;;10542;12;10545;18;;;10536.5;42140.0
-2;536600;ASH_COATED_OSMIUM;9986;10;9984;24;;;10002;10;10005;24;;;9994.0;9848.0
-2;536600;INTARIAN_PEPPER_ROOT;10531;9;10528;19;;;10542;9;10545;19;;;10536.5;42140.0
-2;536700;ASH_COATED_OSMIUM;9986;12;9983;28;;;10002;12;10004;28;;;9994.0;9848.0
-2;536700;INTARIAN_PEPPER_ROOT;10531;11;10528;21;;;10542;11;;;;;10536.5;42140.0
-2;536800;ASH_COATED_OSMIUM;9986;14;;;;;10002;14;10004;22;;;9994.0;9848.0
-2;536800;INTARIAN_PEPPER_ROOT;10531;8;10528;17;;;10543;8;10545;17;;;10537.0;42180.0
-2;536900;ASH_COATED_OSMIUM;9995;8;9986;15;9983;27;10002;15;10004;27;;;9998.5;10049.5
-2;536900;INTARIAN_PEPPER_ROOT;10531;11;10528;15;;;10545;15;;;;;10538.0;42260.0
-2;537000;ASH_COATED_OSMIUM;9986;13;9983;27;;;10002;13;10004;27;;;9994.0;9856.0
-2;537000;INTARIAN_PEPPER_ROOT;10529;21;;;;;10545;21;;;;;10537.0;42180.0
-2;537100;ASH_COATED_OSMIUM;9986;12;9983;26;;;10002;12;10004;26;;;9994.0;9856.0
-2;537100;INTARIAN_PEPPER_ROOT;10531;10;10529;15;;;10543;10;10546;15;;;10537.0;42180.0
-2;537200;ASH_COATED_OSMIUM;9995;4;9985;14;9983;26;10001;14;10004;26;;;9998.0;10016.0
-2;537200;INTARIAN_PEPPER_ROOT;;;;;;;10543;12;10546;16;;;10543.0;42660.0
-2;537300;ASH_COATED_OSMIUM;9983;29;;;;;10001;11;;;;;9992.0;9782.0
-2;537300;INTARIAN_PEPPER_ROOT;10532;10;10529;17;;;;;;;;;10532.0;41780.0
-2;537400;ASH_COATED_OSMIUM;9985;13;9982;24;;;10001;13;10003;24;;;9993.0;9821.0
-2;537400;INTARIAN_PEPPER_ROOT;10532;12;10529;22;;;10543;12;10546;22;;;10537.5;42220.0
-2;537500;ASH_COATED_OSMIUM;9985;11;9982;20;;;10000;11;;;;;9992.5;9801.5
-2;537500;INTARIAN_PEPPER_ROOT;10532;12;10529;16;;;10543;12;10546;16;;;10537.5;42220.0
-2;537600;ASH_COATED_OSMIUM;9984;11;9982;20;;;10000;11;10003;20;;;9992.0;9782.0
-2;537600;INTARIAN_PEPPER_ROOT;10532;11;10529;16;;;10543;11;10546;16;;;10537.5;42220.0
-2;537700;ASH_COATED_OSMIUM;9985;11;9982;20;;;10001;11;10003;20;;;9993.0;9821.0
-2;537700;INTARIAN_PEPPER_ROOT;10529;15;;;;;10543;8;10546;15;;;10536.0;42100.0
-2;537800;ASH_COATED_OSMIUM;9986;14;9983;27;;;10002;14;10004;27;;;9994.0;9860.0
-2;537800;INTARIAN_PEPPER_ROOT;10532;10;10529;17;;;10544;10;;;;;10538.0;42260.0
-2;537900;ASH_COATED_OSMIUM;9985;11;9983;20;;;10001;11;10004;20;;;9993.0;9891.0
-2;537900;INTARIAN_PEPPER_ROOT;10532;10;;;;;10540;12;10544;10;10546;18;10536.0;42100.0
-2;538000;ASH_COATED_OSMIUM;9986;10;9983;29;;;10001;10;10004;29;;;9993.5;9915.5
-2;538000;INTARIAN_PEPPER_ROOT;10532;9;10530;17;;;10544;9;10546;17;;;10538.0;42260.0
-2;538100;ASH_COATED_OSMIUM;9985;12;;;;;9995;4;10001;12;10004;30;9990.0;9744.0
-2;538100;INTARIAN_PEPPER_ROOT;10532;8;;;;;10544;8;;;;;10538.0;42260.0
-2;538200;ASH_COATED_OSMIUM;9983;30;;;;;9991;7;10001;12;10004;30;9987.0;9569.0
-2;538200;INTARIAN_PEPPER_ROOT;;;;;;;;;;;;;0.0;-800780.0
-2;538300;ASH_COATED_OSMIUM;9985;13;9982;21;;;9994;3;10001;13;10003;21;9989.5;9709.0
-2;538300;INTARIAN_PEPPER_ROOT;10533;10;10530;21;;;10544;10;10547;21;;;10538.5;42300.0
-2;538400;ASH_COATED_OSMIUM;9991;3;9985;11;9983;21;10001;11;10004;21;;;9996.0;10073.0
-2;538400;INTARIAN_PEPPER_ROOT;10533;9;10530;15;;;10544;9;10547;15;;;10538.5;42300.0
-2;538500;ASH_COATED_OSMIUM;9985;10;9983;29;;;10001;10;10004;29;;;9993.0;9905.0
-2;538500;INTARIAN_PEPPER_ROOT;10533;8;10530;22;;;10547;22;;;;;10540.0;42420.0
-2;538600;ASH_COATED_OSMIUM;9985;15;9983;23;;;10001;15;10004;23;;;9993.0;9905.0
-2;538600;INTARIAN_PEPPER_ROOT;10533;12;;;;;10544;12;10547;23;;;10538.5;42300.0
-2;538700;ASH_COATED_OSMIUM;9985;11;9983;24;;;10001;11;10004;24;;;9993.0;9905.0
-2;538700;INTARIAN_PEPPER_ROOT;10533;10;10530;17;;;10544;10;10547;17;;;10538.5;42300.0
-2;538800;ASH_COATED_OSMIUM;9985;14;9982;21;;;10001;14;10003;21;;;9993.0;9905.0
-2;538800;INTARIAN_PEPPER_ROOT;10533;12;10530;16;;;10545;12;10547;16;;;10539.0;42340.0
-2;538900;ASH_COATED_OSMIUM;9985;12;9982;22;;;10001;12;10003;22;;;9993.0;9905.0
-2;538900;INTARIAN_PEPPER_ROOT;10530;17;;;;;10547;17;;;;;10538.5;42300.0
-2;539000;ASH_COATED_OSMIUM;9985;13;9982;30;;;10001;13;;;;;9993.0;9905.0
-2;539000;INTARIAN_PEPPER_ROOT;10533;8;10531;20;;;10545;8;;;;;10539.0;42340.0
-2;539100;ASH_COATED_OSMIUM;9982;30;;;;;10000;13;10003;30;;;9991.0;9793.0
-2;539100;INTARIAN_PEPPER_ROOT;10533;12;10531;23;;;10545;12;10548;23;;;10539.0;42340.0
-2;539200;ASH_COATED_OSMIUM;9985;10;9982;29;;;9994;5;10003;29;;;9989.5;9709.0
-2;539200;INTARIAN_PEPPER_ROOT;10533;11;10531;15;;;10545;11;10548;15;;;10539.0;42340.0
-2;539300;ASH_COATED_OSMIUM;9985;12;9982;29;;;10003;29;;;;;9994.0;10025.0
-2;539300;INTARIAN_PEPPER_ROOT;10534;12;10531;20;;;10545;12;10548;20;;;10539.5;42380.0
-2;539400;ASH_COATED_OSMIUM;9984;13;;;;;10000;13;;;;;9992.0;9929.0
-2;539400;INTARIAN_PEPPER_ROOT;10534;12;10531;25;;;10545;12;10548;25;;;10539.5;42380.0
-2;539500;ASH_COATED_OSMIUM;9990;3;;;;;10000;13;10003;25;;;9995.0;10073.0
-2;539500;INTARIAN_PEPPER_ROOT;10534;8;10531;23;;;10545;8;10548;23;;;10539.5;42380.0
-2;539600;ASH_COATED_OSMIUM;9984;11;9982;27;;;10000;11;;;;;9992.0;9929.0
-2;539600;INTARIAN_PEPPER_ROOT;10531;15;;;;;10545;8;10548;15;;;10538.0;42260.0
-2;539700;ASH_COATED_OSMIUM;9984;13;9981;22;;;10000;13;10002;22;;;9992.0;9929.0
-2;539700;INTARIAN_PEPPER_ROOT;10534;10;;;;;10545;10;10548;19;;;10539.5;42380.0
-2;539800;ASH_COATED_OSMIUM;9984;14;;;;;10002;21;;;;;9993.0;9977.0
-2;539800;INTARIAN_PEPPER_ROOT;10534;11;10531;23;;;10546;11;10548;23;;;10540.0;42420.0
-2;539900;ASH_COATED_OSMIUM;9984;11;9981;28;;;10000;11;10002;28;;;9992.0;9929.0
-2;539900;INTARIAN_PEPPER_ROOT;10534;8;10531;25;;;10546;8;10548;25;;;10540.0;42420.0
-2;540000;ASH_COATED_OSMIUM;9983;14;9981;30;;;9999;14;10002;30;;;9991.0;9881.0
-2;540000;INTARIAN_PEPPER_ROOT;10534;11;10532;17;;;10546;11;10548;17;;;10540.0;42420.0
-2;540100;ASH_COATED_OSMIUM;9983;12;9981;24;;;10002;24;;;;;9992.5;9953.0
-2;540100;INTARIAN_PEPPER_ROOT;10532;19;;;;;10546;8;10549;19;;;10539.0;42340.0
-2;540200;ASH_COATED_OSMIUM;9984;13;9981;27;;;10002;27;;;;;9993.0;9977.0
-2;540200;INTARIAN_PEPPER_ROOT;10534;12;10532;15;;;10546;12;10549;15;;;10540.0;42420.0
-2;540300;ASH_COATED_OSMIUM;9984;15;9981;29;;;10000;15;10002;29;;;9992.0;9929.0
-2;540300;INTARIAN_PEPPER_ROOT;10535;12;10532;24;;;10546;12;10549;24;;;10540.5;42460.0
-2;540400;ASH_COATED_OSMIUM;9989;2;9984;12;;;10000;12;10002;23;;;9994.5;10049.0
-2;540400;INTARIAN_PEPPER_ROOT;10535;9;;;;;10549;17;;;;;10542.0;42580.0
-2;540500;ASH_COATED_OSMIUM;9984;11;9982;27;;;10000;11;10003;27;;;9992.0;9929.0
-2;540500;INTARIAN_PEPPER_ROOT;10532;17;;;;;10546;8;;;;;10539.0;42340.0
-2;540600;ASH_COATED_OSMIUM;9984;10;9982;26;;;10000;10;10003;26;;;9992.0;9929.0
-2;540600;INTARIAN_PEPPER_ROOT;10535;9;10532;18;;;10546;9;;;;;10540.5;42460.0
-2;540700;ASH_COATED_OSMIUM;9984;12;9982;30;;;10000;12;10003;30;;;9992.0;9929.0
-2;540700;INTARIAN_PEPPER_ROOT;10535;9;10532;23;;;10546;9;10549;23;;;10540.5;42460.0
-2;540800;ASH_COATED_OSMIUM;9984;13;9981;21;;;10000;13;10002;21;;;9992.0;9929.0
-2;540800;INTARIAN_PEPPER_ROOT;10535;9;;;;;10547;9;10549;19;;;10541.0;42500.0
-2;540900;ASH_COATED_OSMIUM;9984;11;9982;22;;;10000;11;10003;22;;;9992.0;9929.0
-2;540900;INTARIAN_PEPPER_ROOT;10538;11;10532;21;;;10547;12;10549;21;;;10542.5;42620.0
-2;541000;ASH_COATED_OSMIUM;;;;;;;10000;13;10002;28;;;10000.0;10313.0
-2;541000;INTARIAN_PEPPER_ROOT;10535;11;10533;15;;;10547;11;;;;;10541.0;42500.0
-2;541100;ASH_COATED_OSMIUM;9984;13;;;;;10002;22;;;;;9993.0;9977.0
-2;541100;INTARIAN_PEPPER_ROOT;10535;8;10533;15;;;10547;8;10550;15;;;10541.0;42500.0
-2;541200;ASH_COATED_OSMIUM;9984;10;;;;;10000;10;10002;23;;;9992.0;9929.0
-2;541200;INTARIAN_PEPPER_ROOT;10533;15;;;;;10547;12;;;;;10540.0;42420.0
-2;541300;ASH_COATED_OSMIUM;9984;11;;;;;10000;11;10002;22;;;9992.0;9929.0
-2;541300;INTARIAN_PEPPER_ROOT;10536;10;10533;17;;;10550;17;;;;;10543.0;42660.0
-2;541400;ASH_COATED_OSMIUM;9984;11;9981;22;;;10000;11;10002;22;;;9992.0;9929.0
-2;541400;INTARIAN_PEPPER_ROOT;10533;25;;;;;10547;9;10550;25;;;10540.0;42420.0
-2;541500;ASH_COATED_OSMIUM;9983;13;9981;22;;;9999;13;;;;;9991.0;9881.0
-2;541500;INTARIAN_PEPPER_ROOT;;;;;;;10543;11;10547;11;10550;20;10543.0;42660.0
-2;541600;ASH_COATED_OSMIUM;9984;12;9981;26;;;10002;26;;;;;9993.0;9977.0
-2;541600;INTARIAN_PEPPER_ROOT;10536;9;10533;25;;;10550;25;;;;;10543.0;42660.0
-2;541700;ASH_COATED_OSMIUM;9984;12;9981;30;;;10000;12;10002;30;;;9992.0;9929.0
-2;541700;INTARIAN_PEPPER_ROOT;10536;8;10533;20;;;10547;8;;;;;10541.5;42540.0
-2;541800;ASH_COATED_OSMIUM;;;;;;;10002;20;;;;;10002.0;10409.0
-2;541800;INTARIAN_PEPPER_ROOT;10536;10;10533;24;;;10548;10;10550;24;;;10542.0;42580.0
-2;541900;ASH_COATED_OSMIUM;9984;13;9981;22;;;10000;13;10002;22;;;9992.0;9929.0
-2;541900;INTARIAN_PEPPER_ROOT;10536;9;10533;21;;;10548;9;10550;21;;;10542.0;42580.0
-2;542000;ASH_COATED_OSMIUM;9984;15;;;;;9999;15;10002;30;;;9991.5;9905.0
-2;542000;INTARIAN_PEPPER_ROOT;10536;8;;;;;10548;8;10550;20;;;10542.0;42580.0
-2;542100;ASH_COATED_OSMIUM;9983;15;9981;23;;;9999;15;10002;23;;;9991.0;9881.0
-2;542100;INTARIAN_PEPPER_ROOT;10536;11;10534;25;;;10548;11;10551;25;;;10542.0;42580.0
-2;542200;ASH_COATED_OSMIUM;9983;14;;;;;9999;14;10002;29;;;9991.0;9881.0
-2;542200;INTARIAN_PEPPER_ROOT;10536;8;10534;21;;;10548;8;10551;21;;;10542.0;42580.0
-2;542300;ASH_COATED_OSMIUM;9981;21;;;;;9999;13;;;;;9990.0;9833.0
-2;542300;INTARIAN_PEPPER_ROOT;10537;11;10534;20;;;10548;11;;;;;10542.5;42620.0
-2;542400;ASH_COATED_OSMIUM;9983;14;;;;;9999;14;10002;29;;;9991.0;9881.0
-2;542400;INTARIAN_PEPPER_ROOT;10537;10;10534;18;;;10548;10;10551;18;;;10542.5;42620.0
-2;542500;ASH_COATED_OSMIUM;9983;14;9981;25;;;9999;14;10002;25;;;9991.0;9881.0
-2;542500;INTARIAN_PEPPER_ROOT;10534;17;;;;;10551;17;;;;;10542.5;42620.0
-2;542600;ASH_COATED_OSMIUM;9981;25;;;;;9999;11;10002;25;;;9990.0;9833.0
-2;542600;INTARIAN_PEPPER_ROOT;10540;7;10537;12;;;10548;12;;;;;10544.0;42740.0
-2;542700;ASH_COATED_OSMIUM;9983;11;9981;29;;;9993;2;10002;29;;;9988.0;9737.0
-2;542700;INTARIAN_PEPPER_ROOT;10537;10;10534;24;;;10548;10;10551;24;;;10542.5;42620.0
-2;542800;ASH_COATED_OSMIUM;9983;13;9981;26;;;9999;13;10002;26;;;9991.0;9881.0
-2;542800;INTARIAN_PEPPER_ROOT;10534;22;;;;;10549;9;10551;22;;;10541.5;42540.0
-2;542900;ASH_COATED_OSMIUM;9983;14;;;;;9989;5;9999;14;10002;22;9986.0;9626.0
-2;542900;INTARIAN_PEPPER_ROOT;10537;8;10534;24;;;10549;8;10551;24;;;10543.0;42660.0
-2;543000;ASH_COATED_OSMIUM;;;;;;;10000;12;;;;;10000.0;10368.0
-2;543000;INTARIAN_PEPPER_ROOT;10546;7;;;;;10551;16;;;;;10548.5;43100.0
-2;543100;ASH_COATED_OSMIUM;9981;21;;;;;;;;;;;9981.0;9361.0
-2;543100;INTARIAN_PEPPER_ROOT;10537;10;10535;21;;;10549;10;10552;21;;;10543.0;42660.0
-2;543200;ASH_COATED_OSMIUM;9984;11;9981;28;;;10000;11;10002;28;;;9992.0;9944.0
-2;543200;INTARIAN_PEPPER_ROOT;10537;9;;;;;;;;;;;10537.0;42180.0
-2;543300;ASH_COATED_OSMIUM;9984;11;9982;29;;;9990;6;10000;11;10003;29;9987.0;9661.0
-2;543300;INTARIAN_PEPPER_ROOT;10538;9;10535;19;;;10549;9;;;;;10543.5;42700.0
-2;543400;ASH_COATED_OSMIUM;9984;12;9981;20;;;10000;12;10002;20;;;9992.0;9956.0
-2;543400;INTARIAN_PEPPER_ROOT;10538;11;10535;20;;;10549;11;10552;20;;;10543.5;42700.0
-2;543500;ASH_COATED_OSMIUM;9984;10;;;;;10000;10;10002;26;;;9992.0;9956.0
-2;543500;INTARIAN_PEPPER_ROOT;10538;12;10535;17;;;10549;12;10552;17;;;10543.5;42700.0
-2;543600;ASH_COATED_OSMIUM;9982;24;;;;;10003;24;;;;;9992.5;9985.5
-2;543600;INTARIAN_PEPPER_ROOT;10538;11;10535;25;;;10552;25;;;;;10545.0;42820.0
-2;543700;ASH_COATED_OSMIUM;9984;15;9981;24;;;10000;15;10002;24;;;9992.0;10040.0
-2;543700;INTARIAN_PEPPER_ROOT;10538;10;;;;;10549;10;10552;22;;;10543.5;42700.0
-2;543800;ASH_COATED_OSMIUM;9984;13;9981;30;;;10000;13;10002;30;;;9992.0;10040.0
-2;543800;INTARIAN_PEPPER_ROOT;10538;11;10535;16;;;10550;11;10552;16;;;10544.0;42740.0
-2;543900;ASH_COATED_OSMIUM;9984;15;;;;;10000;15;10003;26;;;9992.0;10054.0
-2;543900;INTARIAN_PEPPER_ROOT;10538;10;10535;16;;;10550;10;10552;16;;;10544.0;42740.0
-2;544000;ASH_COATED_OSMIUM;9984;10;9981;28;;;10000;10;;;;;9992.0;10054.0
-2;544000;INTARIAN_PEPPER_ROOT;10538;10;10536;19;;;10552;19;;;;;10545.0;42820.0
-2;544100;ASH_COATED_OSMIUM;9981;30;;;;;10000;11;10002;30;;;9990.5;9944.5
-2;544100;INTARIAN_PEPPER_ROOT;10536;16;;;;;10550;11;10553;16;;;10543.0;42660.0
-2;544200;ASH_COATED_OSMIUM;9984;13;9981;26;;;10000;13;10002;26;;;9992.0;10054.0
-2;544200;INTARIAN_PEPPER_ROOT;10538;8;10536;24;;;10550;8;10553;24;;;10544.0;42740.0
-2;544300;ASH_COATED_OSMIUM;9984;11;9981;23;;;10002;23;;;;;9993.0;10127.0
-2;544300;INTARIAN_PEPPER_ROOT;10539;9;10536;17;;;10550;9;10553;17;;;10544.5;42780.0
-2;544400;ASH_COATED_OSMIUM;9984;15;9981;26;;;;;;;;;9984.0;9470.0
-2;544400;INTARIAN_PEPPER_ROOT;10539;12;10536;25;;;10550;12;;;;;10544.5;42780.0
-2;544500;ASH_COATED_OSMIUM;9984;15;9982;30;;;10000;15;10003;30;;;9992.0;10054.0
-2;544500;INTARIAN_PEPPER_ROOT;10539;9;10536;23;;;10550;9;;;;;10544.5;42780.0
-2;544600;ASH_COATED_OSMIUM;9985;13;9982;26;;;10001;13;10003;26;;;9993.0;10127.0
-2;544600;INTARIAN_PEPPER_ROOT;10539;10;;;;;10550;10;10553;17;;;10544.5;42780.0
-2;544700;ASH_COATED_OSMIUM;9985;12;9982;29;;;10000;12;10003;29;;;9992.5;10090.5
-2;544700;INTARIAN_PEPPER_ROOT;10539;9;10536;21;;;10550;9;;;;;10544.5;42780.0
-2;544800;ASH_COATED_OSMIUM;9984;15;9982;30;;;10000;15;10003;30;;;9992.0;10054.0
-2;544800;INTARIAN_PEPPER_ROOT;10539;8;10536;23;;;10551;8;10553;23;;;10545.0;42820.0
-2;544900;ASH_COATED_OSMIUM;9984;10;9981;26;;;10000;10;10002;26;;;9992.0;10054.0
-2;544900;INTARIAN_PEPPER_ROOT;10539;8;10536;21;;;10551;8;10553;21;;;10545.0;42820.0
-2;545000;ASH_COATED_OSMIUM;9983;13;9981;30;;;9999;13;10002;30;;;9991.0;9981.0
-2;545000;INTARIAN_PEPPER_ROOT;10539;9;10537;25;;;10551;9;10553;25;;;10545.0;42820.0
-2;545100;ASH_COATED_OSMIUM;9980;22;;;;;10001;22;;;;;9990.5;9944.5
-2;545100;INTARIAN_PEPPER_ROOT;10539;10;10537;22;;;10551;10;10554;22;;;10545.0;42820.0
-2;545200;ASH_COATED_OSMIUM;9983;10;9980;24;;;9999;10;10001;24;;;9991.0;9981.0
-2;545200;INTARIAN_PEPPER_ROOT;10537;20;;;;;10554;20;;;;;10545.5;42860.0
-2;545300;ASH_COATED_OSMIUM;9982;13;9980;26;;;9998;13;10001;26;;;9990.0;9908.0
-2;545300;INTARIAN_PEPPER_ROOT;10543;7;10540;10;10537;19;10551;10;10554;19;;;10547.0;42980.0
-2;545400;ASH_COATED_OSMIUM;9982;11;9980;24;;;10001;24;;;;;9991.5;10017.5
-2;545400;INTARIAN_PEPPER_ROOT;10540;8;;;;;10542;4;10551;8;10554;15;10541.0;42500.0
-2;545500;ASH_COATED_OSMIUM;9992;8;9983;15;9980;29;9999;15;;;;;9995.5;10281.5
-2;545500;INTARIAN_PEPPER_ROOT;10540;9;;;;;10551;9;10554;17;;;10545.5;42860.0
-2;545600;ASH_COATED_OSMIUM;9983;11;9980;21;;;9999;11;10001;21;;;9991.0;9989.0
-2;545600;INTARIAN_PEPPER_ROOT;10540;10;10537;25;;;10551;10;10554;25;;;10545.5;42860.0
-2;545700;ASH_COATED_OSMIUM;9982;14;;;;;;;;;;;9982.0;9404.0
-2;545700;INTARIAN_PEPPER_ROOT;10540;11;10537;24;;;10551;11;10554;24;;;10545.5;42860.0
-2;545800;ASH_COATED_OSMIUM;9982;14;9979;24;;;9998;14;10000;24;;;9990.0;9924.0
-2;545800;INTARIAN_PEPPER_ROOT;;;;;;;10552;11;10554;20;;;10552.0;43380.0
-2;545900;ASH_COATED_OSMIUM;9983;12;9980;27;;;10001;27;;;;;9992.0;10054.0
-2;545900;INTARIAN_PEPPER_ROOT;10540;9;10537;20;;;10554;20;;;;;10547.0;42980.0
-2;546000;ASH_COATED_OSMIUM;9982;15;9980;30;;;9998;15;10000;30;;;9990.0;9924.0
-2;546000;INTARIAN_PEPPER_ROOT;10540;9;;;;;10552;9;10554;24;;;10546.0;42900.0
-2;546100;ASH_COATED_OSMIUM;9982;13;9980;28;;;9992;4;9998;13;10001;28;9987.0;9729.0
-2;546100;INTARIAN_PEPPER_ROOT;;;;;;;10552;11;10555;22;;;10552.0;43380.0
-2;546200;ASH_COATED_OSMIUM;9982;14;9980;20;;;;;;;;;9982.0;9404.0
-2;546200;INTARIAN_PEPPER_ROOT;10540;10;;;;;10555;22;;;;;10547.5;43020.0
-2;546300;ASH_COATED_OSMIUM;9982;12;;;;;10001;29;;;;;9991.5;10047.0
-2;546300;INTARIAN_PEPPER_ROOT;;;;;;;10552;8;10555;21;;;10552.0;43380.0
-2;546400;ASH_COATED_OSMIUM;9982;14;9979;28;;;9998;14;10000;28;;;9990.0;9954.0
-2;546400;INTARIAN_PEPPER_ROOT;10541;10;10538;25;;;10555;25;;;;;10548.0;43060.0
-2;546500;ASH_COATED_OSMIUM;9982;13;;;;;9998;13;10000;27;;;9990.0;9954.0
-2;546500;INTARIAN_PEPPER_ROOT;10541;11;10538;21;;;10552;11;10555;21;;;10546.5;42940.0
-2;546600;ASH_COATED_OSMIUM;9988;4;9982;13;9980;21;9998;13;10001;21;;;9993.0;10140.0
-2;546600;INTARIAN_PEPPER_ROOT;10541;9;10538;20;;;10543;5;10552;9;10555;20;10542.0;42580.0
-2;546700;ASH_COATED_OSMIUM;9982;10;9980;24;;;9998;10;10001;24;;;9990.0;9954.0
-2;546700;INTARIAN_PEPPER_ROOT;;;;;;;10552;9;10555;25;;;10552.0;43380.0
-2;546800;ASH_COATED_OSMIUM;9982;12;9980;29;;;9998;12;10001;29;;;9990.0;9954.0
-2;546800;INTARIAN_PEPPER_ROOT;10541;11;10538;20;;;10553;11;10555;20;;;10547.0;42980.0
-2;546900;ASH_COATED_OSMIUM;9980;29;;;;;9998;12;10001;29;;;9989.0;9892.0
-2;546900;INTARIAN_PEPPER_ROOT;10541;8;10538;21;;;10553;8;;;;;10547.0;42980.0
-2;547000;ASH_COATED_OSMIUM;9982;12;9979;23;;;9998;12;10000;23;;;9990.0;9954.0
-2;547000;INTARIAN_PEPPER_ROOT;10541;12;;;;;10555;25;;;;;10548.0;43060.0
-2;547100;ASH_COATED_OSMIUM;9981;12;9979;26;;;9997;12;10000;26;;;9989.0;9892.0
-2;547100;INTARIAN_PEPPER_ROOT;10541;11;10539;16;;;10543;5;10553;11;;;10542.0;42580.0
-2;547200;ASH_COATED_OSMIUM;9982;10;9979;24;;;9998;10;10000;24;;;9990.0;9954.0
-2;547200;INTARIAN_PEPPER_ROOT;10541;8;10539;22;;;10553;8;10556;22;;;10547.0;42980.0
-2;547300;ASH_COATED_OSMIUM;9982;10;9980;30;;;9998;10;10001;30;;;9990.0;9954.0
-2;547300;INTARIAN_PEPPER_ROOT;10542;10;;;;;10553;10;10556;25;;;10547.5;43020.0
-2;547400;ASH_COATED_OSMIUM;9982;10;9979;27;;;9998;10;;;;;9990.0;9954.0
-2;547400;INTARIAN_PEPPER_ROOT;10542;9;;;;;10553;9;10556;21;;;10547.5;43020.0
-2;547500;ASH_COATED_OSMIUM;9982;12;9980;30;;;9998;12;10001;30;;;9990.0;10010.0
-2;547500;INTARIAN_PEPPER_ROOT;10542;10;10539;21;;;10553;10;10556;21;;;10547.5;43020.0
-2;547600;ASH_COATED_OSMIUM;9982;10;9980;27;;;9998;10;10000;27;;;9990.0;10010.0
-2;547600;INTARIAN_PEPPER_ROOT;10542;11;;;;;10553;11;;;;;10547.5;43020.0
-2;547700;ASH_COATED_OSMIUM;9979;22;;;;;;;;;;;9979.0;9240.0
-2;547700;INTARIAN_PEPPER_ROOT;10542;11;;;;;10553;11;10556;25;;;10547.5;43020.0
-2;547800;ASH_COATED_OSMIUM;9981;11;9979;23;;;10000;23;;;;;9990.5;10045.0
-2;547800;INTARIAN_PEPPER_ROOT;10542;9;;;;;10554;9;;;;;10548.0;43060.0
-2;547900;ASH_COATED_OSMIUM;;;;;;;9998;15;;;;;9998.0;10570.0
-2;547900;INTARIAN_PEPPER_ROOT;10542;10;10539;15;;;10554;10;10556;15;;;10548.0;43060.0
-2;548000;ASH_COATED_OSMIUM;9982;14;9979;21;;;10000;21;;;;;9991.0;10080.0
-2;548000;INTARIAN_PEPPER_ROOT;10542;9;10540;15;;;10554;9;10556;15;;;10548.0;43060.0
-2;548100;ASH_COATED_OSMIUM;9982;15;9980;21;;;9998;15;10001;21;;;9990.0;10010.0
-2;548100;INTARIAN_PEPPER_ROOT;10540;19;;;;;10554;10;10557;19;;;10547.0;42980.0
-2;548200;ASH_COATED_OSMIUM;9979;20;;;;;9998;11;10000;20;;;9988.5;9905.0
-2;548200;INTARIAN_PEPPER_ROOT;10542;9;10540;22;;;10554;9;;;;;10548.0;43060.0
-2;548300;ASH_COATED_OSMIUM;9981;14;9979;24;;;9997;14;10000;24;;;9989.0;9940.0
-2;548300;INTARIAN_PEPPER_ROOT;10543;12;10540;19;;;10557;19;;;;;10550.0;43220.0
-2;548400;ASH_COATED_OSMIUM;9979;25;;;;;10000;25;;;;;9989.5;10060.5
-2;548400;INTARIAN_PEPPER_ROOT;10543;12;10540;24;;;10557;24;;;;;10550.0;43220.0
-2;548500;ASH_COATED_OSMIUM;9981;14;9978;21;;;9997;14;;;;;9989.0;10021.0
-2;548500;INTARIAN_PEPPER_ROOT;10543;9;10540;18;;;10554;9;10557;18;;;10548.5;43100.0
-2;548600;ASH_COATED_OSMIUM;9978;30;;;;;9997;13;9999;30;;;9987.5;9902.5
-2;548600;INTARIAN_PEPPER_ROOT;10543;11;;;;;10557;23;;;;;10550.0;43220.0
-2;548700;ASH_COATED_OSMIUM;9981;12;;;;;9997;12;9999;25;;;9989.0;10021.0
-2;548700;INTARIAN_PEPPER_ROOT;10543;9;10540;18;;;10554;9;10557;18;;;10548.5;43100.0
-2;548800;ASH_COATED_OSMIUM;9981;13;9978;20;;;9999;20;;;;;9990.0;10100.0
-2;548800;INTARIAN_PEPPER_ROOT;10543;11;10540;19;;;10557;19;;;;;10550.0;43220.0
-2;548900;ASH_COATED_OSMIUM;9981;13;9979;26;;;10000;26;;;;;9990.5;10139.5
-2;548900;INTARIAN_PEPPER_ROOT;10543;8;10540;17;;;10555;8;10557;17;;;10549.0;43140.0
-2;549000;ASH_COATED_OSMIUM;9981;10;9979;30;;;9997;10;;;;;9989.0;10021.0
-2;549000;INTARIAN_PEPPER_ROOT;10543;9;10541;25;;;10555;9;10557;25;;;10549.0;43140.0
-2;549100;ASH_COATED_OSMIUM;9982;10;;;;;10000;25;;;;;9991.0;10179.0
-2;549100;INTARIAN_PEPPER_ROOT;10543;11;;;;;10555;11;;;;;10549.0;43140.0
-2;549200;ASH_COATED_OSMIUM;9982;10;9980;28;;;9998;10;10001;28;;;9990.0;10100.0
-2;549200;INTARIAN_PEPPER_ROOT;10543;9;;;;;10555;9;10558;22;;;10549.0;43140.0
-2;549300;ASH_COATED_OSMIUM;9982;15;9980;26;;;9998;15;;;;;9990.0;10100.0
-2;549300;INTARIAN_PEPPER_ROOT;10544;12;10541;17;;;10555;12;10558;17;;;10549.5;43180.0
-2;549400;ASH_COATED_OSMIUM;9992;4;9982;10;;;10001;28;;;;;9996.5;10595.5
-2;549400;INTARIAN_PEPPER_ROOT;10552;4;10544;10;10541;24;10555;10;10558;24;;;10553.5;43500.0
-2;549500;ASH_COATED_OSMIUM;9982;10;9980;21;;;9998;10;;;;;9990.0;10108.0
-2;549500;INTARIAN_PEPPER_ROOT;10544;12;10541;16;;;10555;12;;;;;10549.5;43180.0
-2;549600;ASH_COATED_OSMIUM;;;;;;;9998;14;;;;;9998.0;10703.0
-2;549600;INTARIAN_PEPPER_ROOT;10552;3;10544;10;10541;16;10555;10;10558;16;;;10553.5;43500.0
-2;549700;ASH_COATED_OSMIUM;9980;29;;;;;9999;14;10001;29;;;9989.5;10108.0
-2;549700;INTARIAN_PEPPER_ROOT;10544;10;10541;15;;;10555;10;10558;15;;;10549.5;43180.0
-2;549800;ASH_COATED_OSMIUM;9982;11;9980;23;;;9998;11;10001;23;;;9990.0;10143.0
-2;549800;INTARIAN_PEPPER_ROOT;10544;11;;;;;10556;11;10558;17;;;10550.0;43220.0
-2;549900;ASH_COATED_OSMIUM;9982;12;9980;20;;;9998;12;10001;20;;;9990.0;10143.0
-2;549900;INTARIAN_PEPPER_ROOT;10544;12;10541;22;;;10556;12;10558;22;;;10550.0;43220.0
-2;550000;ASH_COATED_OSMIUM;9982;14;9980;24;;;9998;14;10001;24;;;9990.0;10143.0
-2;550000;INTARIAN_PEPPER_ROOT;10544;10;10542;22;;;10556;10;10558;22;;;10550.0;43220.0
-2;550100;ASH_COATED_OSMIUM;9982;14;9980;27;;;9998;14;10001;27;;;9990.0;10143.0
-2;550100;INTARIAN_PEPPER_ROOT;10544;9;10542;20;;;10556;9;10559;20;;;10550.0;43220.0
-2;550200;ASH_COATED_OSMIUM;9980;22;;;;;9999;14;;;;;9989.5;10108.0
-2;550200;INTARIAN_PEPPER_ROOT;10542;25;;;;;10556;8;10559;25;;;10549.0;43140.0
-2;550300;ASH_COATED_OSMIUM;9982;15;9980;25;;;9998;15;;;;;9990.0;10143.0
-2;550300;INTARIAN_PEPPER_ROOT;10542;20;;;;;10556;12;10559;20;;;10549.0;43140.0
-2;550400;ASH_COATED_OSMIUM;9983;11;9981;25;;;9999;11;10002;25;;;9991.0;10213.0
-2;550400;INTARIAN_PEPPER_ROOT;10545;9;10542;22;;;10559;22;;;;;10552.0;43380.0
-2;550500;ASH_COATED_OSMIUM;9984;14;9981;22;;;10000;14;10002;22;;;9992.0;10283.0
-2;550500;INTARIAN_PEPPER_ROOT;10545;8;10542;22;;;10556;8;10559;22;;;10550.5;43260.0
-2;550600;ASH_COATED_OSMIUM;;;;;;;10000;14;10003;20;;;10000.0;10843.0
-2;550600;INTARIAN_PEPPER_ROOT;10545;8;;;;;10559;25;;;;;10552.0;43380.0
-2;550700;ASH_COATED_OSMIUM;9984;13;9982;22;;;10000;13;10003;22;;;9992.0;10283.0
-2;550700;INTARIAN_PEPPER_ROOT;10545;10;10542;16;;;10556;10;10559;16;;;10550.5;43260.0
-2;550800;ASH_COATED_OSMIUM;9984;14;;;;;10000;14;10002;24;;;9992.0;10283.0
-2;550800;INTARIAN_PEPPER_ROOT;10545;12;10542;17;;;10557;12;10559;17;;;10551.0;43300.0
-2;550900;ASH_COATED_OSMIUM;9984;11;9982;21;;;10000;11;10003;21;;;9992.0;10283.0
-2;550900;INTARIAN_PEPPER_ROOT;10545;9;10542;24;;;10557;9;;;;;10551.0;43300.0
-2;551000;ASH_COATED_OSMIUM;9984;10;9981;23;;;10000;10;10002;23;;;9992.0;10283.0
-2;551000;INTARIAN_PEPPER_ROOT;10545;9;10543;17;;;10557;9;10559;17;;;10551.0;43300.0
-2;551100;ASH_COATED_OSMIUM;9984;10;9982;27;;;10000;10;10003;27;;;9992.0;10283.0
-2;551100;INTARIAN_PEPPER_ROOT;10545;9;10543;23;;;10557;9;;;;;10551.0;43300.0
-2;551200;ASH_COATED_OSMIUM;9985;13;9982;29;;;10001;13;10003;29;;;9993.0;10353.0
-2;551200;INTARIAN_PEPPER_ROOT;10545;12;10543;24;;;10557;12;;;;;10551.0;43300.0
-2;551300;ASH_COATED_OSMIUM;9984;15;;;;;10000;15;10003;20;;;9992.0;10318.0
-2;551300;INTARIAN_PEPPER_ROOT;10546;10;10543;20;;;10557;10;10560;20;;;10551.5;43340.0
-2;551400;ASH_COATED_OSMIUM;9984;12;9981;26;;;10000;12;10002;26;;;9992.0;10318.0
-2;551400;INTARIAN_PEPPER_ROOT;10546;12;10543;19;;;;;;;;;10546.0;42900.0
-2;551500;ASH_COATED_OSMIUM;9984;12;;;;;10002;21;;;;;9993.0;10393.0
-2;551500;INTARIAN_PEPPER_ROOT;10546;11;10543;25;;;10560;25;;;;;10553.0;43460.0
-2;551600;ASH_COATED_OSMIUM;9983;12;;;;;10002;28;;;;;9992.5;10355.5
-2;551600;INTARIAN_PEPPER_ROOT;10546;10;10543;15;;;10557;10;10560;15;;;10551.5;43340.0
-2;551700;ASH_COATED_OSMIUM;9983;13;9981;28;;;9999;13;;;;;9991.0;10243.0
-2;551700;INTARIAN_PEPPER_ROOT;10546;10;10543;23;;;10560;23;;;;;10553.0;43460.0
-2;551800;ASH_COATED_OSMIUM;9993;9;9983;15;;;9999;15;10001;22;;;9996.0;10591.0
-2;551800;INTARIAN_PEPPER_ROOT;10546;11;10543;15;;;10558;11;;;;;10552.0;43380.0
-2;551900;ASH_COATED_OSMIUM;9983;15;9981;22;;;9999;15;;;;;9991.0;10261.0
-2;551900;INTARIAN_PEPPER_ROOT;10543;21;;;;;10558;9;;;;;10550.5;43260.0
-2;552000;ASH_COATED_OSMIUM;9983;14;9981;27;;;9999;14;;;;;9991.0;10261.0
-2;552000;INTARIAN_PEPPER_ROOT;10546;10;10544;18;;;10558;10;10560;18;;;10552.0;43380.0
-2;552100;ASH_COATED_OSMIUM;9983;14;9981;26;;;9999;14;10002;26;;;9991.0;10261.0
-2;552100;INTARIAN_PEPPER_ROOT;10546;9;10544;25;;;10558;9;;;;;10552.0;43380.0
-2;552200;ASH_COATED_OSMIUM;9983;13;9981;21;;;;;;;;;9983.0;9733.0
-2;552200;INTARIAN_PEPPER_ROOT;10546;12;;;;;10558;12;10561;19;;;10552.0;43380.0
-2;552300;ASH_COATED_OSMIUM;9983;12;9981;28;;;10002;28;;;;;9992.5;10360.0
-2;552300;INTARIAN_PEPPER_ROOT;10547;10;10544;17;;;10558;10;;;;;10552.5;43420.0
-2;552400;ASH_COATED_OSMIUM;9983;14;9981;21;;;9999;14;10002;21;;;9991.0;10261.0
-2;552400;INTARIAN_PEPPER_ROOT;10547;11;10544;24;;;10558;11;10561;24;;;10552.5;43420.0
-2;552500;ASH_COATED_OSMIUM;9983;14;9980;23;;;9999;14;;;;;9991.0;10261.0
-2;552500;INTARIAN_PEPPER_ROOT;;;;;;;10554;8;10558;8;10561;17;10554.0;43540.0
-2;552600;ASH_COATED_OSMIUM;9983;11;9981;26;;;9999;11;10002;26;;;9991.0;10261.0
-2;552600;INTARIAN_PEPPER_ROOT;10547;10;10544;20;;;10561;20;;;;;10554.0;43540.0
-2;552700;ASH_COATED_OSMIUM;9983;10;9981;26;;;10002;26;;;;;9992.5;10360.0
-2;552700;INTARIAN_PEPPER_ROOT;10547;11;10544;16;;;10558;11;10561;16;;;10552.5;43420.0
-2;552800;ASH_COATED_OSMIUM;9984;15;;;;;10002;29;;;;;9993.0;10393.0
-2;552800;INTARIAN_PEPPER_ROOT;10547;12;10544;19;;;10559;12;10561;19;;;10553.0;43460.0
-2;552900;ASH_COATED_OSMIUM;9993;5;9984;11;;;10000;11;10002;21;;;9996.5;10606.5
-2;552900;INTARIAN_PEPPER_ROOT;10547;11;10544;20;;;10559;11;;;;;10553.0;43460.0
-2;553000;ASH_COATED_OSMIUM;9984;12;9981;26;;;10000;12;10002;26;;;9992.0;10332.0
-2;553000;INTARIAN_PEPPER_ROOT;10547;12;10545;22;;;10559;12;10561;22;;;10553.0;43460.0
-2;553100;ASH_COATED_OSMIUM;9984;11;9981;20;;;10000;11;10002;20;;;9992.0;10332.0
-2;553100;INTARIAN_PEPPER_ROOT;10547;8;10545;15;;;10559;8;;;;;10553.0;43460.0
-2;553200;ASH_COATED_OSMIUM;9984;13;9981;30;;;10000;13;10002;30;;;9992.0;10332.0
-2;553200;INTARIAN_PEPPER_ROOT;10545;21;;;;;10559;12;10562;21;;;10552.0;43380.0
-2;553300;ASH_COATED_OSMIUM;9981;21;;;;;9999;12;;;;;9990.0;10210.0
-2;553300;INTARIAN_PEPPER_ROOT;10548;8;;;;;;;;;;;10548.0;43060.0
-2;553400;ASH_COATED_OSMIUM;9983;13;;;;;9999;13;;;;;9991.0;10271.0
-2;553400;INTARIAN_PEPPER_ROOT;10548;11;10545;19;;;10559;11;10562;19;;;10553.5;43500.0
-2;553500;ASH_COATED_OSMIUM;9983;14;9980;28;;;9999;14;10001;28;;;9991.0;10271.0
-2;553500;INTARIAN_PEPPER_ROOT;10548;12;10545;19;;;10562;19;;;;;10555.0;43620.0
-2;553600;ASH_COATED_OSMIUM;9983;11;9980;25;;;9999;11;10001;25;;;9991.0;10271.0
-2;553600;INTARIAN_PEPPER_ROOT;10545;24;;;;;10559;9;10562;24;;;10552.0;43380.0
-2;553700;ASH_COATED_OSMIUM;9982;15;9980;22;;;10001;22;;;;;9991.5;10301.5
-2;553700;INTARIAN_PEPPER_ROOT;10548;12;;;;;10562;20;;;;;10555.0;43620.0
-2;553800;ASH_COATED_OSMIUM;9982;13;;;;;9998;13;;;;;9990.0;10210.0
-2;553800;INTARIAN_PEPPER_ROOT;10548;9;10545;15;;;10562;15;;;;;10555.0;43620.0
-2;553900;ASH_COATED_OSMIUM;9991;7;9982;11;9979;23;9998;11;10000;23;;;9994.5;10484.5
-2;553900;INTARIAN_PEPPER_ROOT;10548;9;;;;;10560;9;10562;21;;;10554.0;43540.0
-2;554000;ASH_COATED_OSMIUM;9982;14;9979;22;;;9998;14;10000;22;;;9990.0;10210.0
-2;554000;INTARIAN_PEPPER_ROOT;10548;11;10546;25;;;10560;11;10562;25;;;10554.0;43540.0
-2;554100;ASH_COATED_OSMIUM;9979;27;;;;;9998;10;10000;27;;;9988.5;10118.5
-2;554100;INTARIAN_PEPPER_ROOT;10548;11;10546;23;;;10563;23;;;;;10555.5;43660.0
-2;554200;ASH_COATED_OSMIUM;9979;20;;;;;9998;10;10000;20;;;9988.5;10118.5
-2;554200;INTARIAN_PEPPER_ROOT;10548;11;;;;;10560;11;10563;24;;;10554.0;43540.0
-2;554300;ASH_COATED_OSMIUM;9982;13;9979;25;;;9987;7;9998;13;10000;25;9984.5;9857.0
-2;554300;INTARIAN_PEPPER_ROOT;10549;12;10546;24;;;10560;12;10563;24;;;10554.5;43580.0
-2;554400;ASH_COATED_OSMIUM;9982;10;9979;20;;;9998;10;10000;20;;;9990.0;10231.0
-2;554400;INTARIAN_PEPPER_ROOT;10549;8;10546;18;;;10560;8;10563;18;;;10554.5;43580.0
-2;554500;ASH_COATED_OSMIUM;9983;15;9980;30;;;9988;10;9992;4;9998;15;9985.5;9900.0
-2;554500;INTARIAN_PEPPER_ROOT;10549;11;10546;19;;;10560;11;10563;19;;;10554.5;43580.0
-2;554600;ASH_COATED_OSMIUM;9982;10;;;;;9998;10;10001;25;;;9990.0;10251.0
-2;554600;INTARIAN_PEPPER_ROOT;10549;8;10546;17;;;10560;8;10563;17;;;10554.5;43580.0
-2;554700;ASH_COATED_OSMIUM;9982;12;9980;22;;;9998;12;;;;;9990.0;10251.0
-2;554700;INTARIAN_PEPPER_ROOT;10549;8;10546;18;;;10563;18;;;;;10556.0;43700.0
-2;554800;ASH_COATED_OSMIUM;9982;13;9980;20;;;9998;13;;;;;9990.0;10265.0
-2;554800;INTARIAN_PEPPER_ROOT;10549;12;10546;21;;;10561;12;10563;21;;;10555.0;43620.0
-2;554900;ASH_COATED_OSMIUM;9983;15;9980;29;;;9999;15;10001;29;;;9991.0;10341.0
-2;554900;INTARIAN_PEPPER_ROOT;10546;25;;;;;10561;11;10563;25;;;10553.5;43500.0
-2;555000;ASH_COATED_OSMIUM;9980;21;;;;;9999;13;10001;21;;;9989.5;10227.0
-2;555000;INTARIAN_PEPPER_ROOT;10547;15;;;;;10561;8;;;;;10554.0;43540.0
-2;555100;ASH_COATED_OSMIUM;9983;12;9980;30;;;;;;;;;9983.0;9733.0
-2;555100;INTARIAN_PEPPER_ROOT;10549;11;10547;19;;;10561;11;10564;19;;;10555.0;43620.0
-2;555200;ASH_COATED_OSMIUM;9983;12;9980;21;;;9999;12;;;;;9991.0;10341.0
-2;555200;INTARIAN_PEPPER_ROOT;10549;8;10547;18;;;10561;8;;;;;10555.0;43620.0
-2;555300;ASH_COATED_OSMIUM;9989;2;9983;13;9981;20;9999;13;10002;20;;;9994.0;10569.0
-2;555300;INTARIAN_PEPPER_ROOT;10550;12;10547;23;;;;;;;;;10550.0;43220.0
-2;555400;ASH_COATED_OSMIUM;9983;13;;;;;10002;23;;;;;9992.5;10455.0
-2;555400;INTARIAN_PEPPER_ROOT;10547;19;;;;;10561;11;10564;19;;;10554.0;43540.0
-2;555500;ASH_COATED_OSMIUM;9993;5;9984;11;;;10000;11;10002;25;;;9996.5;10741.5
-2;555500;INTARIAN_PEPPER_ROOT;10550;12;;;;;10561;12;10564;23;;;10555.5;43660.0
-2;555600;ASH_COATED_OSMIUM;9984;10;9981;24;;;10000;10;10002;24;;;9992.0;10422.0
-2;555600;INTARIAN_PEPPER_ROOT;10550;11;10547;15;;;10561;11;10564;15;;;10555.5;43660.0
-2;555700;ASH_COATED_OSMIUM;9983;10;9981;29;;;9999;10;10002;29;;;9991.0;10351.0
-2;555700;INTARIAN_PEPPER_ROOT;10550;10;10547;16;;;10564;16;;;;;10557.0;43780.0
-2;555800;ASH_COATED_OSMIUM;9984;15;9981;24;;;10000;15;10002;24;;;9992.0;10422.0
-2;555800;INTARIAN_PEPPER_ROOT;10550;8;;;;;10562;8;10564;16;;;10556.0;43700.0
-2;555900;ASH_COATED_OSMIUM;9984;14;9982;26;;;10000;14;10003;26;;;9992.0;10422.0
-2;555900;INTARIAN_PEPPER_ROOT;10550;9;10547;19;;;10564;19;;;;;10557.0;43780.0
-2;556000;ASH_COATED_OSMIUM;9984;13;9982;21;;;10000;13;;;;;9992.0;10422.0
-2;556000;INTARIAN_PEPPER_ROOT;10550;9;10548;17;;;10564;17;;;;;10557.0;43780.0
-2;556100;ASH_COATED_OSMIUM;9993;6;9989;4;9984;15;10000;15;10002;25;;;9996.5;10720.5
-2;556100;INTARIAN_PEPPER_ROOT;10550;9;;;;;10562;9;10565;23;;;10556.0;43700.0
-2;556200;ASH_COATED_OSMIUM;9984;10;;;;;10000;10;10003;28;;;9992.0;10428.0
-2;556200;INTARIAN_PEPPER_ROOT;10550;8;;;;;10562;8;10565;19;;;10556.0;43700.0
-2;556300;ASH_COATED_OSMIUM;9984;11;9982;30;;;10000;11;10003;30;;;9992.0;10428.0
-2;556300;INTARIAN_PEPPER_ROOT;10551;8;10548;17;;;10553;8;10562;8;;;10552.0;43380.0
-2;556400;ASH_COATED_OSMIUM;9984;13;9982;20;;;10000;13;10003;20;;;9992.0;10428.0
-2;556400;INTARIAN_PEPPER_ROOT;10551;11;10548;21;;;10562;11;10565;21;;;10556.5;43740.0
-2;556500;ASH_COATED_OSMIUM;9984;14;9981;28;;;10000;14;10002;28;;;9992.0;10428.0
-2;556500;INTARIAN_PEPPER_ROOT;;;;;;;10562;11;;;;;10562.0;44180.0
-2;556600;ASH_COATED_OSMIUM;9982;26;;;;;10000;15;10003;26;;;9991.0;10363.0
-2;556600;INTARIAN_PEPPER_ROOT;10551;8;10548;21;;;10562;8;;;;;10556.5;43740.0
-2;556700;ASH_COATED_OSMIUM;9984;10;;;;;10000;10;;;;;9992.0;10470.0
-2;556700;INTARIAN_PEPPER_ROOT;10551;12;;;;;10562;12;10565;21;;;10556.5;43740.0
-2;556800;ASH_COATED_OSMIUM;9984;14;9982;29;;;10002;29;;;;;9993.0;10541.0
-2;556800;INTARIAN_PEPPER_ROOT;10548;24;;;;;10563;12;10565;24;;;10555.5;43660.0
-2;556900;ASH_COATED_OSMIUM;9984;15;9981;28;;;;;;;;;9984.0;9902.0
-2;556900;INTARIAN_PEPPER_ROOT;10551;10;10548;19;;;10565;19;;;;;10558.0;43860.0
-2;557000;ASH_COATED_OSMIUM;9983;13;9981;25;;;9999;13;;;;;9991.0;10399.0
-2;557000;INTARIAN_PEPPER_ROOT;10551;8;10549;16;;;10563;8;10565;16;;;10557.0;43780.0
-2;557100;ASH_COATED_OSMIUM;9984;12;;;;;10000;12;10002;27;;;9992.0;10470.0
-2;557100;INTARIAN_PEPPER_ROOT;10551;10;;;;;10563;10;10566;17;;;10557.0;43780.0
-2;557200;ASH_COATED_OSMIUM;9983;15;9981;29;;;9999;15;10002;29;;;9991.0;10399.0
-2;557200;INTARIAN_PEPPER_ROOT;10551;9;10549;24;;;10563;9;10566;24;;;10557.0;43780.0
-2;557300;ASH_COATED_OSMIUM;;;;;;;10002;24;;;;;10002.0;11180.0
-2;557300;INTARIAN_PEPPER_ROOT;10552;12;10549;22;;;10563;12;;;;;10557.5;43820.0
-2;557400;ASH_COATED_OSMIUM;9984;11;9981;30;;;10000;11;10002;30;;;9992.0;10470.0
-2;557400;INTARIAN_PEPPER_ROOT;10560;5;10552;8;10549;16;10563;8;10566;16;;;10561.5;44140.0
-2;557500;ASH_COATED_OSMIUM;9983;14;9981;30;;;9999;14;;;;;9991.0;10399.0
-2;557500;INTARIAN_PEPPER_ROOT;10552;10;;;;;10563;10;10566;17;;;10557.5;43820.0
-2;557600;ASH_COATED_OSMIUM;9983;11;9980;25;;;9999;11;10001;25;;;9991.0;10427.0
-2;557600;INTARIAN_PEPPER_ROOT;10552;8;10549;16;;;10563;8;10566;16;;;10557.5;43820.0
-2;557700;ASH_COATED_OSMIUM;9983;11;;;;;9999;11;10002;28;;;9991.0;10427.0
-2;557700;INTARIAN_PEPPER_ROOT;10549;22;;;;;10563;10;10566;22;;;10556.0;43700.0
-2;557800;ASH_COATED_OSMIUM;9984;12;9981;27;;;10000;12;10002;27;;;9992.0;10494.0
-2;557800;INTARIAN_PEPPER_ROOT;10552;8;10549;24;;;10564;8;10566;24;;;10558.0;43860.0
-2;557900;ASH_COATED_OSMIUM;9984;12;9981;30;;;10000;12;10002;30;;;9992.0;10494.0
-2;557900;INTARIAN_PEPPER_ROOT;10549;20;;;;;10564;8;10566;20;;;10556.5;43740.0
-2;558000;ASH_COATED_OSMIUM;9984;12;;;;;10000;12;10002;30;;;9992.0;10494.0
-2;558000;INTARIAN_PEPPER_ROOT;10552;12;10550;25;;;10566;25;;;;;10559.0;43940.0
-2;558100;ASH_COATED_OSMIUM;9984;14;;;;;10000;14;10003;22;;;9992.0;10494.0
-2;558100;INTARIAN_PEPPER_ROOT;10552;9;;;;;10564;9;10567;25;;;10558.0;43860.0
-2;558200;ASH_COATED_OSMIUM;9984;14;9981;25;;;10000;14;10002;25;;;9992.0;10494.0
-2;558200;INTARIAN_PEPPER_ROOT;10552;11;10550;24;;;10564;11;;;;;10558.0;43860.0
-2;558300;ASH_COATED_OSMIUM;9984;11;9982;27;;;10000;11;;;;;9992.0;10494.0
-2;558300;INTARIAN_PEPPER_ROOT;10553;8;10550;15;;;10564;8;;;;;10558.5;43900.0
-2;558400;ASH_COATED_OSMIUM;9984;13;;;;;10000;13;10003;24;;;9992.0;10494.0
-2;558400;INTARIAN_PEPPER_ROOT;10553;9;10550;15;;;10564;9;10567;15;;;10558.5;43900.0
-2;558500;ASH_COATED_OSMIUM;9982;29;;;;;10000;11;10003;29;;;9991.0;10427.0
-2;558500;INTARIAN_PEPPER_ROOT;10553;8;10550;21;;;10567;21;;;;;10560.0;44020.0
-2;558600;ASH_COATED_OSMIUM;9984;14;9981;20;;;;;;;;;9984.0;9958.0
-2;558600;INTARIAN_PEPPER_ROOT;10553;9;10550;18;;;10564;9;10567;18;;;10558.5;43900.0
-2;558700;ASH_COATED_OSMIUM;9981;23;;;;;10000;15;10002;23;;;9990.5;10393.5
-2;558700;INTARIAN_PEPPER_ROOT;10553;10;10550;18;;;10567;18;;;;;10560.0;44020.0
-2;558800;ASH_COATED_OSMIUM;9984;12;9981;30;;;10000;12;;;;;9992.0;10494.0
-2;558800;INTARIAN_PEPPER_ROOT;10553;12;10550;16;;;10565;12;10567;16;;;10559.0;43940.0
-2;558900;ASH_COATED_OSMIUM;9984;14;9981;29;;;10000;14;10002;29;;;9992.0;10494.0
-2;558900;INTARIAN_PEPPER_ROOT;10553;12;;;;;10565;12;10567;22;;;10559.0;43940.0
-2;559000;ASH_COATED_OSMIUM;9989;5;9984;14;9981;20;10000;14;;;;;9994.5;10661.5
-2;559000;INTARIAN_PEPPER_ROOT;10553;9;10551;24;;;10565;9;10567;24;;;10559.0;43940.0
-2;559100;ASH_COATED_OSMIUM;9983;12;9981;24;;;9999;12;10002;24;;;9991.0;10427.0
-2;559100;INTARIAN_PEPPER_ROOT;10551;20;;;;;10565;12;;;;;10558.0;43860.0
-2;559200;ASH_COATED_OSMIUM;9980;22;;;;;9999;10;10001;22;;;9989.5;10326.5
-2;559200;INTARIAN_PEPPER_ROOT;10553;11;;;;;10565;11;10568;19;;;10559.0;43940.0
-2;559300;ASH_COATED_OSMIUM;9983;13;9980;30;;;9999;13;10001;30;;;9991.0;10427.0
-2;559300;INTARIAN_PEPPER_ROOT;10554;8;;;;;10568;22;;;;;10561.0;44100.0
-2;559400;ASH_COATED_OSMIUM;9983;10;9980;22;;;9999;10;10001;22;;;9991.0;10427.0
-2;559400;INTARIAN_PEPPER_ROOT;10554;11;10551;16;;;10565;11;10568;16;;;10559.5;43980.0
-2;559500;ASH_COATED_OSMIUM;9982;11;9980;27;;;9998;11;10001;27;;;9990.0;10360.0
-2;559500;INTARIAN_PEPPER_ROOT;10554;10;;;;;10565;10;10568;24;;;10559.5;43980.0
-2;559600;ASH_COATED_OSMIUM;9982;13;9979;23;;;9998;13;10000;23;;;9990.0;10360.0
-2;559600;INTARIAN_PEPPER_ROOT;10554;9;10551;25;;;10568;25;;;;;10561.0;44100.0
-2;559700;ASH_COATED_OSMIUM;9982;10;;;;;9998;10;10000;29;;;9990.0;10360.0
-2;559700;INTARIAN_PEPPER_ROOT;10554;10;10551;20;;;10568;20;;;;;10561.0;44100.0
-2;559800;ASH_COATED_OSMIUM;;;;;;;9998;13;10001;24;;;9998.0;10896.0
-2;559800;INTARIAN_PEPPER_ROOT;10554;10;10551;16;;;10566;10;10568;16;;;10560.0;44020.0
-2;559900;ASH_COATED_OSMIUM;9982;12;9980;20;;;9998;12;10000;20;;;9990.0;10360.0
-2;559900;INTARIAN_PEPPER_ROOT;;;;;;;10568;17;;;;;10568.0;44660.0
-2;560000;ASH_COATED_OSMIUM;9982;12;9980;27;;;9998;12;10001;27;;;9990.0;10360.0
-2;560000;INTARIAN_PEPPER_ROOT;10554;11;;;;;10568;19;;;;;10561.0;44100.0
-2;560100;ASH_COATED_OSMIUM;9980;25;;;;;9998;12;10001;25;;;9989.0;10293.0
-2;560100;INTARIAN_PEPPER_ROOT;10554;10;10552;16;;;10566;10;10569;16;;;10560.0;44020.0
-2;560200;ASH_COATED_OSMIUM;;;;;;;9998;14;10000;26;;;9998.0;10896.0
-2;560200;INTARIAN_PEPPER_ROOT;10554;11;;;;;;;;;;;10554.0;43540.0
-2;560300;ASH_COATED_OSMIUM;9979;21;;;;;9998;13;10000;21;;;9988.5;10259.5
-2;560300;INTARIAN_PEPPER_ROOT;10552;19;;;;;;;;;;;10552.0;43380.0
-2;560400;ASH_COATED_OSMIUM;9982;10;9979;20;;;9998;10;10000;20;;;9990.0;10360.0
-2;560400;INTARIAN_PEPPER_ROOT;10555;12;10552;15;;;10566;12;10569;15;;;10560.5;44060.0
-2;560500;ASH_COATED_OSMIUM;9981;12;9979;21;;;9997;12;;;;;9989.0;10293.0
-2;560500;INTARIAN_PEPPER_ROOT;10555;9;10552;25;;;10569;25;;;;;10562.0;44180.0
-2;560600;ASH_COATED_OSMIUM;9982;12;;;;;9998;12;10000;25;;;9990.0;10360.0
-2;560600;INTARIAN_PEPPER_ROOT;10552;19;;;;;10566;8;;;;;10559.0;43940.0
-2;560700;ASH_COATED_OSMIUM;9982;11;;;;;9998;11;;;;;9990.0;10360.0
-2;560700;INTARIAN_PEPPER_ROOT;10555;10;10552;20;;;10566;10;10569;20;;;10560.5;44060.0
-2;560800;ASH_COATED_OSMIUM;9982;12;9980;28;;;10001;28;;;;;9991.5;10460.5
-2;560800;INTARIAN_PEPPER_ROOT;10552;15;;;;;10567;12;10569;15;;;10559.5;43980.0
-2;560900;ASH_COATED_OSMIUM;9979;20;;;;;9998;15;10000;20;;;9988.5;10259.5
-2;560900;INTARIAN_PEPPER_ROOT;10555;8;10552;17;;;10567;8;10569;17;;;10561.0;44100.0
-2;561000;ASH_COATED_OSMIUM;9982;15;9979;26;;;10000;26;;;;;9991.0;10427.0
-2;561000;INTARIAN_PEPPER_ROOT;10555;8;10553;18;;;10567;8;;;;;10561.0;44100.0
-2;561100;ASH_COATED_OSMIUM;9980;24;;;;;9998;15;10001;24;;;9989.0;10293.0
-2;561100;INTARIAN_PEPPER_ROOT;10555;10;10553;24;;;10567;10;10570;24;;;10561.0;44100.0
-2;561200;ASH_COATED_OSMIUM;9982;12;9979;22;;;9998;12;;;;;9990.0;10360.0
-2;561200;INTARIAN_PEPPER_ROOT;10555;8;10553;17;;;10567;8;10570;17;;;10561.0;44100.0
-2;561300;ASH_COATED_OSMIUM;9982;12;9979;27;;;9997;12;10000;27;;;9989.5;10326.5
-2;561300;INTARIAN_PEPPER_ROOT;10556;12;;;;;10570;22;;;;;10563.0;44260.0
-2;561400;ASH_COATED_OSMIUM;9982;14;;;;;9998;14;10000;30;;;9990.0;10360.0
-2;561400;INTARIAN_PEPPER_ROOT;10556;10;10553;25;;;10570;25;;;;;10563.0;44260.0
-2;561500;ASH_COATED_OSMIUM;9980;20;;;;;9998;14;10001;20;;;9989.0;10293.0
-2;561500;INTARIAN_PEPPER_ROOT;10556;12;10553;25;;;10567;12;10570;25;;;10561.5;44140.0
-2;561600;ASH_COATED_OSMIUM;9982;13;9980;28;;;9998;13;;;;;9990.0;10360.0
-2;561600;INTARIAN_PEPPER_ROOT;10556;11;10553;18;;;10567;11;;;;;10561.5;44140.0
-2;561700;ASH_COATED_OSMIUM;9983;15;;;;;9999;15;10001;25;;;9991.0;10427.0
-2;561700;INTARIAN_PEPPER_ROOT;10553;15;;;;;10567;12;10570;15;;;10560.0;44020.0
-2;561800;ASH_COATED_OSMIUM;;;;;;;9998;10;10001;30;;;9998.0;10896.0
-2;561800;INTARIAN_PEPPER_ROOT;10556;11;;;;;10568;11;10570;24;;;10562.0;44180.0
-2;561900;ASH_COATED_OSMIUM;9983;11;9980;21;;;9999;11;10001;21;;;9991.0;10427.0
-2;561900;INTARIAN_PEPPER_ROOT;10556;12;10553;18;;;10568;12;;;;;10562.0;44180.0
-2;562000;ASH_COATED_OSMIUM;9983;13;9980;28;;;9999;13;10001;28;;;9991.0;10427.0
-2;562000;INTARIAN_PEPPER_ROOT;10556;8;10554;16;;;10568;8;;;;;10562.0;44180.0
-2;562100;ASH_COATED_OSMIUM;9983;15;9981;25;;;9999;15;;;;;9991.0;10427.0
-2;562100;INTARIAN_PEPPER_ROOT;10554;23;;;;;10568;10;10571;23;;;10561.0;44100.0
-2;562200;ASH_COATED_OSMIUM;9983;11;9981;20;;;9999;11;;;;;9991.0;10427.0
-2;562200;INTARIAN_PEPPER_ROOT;10556;12;10554;22;;;10568;12;10571;22;;;10562.0;44180.0
-2;562300;ASH_COATED_OSMIUM;9983;15;9981;28;;;9999;15;10002;28;;;9991.0;10427.0
-2;562300;INTARIAN_PEPPER_ROOT;10557;9;10554;25;;;10568;9;10571;25;;;10562.5;44220.0
-2;562400;ASH_COATED_OSMIUM;9981;28;;;;;10002;28;;;;;9991.5;10460.5
-2;562400;INTARIAN_PEPPER_ROOT;10557;11;;;;;10571;20;;;;;10564.0;44340.0
-2;562500;ASH_COATED_OSMIUM;9984;12;;;;;10000;12;10003;26;;;9992.0;10494.0
-2;562500;INTARIAN_PEPPER_ROOT;10554;18;;;;;10568;9;10571;18;;;10561.0;44100.0
-2;562600;ASH_COATED_OSMIUM;9982;29;;;;;10003;29;;;;;9992.5;10527.5
-2;562600;INTARIAN_PEPPER_ROOT;10557;9;10554;22;;;10568;9;10571;22;;;10562.5;44220.0
-2;562700;ASH_COATED_OSMIUM;9984;12;;;;;10000;12;;;;;9992.0;10494.0
-2;562700;INTARIAN_PEPPER_ROOT;10557;8;10554;15;;;10568;8;10571;15;;;10562.5;44220.0
-2;562800;ASH_COATED_OSMIUM;9984;11;9982;26;;;10000;11;10003;26;;;9992.0;10494.0
-2;562800;INTARIAN_PEPPER_ROOT;10557;12;10554;24;;;10569;12;;;;;10563.0;44260.0
-2;562900;ASH_COATED_OSMIUM;9984;15;9982;25;;;10000;15;10003;25;;;9992.0;10494.0
-2;562900;INTARIAN_PEPPER_ROOT;10557;8;10554;17;;;10569;8;10571;17;;;10563.0;44260.0
-2;563000;ASH_COATED_OSMIUM;9984;11;9981;21;;;10000;11;10002;21;;;9992.0;10494.0
-2;563000;INTARIAN_PEPPER_ROOT;10557;10;10555;16;;;10571;16;;;;;10564.0;44340.0
-2;563100;ASH_COATED_OSMIUM;9984;12;;;;;10000;12;10002;21;;;9992.0;10494.0
-2;563100;INTARIAN_PEPPER_ROOT;10557;8;;;;;10569;8;10572;16;;;10563.0;44260.0
-2;563200;ASH_COATED_OSMIUM;;;;;;;10003;30;;;;;10003.0;11231.0
-2;563200;INTARIAN_PEPPER_ROOT;10557;12;10555;17;;;10569;12;10572;17;;;10563.0;44260.0
-2;563300;ASH_COATED_OSMIUM;9984;11;9982;29;;;10000;11;10003;29;;;9992.0;10494.0
-2;563300;INTARIAN_PEPPER_ROOT;10558;9;10555;22;;;10572;22;;;;;10565.0;44420.0
-2;563400;ASH_COATED_OSMIUM;;;;;;;10000;12;10003;21;;;10000.0;11030.0
-2;563400;INTARIAN_PEPPER_ROOT;10558;12;10555;18;;;10569;12;10572;18;;;10563.5;44300.0
-2;563500;ASH_COATED_OSMIUM;9982;21;;;;;10001;13;10003;21;;;9991.5;10460.5
-2;563500;INTARIAN_PEPPER_ROOT;10558;8;10555;18;;;10572;18;;;;;10565.0;44420.0
-2;563600;ASH_COATED_OSMIUM;9985;12;;;;;10000;12;10003;30;;;9992.5;10527.5
-2;563600;INTARIAN_PEPPER_ROOT;10558;8;10555;24;;;10569;8;10572;24;;;10563.5;44300.0
-2;563700;ASH_COATED_OSMIUM;9984;13;9982;20;;;10003;20;;;;;9993.5;10594.5
-2;563700;INTARIAN_PEPPER_ROOT;10555;16;;;;;10569;12;10572;16;;;10562.0;44180.0
-2;563800;ASH_COATED_OSMIUM;9982;20;;;;;10000;11;10003;20;;;9991.0;10427.0
-2;563800;INTARIAN_PEPPER_ROOT;10558;11;10555;18;;;10572;18;;;;;10565.0;44420.0
-2;563900;ASH_COATED_OSMIUM;9984;15;;;;;10003;25;;;;;9993.5;10594.5
-2;563900;INTARIAN_PEPPER_ROOT;10558;11;10555;24;;;10570;11;10572;24;;;10564.0;44340.0
-2;564000;ASH_COATED_OSMIUM;9984;11;;;;;10000;11;;;;;9992.0;10494.0
-2;564000;INTARIAN_PEPPER_ROOT;10558;9;10556;22;;;10570;9;10572;22;;;10564.0;44340.0
-2;564100;ASH_COATED_OSMIUM;9983;14;9981;26;;;10002;26;;;;;9992.5;10527.5
-2;564100;INTARIAN_PEPPER_ROOT;10558;11;;;;;10570;11;;;;;10564.0;44340.0
-2;564200;ASH_COATED_OSMIUM;9981;24;;;;;9999;11;10002;24;;;9990.0;10360.0
-2;564200;INTARIAN_PEPPER_ROOT;10558;9;10556;19;;;10570;9;10573;19;;;10564.0;44340.0
-2;564300;ASH_COATED_OSMIUM;9983;10;9981;23;;;;;;;;;9983.0;9891.0
-2;564300;INTARIAN_PEPPER_ROOT;10559;9;10556;18;;;10570;9;10573;18;;;10564.5;44380.0
-2;564400;ASH_COATED_OSMIUM;9981;23;;;;;;;;;;;9981.0;9757.0
-2;564400;INTARIAN_PEPPER_ROOT;10559;12;10556;21;;;;;;;;;10559.0;43940.0
-2;564500;ASH_COATED_OSMIUM;9980;24;;;;;9999;14;10001;24;;;9989.5;10326.5
-2;564500;INTARIAN_PEPPER_ROOT;10559;11;10556;25;;;10570;11;;;;;10564.5;44380.0
-2;564600;ASH_COATED_OSMIUM;9983;15;9980;27;;;9999;15;10001;27;;;9991.0;10427.0
-2;564600;INTARIAN_PEPPER_ROOT;10559;8;;;;;10570;8;10573;24;;;10564.5;44380.0
-2;564700;ASH_COATED_OSMIUM;9983;12;9980;25;;;9999;12;10001;25;;;9991.0;10427.0
-2;564700;INTARIAN_PEPPER_ROOT;10559;11;10556;16;;;10570;11;10573;16;;;10564.5;44380.0
-2;564800;ASH_COATED_OSMIUM;;;;;;;9999;12;10001;20;;;9999.0;10963.0
-2;564800;INTARIAN_PEPPER_ROOT;10559;11;;;;;10571;11;10573;24;;;10565.0;44420.0
-2;564900;ASH_COATED_OSMIUM;9982;10;9980;28;;;9998;10;;;;;9990.0;10360.0
-2;564900;INTARIAN_PEPPER_ROOT;10556;19;;;;;10571;9;;;;;10563.5;44300.0
-2;565000;ASH_COATED_OSMIUM;9983;14;9980;22;;;9999;14;10001;22;;;9991.0;10455.0
-2;565000;INTARIAN_PEPPER_ROOT;10559;11;10557;15;;;10573;15;;;;;10566.0;44500.0
-2;565100;ASH_COATED_OSMIUM;;;;;;;10001;20;;;;;10001.0;11085.0
-2;565100;INTARIAN_PEPPER_ROOT;10559;12;10557;22;;;10571;12;10574;22;;;10565.0;44420.0
-2;565200;ASH_COATED_OSMIUM;;;;;;;9999;15;;;;;9999.0;10959.0
-2;565200;INTARIAN_PEPPER_ROOT;10559;9;10557;21;;;10571;9;10574;21;;;10565.0;44420.0
-2;565300;ASH_COATED_OSMIUM;9983;14;9980;27;;;9999;14;10001;27;;;9991.0;10455.0
-2;565300;INTARIAN_PEPPER_ROOT;10560;10;10557;21;;;10571;10;10574;21;;;10565.5;44460.0
-2;565400;ASH_COATED_OSMIUM;9983;13;9980;22;;;9999;13;10001;22;;;9991.0;10455.0
-2;565400;INTARIAN_PEPPER_ROOT;10560;12;10557;19;;;10571;12;10574;19;;;10565.5;44460.0
-2;565500;ASH_COATED_OSMIUM;9980;25;;;;;9999;13;10001;25;;;9989.5;10360.5
-2;565500;INTARIAN_PEPPER_ROOT;10560;12;10557;15;;;10571;12;10574;15;;;10565.5;44460.0
-2;565600;ASH_COATED_OSMIUM;9983;11;9980;27;;;;;;;;;9983.0;9951.0
-2;565600;INTARIAN_PEPPER_ROOT;10560;8;;;;;10571;8;10574;18;;;10565.5;44460.0
-2;565700;ASH_COATED_OSMIUM;9980;23;;;;;9999;10;10001;23;;;9989.5;10360.5
-2;565700;INTARIAN_PEPPER_ROOT;10560;9;10557;23;;;10571;9;10574;23;;;10565.5;44460.0
-2;565800;ASH_COATED_OSMIUM;9983;11;9980;27;;;10001;27;;;;;9992.0;10518.0
-2;565800;INTARIAN_PEPPER_ROOT;10560;9;10557;21;;;10572;9;10574;21;;;10566.0;44500.0
-2;565900;ASH_COATED_OSMIUM;9983;14;;;;;10001;22;;;;;9992.0;10518.0
-2;565900;INTARIAN_PEPPER_ROOT;;;;;;;10574;16;;;;;10574.0;45140.0
-2;566000;ASH_COATED_OSMIUM;9982;14;9980;24;;;10001;24;;;;;9991.5;10486.5
-2;566000;INTARIAN_PEPPER_ROOT;10560;8;;;;;10572;8;;;;;10566.0;44500.0
-2;566100;ASH_COATED_OSMIUM;9983;13;9980;29;;;10001;29;;;;;9992.0;10518.0
-2;566100;INTARIAN_PEPPER_ROOT;10560;12;10558;23;;;10572;12;10575;23;;;10566.0;44500.0
-2;566200;ASH_COATED_OSMIUM;9983;12;9980;26;;;9999;12;10001;26;;;9991.0;10525.0
-2;566200;INTARIAN_PEPPER_ROOT;10560;11;10558;22;;;10572;11;10575;22;;;10566.0;44500.0
-2;566300;ASH_COATED_OSMIUM;9980;23;;;;;9999;14;;;;;9989.5;10415.5
-2;566300;INTARIAN_PEPPER_ROOT;10558;16;;;;;10572;8;10575;16;;;10565.0;44420.0
-2;566400;ASH_COATED_OSMIUM;9982;13;9980;21;;;9998;13;;;;;9990.0;10452.0
-2;566400;INTARIAN_PEPPER_ROOT;;;;;;;10572;10;10575;21;;;10572.0;44980.0
-2;566500;ASH_COATED_OSMIUM;9982;12;9980;21;;;10001;21;;;;;9991.5;10561.5
-2;566500;INTARIAN_PEPPER_ROOT;10561;10;10558;15;;;10572;10;10575;15;;;10566.5;44540.0
-2;566600;ASH_COATED_OSMIUM;9982;11;9980;27;;;9998;11;10001;27;;;9990.0;10452.0
-2;566600;INTARIAN_PEPPER_ROOT;10561;11;10558;20;;;10572;11;10575;20;;;10566.5;44540.0
-2;566700;ASH_COATED_OSMIUM;9983;10;9980;20;;;9999;10;10001;20;;;9991.0;10525.0
-2;566700;INTARIAN_PEPPER_ROOT;10558;24;;;;;10572;9;10575;24;;;10565.0;44420.0
-2;566800;ASH_COATED_OSMIUM;;;;;;;9999;14;10001;26;;;9999.0;11109.0
-2;566800;INTARIAN_PEPPER_ROOT;10561;8;10558;20;;;10573;8;;;;;10567.0;44580.0
-2;566900;ASH_COATED_OSMIUM;9983;10;9980;20;;;9999;10;10001;20;;;9991.0;10525.0
-2;566900;INTARIAN_PEPPER_ROOT;;;;;;;10573;11;10575;16;;;10573.0;45060.0
-2;567000;ASH_COATED_OSMIUM;9983;10;9980;23;;;9999;10;10001;23;;;9991.0;10525.0
-2;567000;INTARIAN_PEPPER_ROOT;10561;11;;;;;10573;11;10575;16;;;10567.0;44580.0
-2;567100;ASH_COATED_OSMIUM;9983;12;9980;27;;;9999;12;10001;27;;;9991.0;10525.0
-2;567100;INTARIAN_PEPPER_ROOT;10561;10;10559;18;;;10573;10;10576;18;;;10567.0;44580.0
-2;567200;ASH_COATED_OSMIUM;9982;10;9980;20;;;10001;20;;;;;9991.5;10561.5
-2;567200;INTARIAN_PEPPER_ROOT;10561;10;10559;20;;;10573;10;10576;20;;;10567.0;44580.0
-2;567300;ASH_COATED_OSMIUM;;;;;;;10001;22;;;;;10001.0;11247.0
-2;567300;INTARIAN_PEPPER_ROOT;10562;11;10559;17;;;10573;11;10576;17;;;10567.5;44620.0
-2;567400;ASH_COATED_OSMIUM;9988;2;9982;13;9980;23;;;;;;;9988.0;10402.0
-2;567400;INTARIAN_PEPPER_ROOT;10562;8;10559;21;;;10573;8;;;;;10567.5;44620.0
-2;567500;ASH_COATED_OSMIUM;9982;12;9980;20;;;9998;12;10001;20;;;9990.0;10532.0
-2;567500;INTARIAN_PEPPER_ROOT;10565;7;10562;9;10559;21;10573;9;10576;21;;;10569.0;44740.0
-2;567600;ASH_COATED_OSMIUM;9982;11;9980;29;;;9998;11;10001;29;;;9990.0;10532.0
-2;567600;INTARIAN_PEPPER_ROOT;10562;10;10559;15;;;10573;10;10576;15;;;10567.5;44620.0
-2;567700;ASH_COATED_OSMIUM;9988;2;9983;12;;;9999;12;;;;;9993.5;10759.5
-2;567700;INTARIAN_PEPPER_ROOT;10562;8;10559;24;;;10573;8;10576;24;;;10567.5;44620.0
-2;567800;ASH_COATED_OSMIUM;9983;12;9980;29;;;9999;12;10001;29;;;9991.0;10597.0
-2;567800;INTARIAN_PEPPER_ROOT;10562;8;10559;20;;;10574;8;10576;20;;;10568.0;44660.0
-2;567900;ASH_COATED_OSMIUM;;;;;;;9999;15;10002;23;;;9999.0;11117.0
-2;567900;INTARIAN_PEPPER_ROOT;10562;10;10559;22;;;10576;22;;;;;10569.0;44740.0
-2;568000;ASH_COATED_OSMIUM;9988;5;9983;15;9980;26;10001;26;;;;;9994.5;10824.5
-2;568000;INTARIAN_PEPPER_ROOT;10562;9;10560;25;;;10576;25;;;;;10569.0;44740.0
-2;568100;ASH_COATED_OSMIUM;9983;13;;;;;9999;13;10002;30;;;9991.0;10597.0
-2;568100;INTARIAN_PEPPER_ROOT;10562;8;10560;25;;;10574;8;10577;25;;;10568.0;44660.0
-2;568200;ASH_COATED_OSMIUM;9983;15;9981;29;;;9999;15;10002;29;;;9991.0;10597.0
-2;568200;INTARIAN_PEPPER_ROOT;10562;12;10560;24;;;10574;12;10577;24;;;10568.0;44660.0
-2;568300;ASH_COATED_OSMIUM;9984;11;9982;26;;;10000;11;10003;26;;;9992.0;10662.0
-2;568300;INTARIAN_PEPPER_ROOT;10563;9;10560;24;;;10574;9;10577;24;;;10568.5;44700.0
-2;568400;ASH_COATED_OSMIUM;9984;15;9982;21;;;10000;15;;;;;9992.0;10662.0
-2;568400;INTARIAN_PEPPER_ROOT;10563;8;10560;19;;;10574;8;10577;19;;;10568.5;44700.0
-2;568500;ASH_COATED_OSMIUM;9985;15;;;;;10001;15;10003;21;;;9993.0;10727.0
-2;568500;INTARIAN_PEPPER_ROOT;10563;8;10560;18;;;10565;5;10574;8;10577;18;10564.0;44340.0
-2;568600;ASH_COATED_OSMIUM;9985;12;9983;20;;;;;;;;;9985.0;10207.0
-2;568600;INTARIAN_PEPPER_ROOT;10563;11;10560;24;;;10574;11;10577;24;;;10568.5;44700.0
-2;568700;ASH_COATED_OSMIUM;9985;13;9983;30;;;10001;13;10004;30;;;9993.0;10727.0
-2;568700;INTARIAN_PEPPER_ROOT;10563;8;10560;16;;;10574;8;;;;;10568.5;44700.0
-2;568800;ASH_COATED_OSMIUM;9985;13;9982;21;;;9994;5;10001;13;10003;21;9989.5;10499.5
-2;568800;INTARIAN_PEPPER_ROOT;10563;10;10560;24;;;10575;10;;;;;10569.0;44740.0
-2;568900;ASH_COATED_OSMIUM;9986;10;9983;23;;;10002;10;10004;23;;;9994.0;10792.0
-2;568900;INTARIAN_PEPPER_ROOT;10563;9;10560;15;;;10575;9;10577;15;;;10569.0;44740.0
-2;569000;ASH_COATED_OSMIUM;9986;13;9983;22;;;10002;13;10004;22;;;9994.0;10792.0
-2;569000;INTARIAN_PEPPER_ROOT;10563;11;10561;16;;;10575;11;10577;16;;;10569.0;44740.0
-2;569100;ASH_COATED_OSMIUM;9983;27;;;;;10002;12;10004;27;;;9992.5;10694.5
-2;569100;INTARIAN_PEPPER_ROOT;10561;25;;;;;10575;9;10578;25;;;10568.0;44660.0
-2;569200;ASH_COATED_OSMIUM;9986;14;9983;30;;;10001;14;10004;30;;;9993.5;10759.5
-2;569200;INTARIAN_PEPPER_ROOT;10563;8;10561;17;;;10575;8;;;;;10569.0;44740.0
-2;569300;ASH_COATED_OSMIUM;9986;15;9983;27;;;10002;15;10004;27;;;9994.0;10792.0
-2;569300;INTARIAN_PEPPER_ROOT;10564;11;;;;;10575;11;10578;16;;;10569.5;44780.0
-2;569400;ASH_COATED_OSMIUM;9986;15;;;;;10002;15;10004;23;;;9994.0;10792.0
-2;569400;INTARIAN_PEPPER_ROOT;10561;20;;;;;10575;12;10578;20;;;10568.0;44660.0
-2;569500;ASH_COATED_OSMIUM;9985;12;9983;20;;;10001;12;10004;20;;;9993.0;10727.0
-2;569500;INTARIAN_PEPPER_ROOT;10564;11;10561;19;;;10575;11;10578;19;;;10569.5;44780.0
-2;569600;ASH_COATED_OSMIUM;9985;15;9983;30;;;10001;15;10004;30;;;9993.0;10727.0
-2;569600;INTARIAN_PEPPER_ROOT;10564;11;10561;20;;;10575;11;10578;20;;;10569.5;44780.0
-2;569700;ASH_COATED_OSMIUM;9985;10;9983;24;;;10001;10;10004;24;;;9993.0;10727.0
-2;569700;INTARIAN_PEPPER_ROOT;10564;12;10561;16;;;10575;12;10578;16;;;10569.5;44780.0
-2;569800;ASH_COATED_OSMIUM;9986;10;;;;;10005;28;;;;;9995.5;10889.5
-2;569800;INTARIAN_PEPPER_ROOT;10564;9;10561;17;;;10576;9;10578;17;;;10570.0;44820.0
-2;569900;ASH_COATED_OSMIUM;9984;26;;;;;10002;13;10005;26;;;9993.0;10727.0
-2;569900;INTARIAN_PEPPER_ROOT;10564;8;10561;24;;;10576;8;10578;24;;;10570.0;44820.0
-2;570000;ASH_COATED_OSMIUM;9986;11;;;;;10005;28;;;;;9995.5;10889.5
-2;570000;INTARIAN_PEPPER_ROOT;;;;;;;10576;11;10578;19;;;10576.0;45300.0
-2;570100;ASH_COATED_OSMIUM;9986;11;;;;;10002;11;10005;21;;;9994.0;10792.0
-2;570100;INTARIAN_PEPPER_ROOT;10564;11;;;;;10579;19;;;;;10571.5;44940.0
-2;570200;ASH_COATED_OSMIUM;9996;10;9984;26;;;;;;;;;9996.0;10922.0
-2;570200;INTARIAN_PEPPER_ROOT;;;;;;;10576;10;10579;21;;;10576.0;45300.0
-2;570300;ASH_COATED_OSMIUM;9986;11;9983;28;;;9995;4;10004;28;;;9990.5;10619.5
-2;570300;INTARIAN_PEPPER_ROOT;10565;11;10562;19;;;10576;11;10579;19;;;10570.5;44860.0
-2;570400;ASH_COATED_OSMIUM;9985;11;9983;21;;;10001;11;10004;21;;;9993.0;10757.0
-2;570400;INTARIAN_PEPPER_ROOT;10565;8;10562;18;;;10576;8;10579;18;;;10570.5;44860.0
-2;570500;ASH_COATED_OSMIUM;9985;10;9983;22;;;10001;10;10004;22;;;9993.0;10757.0
-2;570500;INTARIAN_PEPPER_ROOT;10565;12;10562;18;;;10576;12;10579;18;;;10570.5;44860.0
-2;570600;ASH_COATED_OSMIUM;9985;11;;;;;10001;11;10004;23;;;9993.0;10757.0
-2;570600;INTARIAN_PEPPER_ROOT;10565;12;10562;24;;;10576;12;10579;24;;;10570.5;44860.0
-2;570700;ASH_COATED_OSMIUM;9985;10;;;;;10001;10;10004;23;;;9993.0;10757.0
-2;570700;INTARIAN_PEPPER_ROOT;;;;;;;10576;11;10579;25;;;10576.0;45300.0
-2;570800;ASH_COATED_OSMIUM;9986;10;9983;20;;;10004;20;;;;;9995.0;10867.0
-2;570800;INTARIAN_PEPPER_ROOT;10565;11;10562;25;;;10577;11;10579;25;;;10571.0;44900.0
-2;570900;ASH_COATED_OSMIUM;9986;14;9983;27;;;10004;27;;;;;9995.0;10867.0
-2;570900;INTARIAN_PEPPER_ROOT;10565;8;10562;21;;;10577;8;10579;21;;;10571.0;44900.0
-2;571000;ASH_COATED_OSMIUM;9986;12;;;;;10002;12;10004;20;;;9994.0;10812.0
-2;571000;INTARIAN_PEPPER_ROOT;10565;12;10563;21;;;10577;12;10579;21;;;10571.0;44900.0
-2;571100;ASH_COATED_OSMIUM;9986;11;9983;21;;;10002;11;;;;;9994.0;10812.0
-2;571100;INTARIAN_PEPPER_ROOT;10565;9;10563;16;;;10577;9;10580;16;;;10571.0;44900.0
-2;571200;ASH_COATED_OSMIUM;9984;27;;;;;10002;14;10005;27;;;9993.0;10757.0
-2;571200;INTARIAN_PEPPER_ROOT;;;;;;;10577;11;10580;21;;;10577.0;45380.0
-2;571300;ASH_COATED_OSMIUM;9986;12;;;;;10002;12;10005;24;;;9994.0;10812.0
-2;571300;INTARIAN_PEPPER_ROOT;10566;12;10563;24;;;10577;12;;;;;10571.5;44940.0
-2;571400;ASH_COATED_OSMIUM;9986;11;;;;;10002;11;10004;25;;;9994.0;10812.0
-2;571400;INTARIAN_PEPPER_ROOT;;;;;;;10577;12;10580;15;;;10577.0;45380.0
-2;571500;ASH_COATED_OSMIUM;9986;15;9983;22;;;10002;15;10004;22;;;9994.0;10812.0
-2;571500;INTARIAN_PEPPER_ROOT;10566;10;10563;21;;;10577;10;;;;;10571.5;44940.0
-2;571600;ASH_COATED_OSMIUM;9986;11;9984;27;;;10002;11;10004;27;;;9994.0;10812.0
-2;571600;INTARIAN_PEPPER_ROOT;10566;12;;;;;10577;12;10580;25;;;10571.5;44940.0
-2;571700;ASH_COATED_OSMIUM;9986;15;9984;29;;;10002;15;10005;29;;;9994.0;10812.0
-2;571700;INTARIAN_PEPPER_ROOT;10566;8;10563;18;;;10580;18;;;;;10573.0;45060.0
-2;571800;ASH_COATED_OSMIUM;9986;12;9984;23;;;10002;12;10005;23;;;9994.0;10833.0
-2;571800;INTARIAN_PEPPER_ROOT;10574;3;10566;12;10563;18;10578;12;;;;;10576.0;45300.0
-2;571900;ASH_COATED_OSMIUM;9987;15;;;;;10003;15;10005;30;;;9995.0;10891.0
-2;571900;INTARIAN_PEPPER_ROOT;10566;12;10563;21;;;10578;12;10580;21;;;10572.0;44980.0
-2;572000;ASH_COATED_OSMIUM;9987;13;9985;30;;;10003;13;;;;;9995.0;10891.0
-2;572000;INTARIAN_PEPPER_ROOT;10566;9;10564;22;;;10578;9;10580;22;;;10572.0;44980.0
-2;572100;ASH_COATED_OSMIUM;9987;11;9985;23;;;;;;;;;9987.0;10427.0
-2;572100;INTARIAN_PEPPER_ROOT;10566;12;10564;21;;;10581;21;;;;;10573.5;45100.0
-2;572200;ASH_COATED_OSMIUM;9987;10;9985;29;;;10003;10;10006;29;;;9995.0;10891.0
-2;572200;INTARIAN_PEPPER_ROOT;10566;11;10564;19;;;10578;11;10581;19;;;10572.0;44980.0
-2;572300;ASH_COATED_OSMIUM;9987;11;9984;27;;;10003;11;10005;27;;;9995.0;10891.0
-2;572300;INTARIAN_PEPPER_ROOT;10564;16;;;;;10581;16;;;;;10572.5;45020.0
-2;572400;ASH_COATED_OSMIUM;9985;29;;;;;10003;12;10006;29;;;9994.0;10833.0
-2;572400;INTARIAN_PEPPER_ROOT;10567;9;10564;20;;;10581;20;;;;;10574.0;45140.0
-2;572500;ASH_COATED_OSMIUM;9987;14;9984;25;;;10003;14;10005;25;;;9995.0;10891.0
-2;572500;INTARIAN_PEPPER_ROOT;10567;12;10564;18;;;10581;18;;;;;10574.0;45140.0
-2;572600;ASH_COATED_OSMIUM;9987;11;9985;26;;;10003;11;10006;26;;;9995.0;10891.0
-2;572600;INTARIAN_PEPPER_ROOT;10564;17;;;;;10578;9;;;;;10571.0;44900.0
-2;572700;ASH_COATED_OSMIUM;9987;12;9984;28;;;10003;12;;;;;9995.0;10891.0
-2;572700;INTARIAN_PEPPER_ROOT;10567;9;10564;22;;;10578;9;10581;22;;;10572.5;45020.0
-2;572800;ASH_COATED_OSMIUM;9985;21;;;;;10003;15;10006;21;;;9994.0;10833.0
-2;572800;INTARIAN_PEPPER_ROOT;10575;5;10567;11;10564;20;10579;11;10581;20;;;10577.0;45380.0
-2;572900;ASH_COATED_OSMIUM;9988;12;9985;25;;;10003;12;10006;25;;;9995.5;10920.0
-2;572900;INTARIAN_PEPPER_ROOT;10567;10;10564;15;;;10569;4;10579;10;;;10568.0;44660.0
-2;573000;ASH_COATED_OSMIUM;;;;;;;10004;11;10006;29;;;10004.0;11413.0
-2;573000;INTARIAN_PEPPER_ROOT;10567;9;10565;19;;;10579;9;10581;19;;;10573.0;45060.0
-2;573100;ASH_COATED_OSMIUM;9987;11;9985;29;;;10003;11;10006;29;;;9995.0;10891.0
-2;573100;INTARIAN_PEPPER_ROOT;10567;9;10565;17;;;10579;9;10582;17;;;10573.0;45060.0
-2;573200;ASH_COATED_OSMIUM;9988;12;9985;25;;;10004;12;10006;25;;;9996.0;10949.0
-2;573200;INTARIAN_PEPPER_ROOT;10565;16;;;;;10579;9;10582;16;;;10572.0;44980.0
-2;573300;ASH_COATED_OSMIUM;;;;;;;10004;11;10006;29;;;10004.0;11413.0
-2;573300;INTARIAN_PEPPER_ROOT;10568;12;10565;18;;;10579;12;10582;18;;;10573.5;45100.0
-2;573400;ASH_COATED_OSMIUM;9988;14;9985;30;;;10004;14;10006;30;;;9996.0;10949.0
-2;573400;INTARIAN_PEPPER_ROOT;10568;8;10565;24;;;10582;24;;;;;10575.0;45220.0
-2;573500;ASH_COATED_OSMIUM;9988;12;9985;27;;;10004;12;10006;27;;;9996.0;10949.0
-2;573500;INTARIAN_PEPPER_ROOT;10568;9;10565;21;;;10579;9;10582;21;;;10573.5;45100.0
-2;573600;ASH_COATED_OSMIUM;9988;14;9985;21;;;10004;14;10006;21;;;9996.0;10949.0
-2;573600;INTARIAN_PEPPER_ROOT;10565;23;;;;;10575;5;10579;9;;;10570.0;44820.0
-2;573700;ASH_COATED_OSMIUM;9988;10;;;;;10004;10;10006;20;;;9996.0;11019.0
-2;573700;INTARIAN_PEPPER_ROOT;10568;10;10565;18;;;10570;7;10579;10;;;10569.0;44740.0
-2;573800;ASH_COATED_OSMIUM;9988;15;9985;24;;;10004;15;10006;24;;;9996.0;11019.0
-2;573800;INTARIAN_PEPPER_ROOT;10565;15;;;;;10580;10;10582;15;;;10572.5;45020.0
-2;573900;ASH_COATED_OSMIUM;9988;10;9986;25;;;10007;25;;;;;9997.5;11163.5
-2;573900;INTARIAN_PEPPER_ROOT;10565;25;;;;;10580;8;10582;25;;;10572.5;45020.0
-2;574000;ASH_COATED_OSMIUM;9994;2;9988;10;;;10004;10;10007;25;;;9999.0;11258.0
-2;574000;INTARIAN_PEPPER_ROOT;10568;8;10566;19;;;10580;8;10582;19;;;10574.0;45140.0
-2;574100;ASH_COATED_OSMIUM;9988;10;9986;24;;;10007;24;;;;;9997.5;11163.5
-2;574100;INTARIAN_PEPPER_ROOT;10568;12;;;;;10580;12;10583;24;;;10574.0;45140.0
-2;574200;ASH_COATED_OSMIUM;9988;15;;;;;10007;26;;;;;9997.5;11163.5
-2;574200;INTARIAN_PEPPER_ROOT;10568;8;10566;21;;;10583;21;;;;;10575.5;45260.0
-2;574300;ASH_COATED_OSMIUM;9988;13;;;;;10004;13;10007;29;;;9996.0;11069.0
-2;574300;INTARIAN_PEPPER_ROOT;10566;21;;;;;10580;8;;;;;10573.0;45060.0
-2;574400;ASH_COATED_OSMIUM;9988;10;9986;26;;;10007;26;;;;;9997.5;11163.5
-2;574400;INTARIAN_PEPPER_ROOT;10577;6;10569;9;10566;21;10580;9;10583;21;;;10578.5;45500.0
-2;574500;ASH_COATED_OSMIUM;9989;14;9986;26;;;10007;26;;;;;9998.0;11243.0
-2;574500;INTARIAN_PEPPER_ROOT;10569;10;10566;15;;;10580;10;10583;15;;;10574.5;45180.0
-2;574600;ASH_COATED_OSMIUM;9989;14;;;;;10004;14;10007;28;;;9996.5;11157.5
-2;574600;INTARIAN_PEPPER_ROOT;10569;9;10566;24;;;10583;24;;;;;10576.0;45300.0
-2;574700;ASH_COATED_OSMIUM;9989;12;9986;27;;;10005;12;10007;27;;;9997.0;11186.0
-2;574700;INTARIAN_PEPPER_ROOT;10569;8;10566;25;;;10580;8;10583;25;;;10574.5;45180.0
-2;574800;ASH_COATED_OSMIUM;9989;12;9986;22;;;10005;12;10007;22;;;9997.0;11186.0
-2;574800;INTARIAN_PEPPER_ROOT;10569;10;10566;25;;;10581;10;10583;25;;;10575.0;45220.0
-2;574900;ASH_COATED_OSMIUM;9989;12;;;;;10005;12;10007;22;;;9997.0;11186.0
-2;574900;INTARIAN_PEPPER_ROOT;10569;9;10566;20;;;10581;9;10583;20;;;10575.0;45220.0
-2;575000;ASH_COATED_OSMIUM;9989;13;9987;21;;;10005;13;10008;21;;;9997.0;11186.0
-2;575000;INTARIAN_PEPPER_ROOT;10569;9;10567;16;;;10581;9;;;;;10575.0;45220.0
-2;575100;ASH_COATED_OSMIUM;9989;15;9987;29;;;10005;15;10008;29;;;9997.0;11186.0
-2;575100;INTARIAN_PEPPER_ROOT;10567;25;;;;;10581;12;10584;25;;;10574.0;45140.0
-2;575200;ASH_COATED_OSMIUM;9989;14;9987;26;;;10005;14;10008;26;;;9997.0;11186.0
-2;575200;INTARIAN_PEPPER_ROOT;10569;12;10567;24;;;10581;12;10584;24;;;10575.0;45220.0
-2;575300;ASH_COATED_OSMIUM;9987;23;;;;;10005;11;10008;23;;;9996.0;11129.0
-2;575300;INTARIAN_PEPPER_ROOT;10570;11;;;;;10581;11;10584;16;;;10575.5;45260.0
-2;575400;ASH_COATED_OSMIUM;9999;9;9987;29;;;10008;29;;;;;10003.5;11516.0
-2;575400;INTARIAN_PEPPER_ROOT;10567;19;;;;;10581;9;10584;19;;;10574.0;45140.0
-2;575500;ASH_COATED_OSMIUM;9995;4;9989;13;9987;27;10005;13;10008;27;;;10000.0;11348.0
-2;575500;INTARIAN_PEPPER_ROOT;10570;9;10567;23;;;10572;3;10584;23;;;10571.0;44900.0
-2;575600;ASH_COATED_OSMIUM;9987;29;;;;;10005;13;10008;29;;;9996.0;11156.0
-2;575600;INTARIAN_PEPPER_ROOT;10570;10;;;;;10581;10;10584;22;;;10575.5;45260.0
-2;575700;ASH_COATED_OSMIUM;9995;4;9990;10;;;10006;10;10008;24;;;10000.5;11372.0
-2;575700;INTARIAN_PEPPER_ROOT;10570;11;10567;19;;;10581;11;;;;;10575.5;45260.0
-2;575800;ASH_COATED_OSMIUM;9990;15;9987;20;;;10006;15;10008;20;;;9998.0;11252.0
-2;575800;INTARIAN_PEPPER_ROOT;10570;10;;;;;10582;10;10584;17;;;10576.0;45300.0
-2;575900;ASH_COATED_OSMIUM;9990;15;9987;30;;;10006;15;;;;;9998.0;11252.0
-2;575900;INTARIAN_PEPPER_ROOT;10570;10;10567;21;;;10582;10;;;;;10576.0;45300.0
-2;576000;ASH_COATED_OSMIUM;9990;10;9988;29;;;10006;10;10009;29;;;9998.0;11252.0
-2;576000;INTARIAN_PEPPER_ROOT;10570;9;10568;15;;;10582;9;10584;15;;;10576.0;45300.0
-2;576100;ASH_COATED_OSMIUM;9990;15;9988;26;;;10006;15;10009;26;;;9998.0;11252.0
-2;576100;INTARIAN_PEPPER_ROOT;10570;10;10568;17;;;10582;10;10585;17;;;10576.0;45300.0
-2;576200;ASH_COATED_OSMIUM;;;;;;;10007;13;10009;26;;;10007.0;11684.0
-2;576200;INTARIAN_PEPPER_ROOT;10568;22;;;;;;;;;;;10568.0;44660.0
-2;576300;ASH_COATED_OSMIUM;9991;14;9988;23;;;10007;14;10009;23;;;9999.0;11300.0
-2;576300;INTARIAN_PEPPER_ROOT;10571;12;10568;22;;;10582;12;10585;22;;;10576.5;45340.0
-2;576400;ASH_COATED_OSMIUM;9991;15;9988;20;;;10009;20;;;;;10000.0;11348.0
-2;576400;INTARIAN_PEPPER_ROOT;10571;10;;;;;10582;10;10585;23;;;10576.5;45340.0
-2;576500;ASH_COATED_OSMIUM;9996;5;9991;14;9988;21;10007;14;10009;21;;;10001.5;11420.0
-2;576500;INTARIAN_PEPPER_ROOT;10571;8;10568;17;;;10582;8;;;;;10576.5;45340.0
-2;576600;ASH_COATED_OSMIUM;9991;14;9988;24;;;10007;14;;;;;9999.0;11300.0
-2;576600;INTARIAN_PEPPER_ROOT;10571;8;10568;20;;;10582;8;;;;;10576.5;45340.0
-2;576700;ASH_COATED_OSMIUM;9991;13;9989;25;;;10010;25;;;;;10000.5;11372.0
-2;576700;INTARIAN_PEPPER_ROOT;10571;11;10568;19;;;10582;11;10585;19;;;10576.5;45340.0
-2;576800;ASH_COATED_OSMIUM;9991;13;9988;28;;;10007;13;10009;28;;;9999.0;11300.0
-2;576800;INTARIAN_PEPPER_ROOT;10568;22;;;;;10585;22;;;;;10576.5;45340.0
-2;576900;ASH_COATED_OSMIUM;9991;12;9988;30;;;10009;30;;;;;10000.0;11348.0
-2;576900;INTARIAN_PEPPER_ROOT;10571;11;10568;23;;;10583;11;10585;23;;;10577.0;45380.0
-2;577000;ASH_COATED_OSMIUM;9991;11;9989;27;;;10010;27;;;;;10000.5;11372.0
-2;577000;INTARIAN_PEPPER_ROOT;10571;8;10569;19;;;10583;8;10585;19;;;10577.0;45380.0
-2;577100;ASH_COATED_OSMIUM;9991;14;;;;;10007;14;10009;23;;;9999.0;11300.0
-2;577100;INTARIAN_PEPPER_ROOT;10571;12;;;;;10583;12;10586;22;;;10577.0;45380.0
-2;577200;ASH_COATED_OSMIUM;9992;13;;;;;10008;13;10010;26;;;10000.0;11348.0
-2;577200;INTARIAN_PEPPER_ROOT;10569;23;;;;;10583;8;10586;23;;;10576.0;45300.0
-2;577300;ASH_COATED_OSMIUM;9991;12;9989;20;;;10007;12;10010;20;;;9999.0;11300.0
-2;577300;INTARIAN_PEPPER_ROOT;10572;11;10569;15;;;10583;11;10586;15;;;10577.5;45420.0
-2;577400;ASH_COATED_OSMIUM;9991;15;9989;21;;;10007;15;10010;21;;;9999.0;11300.0
-2;577400;INTARIAN_PEPPER_ROOT;10572;10;10569;19;;;10586;19;;;;;10579.0;45540.0
-2;577500;ASH_COATED_OSMIUM;9992;15;;;;;10008;15;10010;30;;;10000.0;11348.0
-2;577500;INTARIAN_PEPPER_ROOT;10572;11;10569;24;;;10583;11;10586;24;;;10577.5;45420.0
-2;577600;ASH_COATED_OSMIUM;9992;14;9990;25;;;10002;3;10008;14;10011;25;9997.0;11204.0
-2;577600;INTARIAN_PEPPER_ROOT;10572;11;10569;23;;;10579;9;10583;11;10586;23;10575.5;45260.0
-2;577700;ASH_COATED_OSMIUM;9998;2;;;;;10009;12;10011;27;;;10003.5;11516.0
-2;577700;INTARIAN_PEPPER_ROOT;10572;9;10569;25;;;10586;25;;;;;10579.0;45540.0
-2;577800;ASH_COATED_OSMIUM;9993;12;9991;20;;;10009;12;10012;20;;;10001.0;11396.0
-2;577800;INTARIAN_PEPPER_ROOT;10569;20;;;;;10586;20;;;;;10577.5;45420.0
-2;577900;ASH_COATED_OSMIUM;9993;12;9991;25;;;10009;12;10012;25;;;10001.0;11396.0
-2;577900;INTARIAN_PEPPER_ROOT;10572;12;;;;;10584;12;;;;;10578.0;45460.0
-2;578000;ASH_COATED_OSMIUM;9994;15;;;;;10010;15;;;;;10002.0;11444.0
-2;578000;INTARIAN_PEPPER_ROOT;10572;12;10570;20;;;;;;;;;10572.0;44980.0
-2;578100;ASH_COATED_OSMIUM;9994;12;9991;26;;;10010;12;10012;26;;;10002.0;11444.0
-2;578100;INTARIAN_PEPPER_ROOT;10572;11;;;;;10584;11;10587;15;;;10578.0;45460.0
-2;578200;ASH_COATED_OSMIUM;9993;12;9991;24;;;10009;12;10012;24;;;10001.0;11396.0
-2;578200;INTARIAN_PEPPER_ROOT;10572;10;;;;;10587;21;;;;;10579.5;45580.0
-2;578300;ASH_COATED_OSMIUM;9993;15;9991;22;;;10009;15;10012;22;;;10001.0;11396.0
-2;578300;INTARIAN_PEPPER_ROOT;10573;11;;;;;10584;11;10587;15;;;10578.5;45500.0
-2;578400;ASH_COATED_OSMIUM;9993;12;;;;;10012;20;;;;;10002.5;11468.0
-2;578400;INTARIAN_PEPPER_ROOT;10573;12;;;;;10584;12;10587;15;;;10578.5;45500.0
-2;578500;ASH_COATED_OSMIUM;9993;11;9991;22;;;10009;11;10012;22;;;10001.0;11396.0
-2;578500;INTARIAN_PEPPER_ROOT;10573;11;;;;;10584;11;10587;18;;;10578.5;45500.0
-2;578600;ASH_COATED_OSMIUM;9993;14;9991;24;;;10009;14;10012;24;;;10001.0;11396.0
-2;578600;INTARIAN_PEPPER_ROOT;10573;11;10570;22;;;10587;22;;;;;10580.0;45620.0
-2;578700;ASH_COATED_OSMIUM;9993;13;9990;25;;;10009;13;10011;25;;;10001.0;11424.0
-2;578700;INTARIAN_PEPPER_ROOT;10570;25;;;;;10584;12;;;;;10577.0;45380.0
-2;578800;ASH_COATED_OSMIUM;9993;10;9990;21;;;10009;10;10011;21;;;10001.0;11424.0
-2;578800;INTARIAN_PEPPER_ROOT;10576;10;10573;12;10570;18;10585;12;;;;;10580.5;45660.0
-2;578900;ASH_COATED_OSMIUM;9993;13;9990;24;;;10009;13;10011;24;;;10001.0;11424.0
-2;578900;INTARIAN_PEPPER_ROOT;10573;12;10570;16;;;10585;12;10587;16;;;10579.0;45540.0
-2;579000;ASH_COATED_OSMIUM;9993;10;9990;28;;;10009;10;10011;28;;;10001.0;11424.0
-2;579000;INTARIAN_PEPPER_ROOT;10573;12;10571;23;;;10585;12;10587;23;;;10579.0;45540.0
-2;579100;ASH_COATED_OSMIUM;9993;13;9990;25;;;10009;13;10011;25;;;10001.0;11424.0
-2;579100;INTARIAN_PEPPER_ROOT;10571;22;;;;;10585;12;10588;22;;;10578.0;45460.0
-2;579200;ASH_COATED_OSMIUM;9993;13;9990;27;;;10009;13;10011;27;;;10001.0;11424.0
-2;579200;INTARIAN_PEPPER_ROOT;10573;10;10571;15;;;10585;10;10588;15;;;10579.0;45540.0
-2;579300;ASH_COATED_OSMIUM;9991;20;;;;;10009;12;10012;20;;;10000.0;11372.0
-2;579300;INTARIAN_PEPPER_ROOT;10574;9;10571;22;;;10585;9;10588;22;;;10579.5;45580.0
-2;579400;ASH_COATED_OSMIUM;9993;15;9990;27;;;10009;15;10011;27;;;10001.0;11424.0
-2;579400;INTARIAN_PEPPER_ROOT;10574;10;;;;;10585;10;10588;25;;;10579.5;45580.0
-2;579500;ASH_COATED_OSMIUM;9992;11;9990;23;;;10008;11;10011;23;;;10000.0;11372.0
-2;579500;INTARIAN_PEPPER_ROOT;10574;10;10571;18;;;10585;10;;;;;10579.5;45580.0
-2;579600;ASH_COATED_OSMIUM;9992;11;9990;27;;;10008;11;10011;27;;;10000.0;11372.0
-2;579600;INTARIAN_PEPPER_ROOT;10574;8;10571;23;;;10585;8;10588;23;;;10579.5;45580.0
-2;579700;ASH_COATED_OSMIUM;9992;12;9989;28;;;10008;12;10010;28;;;10000.0;11372.0
-2;579700;INTARIAN_PEPPER_ROOT;10574;11;10571;24;;;10585;11;10588;24;;;10579.5;45580.0
-2;579800;ASH_COATED_OSMIUM;;;;;;;10007;14;10010;28;;;10007.0;11736.0
-2;579800;INTARIAN_PEPPER_ROOT;10574;11;10571;18;;;10586;11;10588;18;;;10580.0;45620.0
-2;579900;ASH_COATED_OSMIUM;9991;11;;;;;10007;11;10010;24;;;9999.0;11320.0
-2;579900;INTARIAN_PEPPER_ROOT;10574;12;;;;;10588;23;;;;;10581.0;45700.0
-2;580000;ASH_COATED_OSMIUM;;;;;;;10007;11;10009;27;;;10007.0;11736.0
-2;580000;INTARIAN_PEPPER_ROOT;10574;12;10572;20;;;10586;12;10588;20;;;10580.0;45620.0
-2;580100;ASH_COATED_OSMIUM;9988;27;;;;;10007;13;10009;27;;;9997.5;11242.0
-2;580100;INTARIAN_PEPPER_ROOT;10574;8;10572;25;;;10586;8;10589;25;;;10580.0;45620.0
-2;580200;ASH_COATED_OSMIUM;9987;23;;;;;10006;13;10008;23;;;9996.5;11190.0
-2;580200;INTARIAN_PEPPER_ROOT;10574;11;;;;;10586;11;10589;16;;;10580.0;45620.0
-2;580300;ASH_COATED_OSMIUM;9990;13;9987;26;;;10006;13;;;;;9998.0;11268.0
-2;580300;INTARIAN_PEPPER_ROOT;10572;17;;;;;10586;12;10589;17;;;10579.0;45540.0
-2;580400;ASH_COATED_OSMIUM;9989;10;9987;27;;;10005;10;;;;;9997.0;11216.0
-2;580400;INTARIAN_PEPPER_ROOT;10575;9;10572;16;;;10586;9;10589;16;;;10580.5;45660.0
-2;580500;ASH_COATED_OSMIUM;9989;12;9987;28;;;10005;12;10008;28;;;9997.0;11216.0
-2;580500;INTARIAN_PEPPER_ROOT;10575;12;10572;23;;;10586;12;10589;23;;;10580.5;45660.0
-2;580600;ASH_COATED_OSMIUM;9987;28;;;;;10005;15;;;;;9996.0;11164.0
-2;580600;INTARIAN_PEPPER_ROOT;10575;12;10572;25;;;10586;12;10589;25;;;10580.5;45660.0
-2;580700;ASH_COATED_OSMIUM;9989;11;9987;23;;;10005;11;10008;23;;;9997.0;11216.0
-2;580700;INTARIAN_PEPPER_ROOT;10575;8;10572;24;;;10586;8;10589;24;;;10580.5;45660.0
-2;580800;ASH_COATED_OSMIUM;9990;14;9987;30;;;10006;14;;;;;9998.0;11268.0
-2;580800;INTARIAN_PEPPER_ROOT;10575;8;;;;;10587;8;10589;24;;;10581.0;45700.0
-2;580900;ASH_COATED_OSMIUM;9987;22;;;;;9999;5;10008;22;;;9993.0;11008.0
-2;580900;INTARIAN_PEPPER_ROOT;10572;15;;;;;10587;9;10589;15;;;10579.5;45580.0
-2;581000;ASH_COATED_OSMIUM;9987;29;;;;;10006;13;10008;29;;;9996.5;11190.0
-2;581000;INTARIAN_PEPPER_ROOT;10575;9;10573;15;;;10589;15;;;;;10582.0;45780.0
-2;581100;ASH_COATED_OSMIUM;9990;10;9988;21;;;;;;;;;9990.0;10852.0
-2;581100;INTARIAN_PEPPER_ROOT;10575;8;10573;24;;;10587;8;10590;24;;;10581.0;45700.0
-2;581200;ASH_COATED_OSMIUM;9990;13;9987;27;;;;;;;;;9990.0;10852.0
-2;581200;INTARIAN_PEPPER_ROOT;10575;12;10573;20;;;10587;12;10590;20;;;10581.0;45700.0
-2;581300;ASH_COATED_OSMIUM;9989;15;9987;30;;;10005;15;;;;;9997.0;11216.0
-2;581300;INTARIAN_PEPPER_ROOT;10573;25;;;;;10587;10;10590;25;;;10580.0;45620.0
-2;581400;ASH_COATED_OSMIUM;9989;10;;;;;10005;10;10008;23;;;9997.0;11216.0
-2;581400;INTARIAN_PEPPER_ROOT;10573;22;;;;;10587;12;;;;;10580.0;45620.0
-2;581500;ASH_COATED_OSMIUM;9989;11;9986;20;;;10005;11;10007;20;;;9997.0;11216.0
-2;581500;INTARIAN_PEPPER_ROOT;10576;12;10573;20;;;10587;12;;;;;10581.5;45740.0
-2;581600;ASH_COATED_OSMIUM;9998;8;9988;14;9986;30;10004;14;10007;30;;;10001.0;11400.0
-2;581600;INTARIAN_PEPPER_ROOT;10576;8;10573;20;;;10587;8;10590;20;;;10581.5;45740.0
-2;581700;ASH_COATED_OSMIUM;9988;11;;;;;10004;11;10006;23;;;9996.0;11180.0
-2;581700;INTARIAN_PEPPER_ROOT;10576;8;10573;25;;;10587;8;10590;25;;;10581.5;45740.0
-2;581800;ASH_COATED_OSMIUM;9988;10;9985;23;;;10004;10;;;;;9996.0;11180.0
-2;581800;INTARIAN_PEPPER_ROOT;10576;8;;;;;10590;17;;;;;10583.0;45860.0
-2;581900;ASH_COATED_OSMIUM;9987;10;;;;;10003;10;10006;25;;;9995.0;11136.0
-2;581900;INTARIAN_PEPPER_ROOT;10576;8;;;;;10588;8;10590;21;;;10582.0;45780.0
-2;582000;ASH_COATED_OSMIUM;9987;10;;;;;10003;10;10005;23;;;9995.0;11136.0
-2;582000;INTARIAN_PEPPER_ROOT;10576;12;;;;;10588;12;10590;22;;;10582.0;45780.0
-2;582100;ASH_COATED_OSMIUM;9987;14;9984;30;;;10003;14;10005;30;;;9995.0;11136.0
-2;582100;INTARIAN_PEPPER_ROOT;10576;12;10574;21;;;10588;12;;;;;10582.0;45780.0
-2;582200;ASH_COATED_OSMIUM;9987;14;;;;;9992;9;10003;14;10005;22;9989.5;10871.5
-2;582200;INTARIAN_PEPPER_ROOT;10576;12;10574;17;;;10584;10;10591;17;;;10580.0;45620.0
-2;582300;ASH_COATED_OSMIUM;9984;29;;;;;10003;10;10005;29;;;9993.5;11083.5
-2;582300;INTARIAN_PEPPER_ROOT;10577;10;10574;22;;;10591;22;;;;;10584.0;45940.0
-2;582400;ASH_COATED_OSMIUM;9987;10;9984;24;;;10005;24;;;;;9996.0;11216.0
-2;582400;INTARIAN_PEPPER_ROOT;10585;7;10577;8;;;10591;19;;;;;10588.0;46260.0
-2;582500;ASH_COATED_OSMIUM;9987;11;9984;28;;;10003;11;10005;28;;;9995.0;11163.0
-2;582500;INTARIAN_PEPPER_ROOT;10577;11;10574;17;;;10588;11;;;;;10582.5;45820.0
-2;582600;ASH_COATED_OSMIUM;9987;11;9984;28;;;10003;11;10005;28;;;9995.0;11163.0
-2;582600;INTARIAN_PEPPER_ROOT;10574;25;;;;;10588;10;10591;25;;;10581.0;45700.0
-2;582700;ASH_COATED_OSMIUM;9987;11;;;;;10003;11;10005;27;;;9995.0;11163.0
-2;582700;INTARIAN_PEPPER_ROOT;10577;11;10574;18;;;10588;11;;;;;10582.5;45820.0
-2;582800;ASH_COATED_OSMIUM;9985;26;;;;;;;;;;;9985.0;10633.0
-2;582800;INTARIAN_PEPPER_ROOT;10577;9;;;;;10589;9;10591;19;;;10583.0;45860.0
-2;582900;ASH_COATED_OSMIUM;9988;13;9985;26;;;10004;13;10006;26;;;9996.0;11216.0
-2;582900;INTARIAN_PEPPER_ROOT;10577;11;10574;19;;;10591;19;;;;;10584.0;45940.0
-2;583000;ASH_COATED_OSMIUM;9987;15;9985;21;;;10003;15;10006;21;;;9995.0;11163.0
-2;583000;INTARIAN_PEPPER_ROOT;10577;11;;;;;10589;11;10591;24;;;10583.0;45860.0
-2;583100;ASH_COATED_OSMIUM;9987;10;9985;29;;;10003;10;;;;;9995.0;11163.0
-2;583100;INTARIAN_PEPPER_ROOT;10577;11;10575;21;;;10589;11;;;;;10583.0;45860.0
-2;583200;ASH_COATED_OSMIUM;9992;4;9987;14;9984;29;10005;29;;;;;9998.5;11348.5
-2;583200;INTARIAN_PEPPER_ROOT;10577;10;10575;20;;;10589;10;10592;20;;;10583.0;45860.0
-2;583300;ASH_COATED_OSMIUM;9987;10;;;;;10003;10;10005;23;;;9995.0;11205.0
-2;583300;INTARIAN_PEPPER_ROOT;10575;24;;;;;10589;9;;;;;10582.0;45780.0
-2;583400;ASH_COATED_OSMIUM;9984;25;;;;;10005;25;;;;;9994.5;11175.5
-2;583400;INTARIAN_PEPPER_ROOT;10575;19;;;;;10589;8;10592;19;;;10582.0;45780.0
-2;583500;ASH_COATED_OSMIUM;9992;5;9987;13;9984;20;10003;13;10005;20;;;9997.5;11352.5
-2;583500;INTARIAN_PEPPER_ROOT;;;;;;;10589;8;10592;16;;;10589.0;46340.0
-2;583600;ASH_COATED_OSMIUM;9987;15;9984;20;;;10003;15;;;;;9995.0;11205.0
-2;583600;INTARIAN_PEPPER_ROOT;10578;10;10575;23;;;10589;10;;;;;10583.5;45900.0
-2;583700;ASH_COATED_OSMIUM;9987;12;9984;22;;;9992;8;10003;12;10005;22;9989.5;10860.5
-2;583700;INTARIAN_PEPPER_ROOT;10578;8;10575;24;;;10589;8;10592;24;;;10583.5;45900.0
-2;583800;ASH_COATED_OSMIUM;9987;15;;;;;10003;15;10005;30;;;9995.0;11229.0
-2;583800;INTARIAN_PEPPER_ROOT;10578;12;10575;25;;;10590;12;;;;;10584.0;45940.0
-2;583900;ASH_COATED_OSMIUM;9987;10;9984;23;;;10003;10;10005;23;;;9995.0;11229.0
-2;583900;INTARIAN_PEPPER_ROOT;10578;11;10575;19;;;10592;19;;;;;10585.0;46020.0
-2;584000;ASH_COATED_OSMIUM;9987;13;;;;;10003;13;10006;23;;;9995.0;11229.0
-2;584000;INTARIAN_PEPPER_ROOT;10578;8;;;;;10590;8;10592;18;;;10584.0;45940.0
-2;584100;ASH_COATED_OSMIUM;9987;12;9985;22;;;10003;12;10006;22;;;9995.0;11229.0
-2;584100;INTARIAN_PEPPER_ROOT;10578;11;10576;17;;;10593;17;;;;;10585.5;46060.0
-2;584200;ASH_COATED_OSMIUM;9987;11;;;;;10003;11;;;;;9995.0;11229.0
-2;584200;INTARIAN_PEPPER_ROOT;10578;11;10576;23;;;10590;11;;;;;10584.0;45940.0
-2;584300;ASH_COATED_OSMIUM;9984;25;;;;;10003;13;;;;;9993.5;11128.5
-2;584300;INTARIAN_PEPPER_ROOT;10579;11;10576;20;;;10590;11;10593;20;;;10584.5;45980.0
-2;584400;ASH_COATED_OSMIUM;9986;13;;;;;10002;13;10005;20;;;9994.0;11162.0
-2;584400;INTARIAN_PEPPER_ROOT;10576;24;;;;;10590;9;10593;24;;;10583.0;45860.0
-2;584500;ASH_COATED_OSMIUM;9986;15;9984;27;;;10005;27;;;;;9995.5;11262.5
-2;584500;INTARIAN_PEPPER_ROOT;10579;8;10576;15;;;10593;15;;;;;10586.0;46100.0
-2;584600;ASH_COATED_OSMIUM;9983;26;;;;;10002;15;10004;26;;;9992.5;11061.5
-2;584600;INTARIAN_PEPPER_ROOT;10576;25;;;;;10590;8;10593;25;;;10583.0;45860.0
-2;584700;ASH_COATED_OSMIUM;9983;20;;;;;10001;14;10004;20;;;9992.0;11028.0
-2;584700;INTARIAN_PEPPER_ROOT;10576;16;;;;;10590;12;10593;16;;;10583.0;45860.0
-2;584800;ASH_COATED_OSMIUM;9986;10;;;;;10002;10;10004;28;;;9994.0;11162.0
-2;584800;INTARIAN_PEPPER_ROOT;10579;9;10576;20;;;10591;9;10593;20;;;10585.0;46020.0
-2;584900;ASH_COATED_OSMIUM;9983;29;;;;;10002;10;10004;29;;;9992.5;11061.5
-2;584900;INTARIAN_PEPPER_ROOT;10579;9;10576;25;;;10593;25;;;;;10586.0;46100.0
-2;585000;ASH_COATED_OSMIUM;9986;12;9983;26;;;10002;12;10004;26;;;9994.0;11162.0
-2;585000;INTARIAN_PEPPER_ROOT;10579;11;;;;;10591;11;;;;;10585.0;46020.0
-2;585100;ASH_COATED_OSMIUM;9992;5;9984;26;;;10002;14;10005;26;;;9997.0;11363.0
-2;585100;INTARIAN_PEPPER_ROOT;;;;;;;10591;12;;;;;10591.0;46500.0
-2;585200;ASH_COATED_OSMIUM;9986;14;9984;20;;;10005;20;;;;;9995.5;11262.5
-2;585200;INTARIAN_PEPPER_ROOT;10579;9;10577;16;;;10594;16;;;;;10586.5;46140.0
-2;585300;ASH_COATED_OSMIUM;9986;11;9983;24;;;10004;24;;;;;9995.0;11229.0
-2;585300;INTARIAN_PEPPER_ROOT;10580;10;10577;19;;;10591;10;10594;19;;;10585.5;46060.0
-2;585400;ASH_COATED_OSMIUM;9985;11;;;;;;;;;;;9985.0;10559.0
-2;585400;INTARIAN_PEPPER_ROOT;10580;12;;;;;10594;23;;;;;10587.0;46180.0
-2;585500;ASH_COATED_OSMIUM;;;;;;;10001;11;10004;28;;;10001.0;11631.0
-2;585500;INTARIAN_PEPPER_ROOT;10577;17;;;;;10594;17;;;;;10585.5;46060.0
-2;585600;ASH_COATED_OSMIUM;9985;12;;;;;10001;12;;;;;9993.0;11095.0
-2;585600;INTARIAN_PEPPER_ROOT;10577;25;;;;;10594;25;;;;;10585.5;46060.0
-2;585700;ASH_COATED_OSMIUM;9991;4;9985;13;9983;28;10004;28;;;;;9997.5;11396.5
-2;585700;INTARIAN_PEPPER_ROOT;10577;22;;;;;10591;10;;;;;10584.0;45940.0
-2;585800;ASH_COATED_OSMIUM;9985;15;9982;29;;;10001;15;10003;29;;;9993.0;11095.0
-2;585800;INTARIAN_PEPPER_ROOT;10580;9;10577;15;;;10594;15;;;;;10587.0;46180.0
-2;585900;ASH_COATED_OSMIUM;9985;14;9983;26;;;10004;26;;;;;9994.5;11195.5
-2;585900;INTARIAN_PEPPER_ROOT;;;;;;;10592;12;10594;21;;;10592.0;46580.0
-2;586000;ASH_COATED_OSMIUM;9985;15;9983;23;;;10001;15;;;;;9993.0;11095.0
-2;586000;INTARIAN_PEPPER_ROOT;10578;22;;;;;10592;9;10594;22;;;10585.0;46020.0
-2;586100;ASH_COATED_OSMIUM;9985;10;9983;20;;;10004;20;;;;;9994.5;11195.5
-2;586100;INTARIAN_PEPPER_ROOT;;;;;;;10592;12;10595;22;;;10592.0;46580.0
-2;586200;ASH_COATED_OSMIUM;9985;15;9982;26;;;10003;26;;;;;9994.0;11162.0
-2;586200;INTARIAN_PEPPER_ROOT;10580;11;10578;16;;;10592;11;;;;;10586.0;46100.0
-2;586300;ASH_COATED_OSMIUM;9982;27;;;;;10000;12;;;;;9991.0;10961.0
-2;586300;INTARIAN_PEPPER_ROOT;10578;15;;;;;10592;9;10595;15;;;10585.0;46020.0
-2;586400;ASH_COATED_OSMIUM;9984;15;9981;25;;;10000;15;10002;25;;;9992.0;11028.0
-2;586400;INTARIAN_PEPPER_ROOT;10581;9;10578;25;;;10592;9;10595;25;;;10586.5;46140.0
-2;586500;ASH_COATED_OSMIUM;9984;10;9981;28;;;10000;10;10002;28;;;9992.0;11028.0
-2;586500;INTARIAN_PEPPER_ROOT;10581;10;;;;;10592;10;;;;;10586.5;46140.0
-2;586600;ASH_COATED_OSMIUM;9984;14;9981;30;;;9993;4;10000;14;10002;30;9988.5;10793.5
-2;586600;INTARIAN_PEPPER_ROOT;10584;11;10581;8;10578;17;10595;17;;;;;10589.5;46380.0
-2;586700;ASH_COATED_OSMIUM;9983;14;9981;25;;;9999;14;;;;;9991.0;10961.0
-2;586700;INTARIAN_PEPPER_ROOT;10581;11;;;;;10595;25;;;;;10588.0;46260.0
-2;586800;ASH_COATED_OSMIUM;9983;15;9981;29;;;9999;15;10002;29;;;9991.0;10961.0
-2;586800;INTARIAN_PEPPER_ROOT;10581;12;;;;;10593;12;;;;;10587.0;46180.0
-2;586900;ASH_COATED_OSMIUM;9983;13;9981;28;;;9999;13;10002;28;;;9991.0;10961.0
-2;586900;INTARIAN_PEPPER_ROOT;10581;9;;;;;10593;9;10595;24;;;10587.0;46180.0
-2;587000;ASH_COATED_OSMIUM;9983;12;9981;25;;;9999;12;10002;25;;;9991.0;11003.0
-2;587000;INTARIAN_PEPPER_ROOT;10581;10;10579;19;;;10593;10;10595;19;;;10587.0;46180.0
-2;587100;ASH_COATED_OSMIUM;9984;10;9981;29;;;10000;10;10002;29;;;9992.0;11064.0
-2;587100;INTARIAN_PEPPER_ROOT;10581;12;10579;21;;;10596;21;;;;;10588.5;46300.0
-2;587200;ASH_COATED_OSMIUM;9981;20;;;;;10000;12;10002;20;;;9990.5;10972.5
-2;587200;INTARIAN_PEPPER_ROOT;10581;12;10579;19;;;10593;12;10596;19;;;10587.0;46180.0
-2;587300;ASH_COATED_OSMIUM;9982;25;;;;;10000;14;10003;25;;;9991.0;11003.0
-2;587300;INTARIAN_PEPPER_ROOT;10582;9;10579;17;;;10593;9;;;;;10587.5;46220.0
-2;587400;ASH_COATED_OSMIUM;9984;15;9982;22;;;;;;;;;9984.0;10576.0
-2;587400;INTARIAN_PEPPER_ROOT;10582;8;10579;24;;;10593;8;10596;24;;;10587.5;46220.0
-2;587500;ASH_COATED_OSMIUM;9984;10;9982;24;;;10000;10;;;;;9992.0;11064.0
-2;587500;INTARIAN_PEPPER_ROOT;10579;23;;;;;10593;9;10596;23;;;10586.0;46100.0
-2;587600;ASH_COATED_OSMIUM;;;;;;;10000;14;10003;28;;;10000.0;11552.0
-2;587600;INTARIAN_PEPPER_ROOT;10582;12;10579;24;;;10593;12;;;;;10587.5;46220.0
-2;587700;ASH_COATED_OSMIUM;9984;14;;;;;10003;28;;;;;9993.5;11155.5
-2;587700;INTARIAN_PEPPER_ROOT;10582;10;10579;25;;;10593;10;10596;25;;;10587.5;46220.0
-2;587800;ASH_COATED_OSMIUM;9994;5;9984;13;9982;22;10000;13;10003;22;;;9997.0;11354.0
-2;587800;INTARIAN_PEPPER_ROOT;10582;12;10579;25;;;10594;12;10596;25;;;10588.0;46260.0
-2;587900;ASH_COATED_OSMIUM;9982;23;;;;;10003;23;;;;;9992.5;11102.0
-2;587900;INTARIAN_PEPPER_ROOT;10579;21;;;;;10594;11;10596;21;;;10586.5;46140.0
-2;588000;ASH_COATED_OSMIUM;9984;13;9981;29;;;10002;29;;;;;9993.0;11130.0
-2;588000;INTARIAN_PEPPER_ROOT;10582;10;10580;19;;;10596;19;;;;;10589.0;46340.0
-2;588100;ASH_COATED_OSMIUM;9984;14;;;;;10003;24;;;;;9993.5;11158.0
-2;588100;INTARIAN_PEPPER_ROOT;10580;15;;;;;10594;11;10597;15;;;10587.0;46180.0
-2;588200;ASH_COATED_OSMIUM;;;;;;;10002;27;;;;;10002.0;11634.0
-2;588200;INTARIAN_PEPPER_ROOT;10582;8;10580;22;;;10594;8;10597;22;;;10588.0;46260.0
-2;588300;ASH_COATED_OSMIUM;9983;14;9981;27;;;9999;14;;;;;9991.0;11018.0
-2;588300;INTARIAN_PEPPER_ROOT;10583;10;10580;19;;;10594;10;10597;19;;;10588.5;46300.0
-2;588400;ASH_COATED_OSMIUM;9981;29;;;;;9999;15;10002;29;;;9990.0;10962.0
-2;588400;INTARIAN_PEPPER_ROOT;10583;12;;;;;10594;12;10597;23;;;10588.5;46300.0
-2;588500;ASH_COATED_OSMIUM;9980;27;;;;;9999;10;10001;27;;;9989.5;10934.0
-2;588500;INTARIAN_PEPPER_ROOT;10583;11;10580;23;;;10597;23;;;;;10590.0;46420.0
-2;588600;ASH_COATED_OSMIUM;9983;11;;;;;9999;11;10001;22;;;9991.0;11018.0
-2;588600;INTARIAN_PEPPER_ROOT;10583;12;10580;25;;;10597;25;;;;;10590.0;46420.0
-2;588700;ASH_COATED_OSMIUM;9983;14;9981;20;;;10002;20;;;;;9992.5;11102.0
-2;588700;INTARIAN_PEPPER_ROOT;10580;23;;;;;10594;12;;;;;10587.0;46180.0
-2;588800;ASH_COATED_OSMIUM;9983;10;9981;30;;;9999;10;10002;30;;;9991.0;11018.0
-2;588800;INTARIAN_PEPPER_ROOT;10583;10;10580;18;;;10595;10;10597;18;;;10589.0;46340.0
-2;588900;ASH_COATED_OSMIUM;9988;4;9983;13;;;9999;13;10001;21;;;9993.5;11158.0
-2;588900;INTARIAN_PEPPER_ROOT;10583;11;10580;17;;;10595;11;10597;17;;;10589.0;46340.0
-2;589000;ASH_COATED_OSMIUM;9983;12;9980;22;;;9999;12;10001;22;;;9991.0;11018.0
-2;589000;INTARIAN_PEPPER_ROOT;10581;18;;;;;10595;12;10597;18;;;10588.0;46260.0
-2;589100;ASH_COATED_OSMIUM;9983;15;9980;28;;;9999;15;10001;28;;;9991.0;11018.0
-2;589100;INTARIAN_PEPPER_ROOT;10583;12;10581;22;;;10595;12;10598;22;;;10589.0;46340.0
-2;589200;ASH_COATED_OSMIUM;9983;14;9981;22;;;9999;14;;;;;9991.0;11018.0
-2;589200;INTARIAN_PEPPER_ROOT;10583;8;;;;;10595;8;;;;;10589.0;46340.0
-2;589300;ASH_COATED_OSMIUM;9983;13;9981;26;;;9999;13;;;;;9991.0;11018.0
-2;589300;INTARIAN_PEPPER_ROOT;10584;8;;;;;10598;24;;;;;10591.0;46500.0
-2;589400;ASH_COATED_OSMIUM;9983;11;9981;25;;;9999;11;10002;25;;;9991.0;11018.0
-2;589400;INTARIAN_PEPPER_ROOT;10584;11;10581;24;;;10598;24;;;;;10591.0;46500.0
-2;589500;ASH_COATED_OSMIUM;9984;13;9981;27;;;10002;27;;;;;9993.0;11130.0
-2;589500;INTARIAN_PEPPER_ROOT;10584;8;;;;;10595;8;10598;15;;;10589.5;46380.0
-2;589600;ASH_COATED_OSMIUM;9984;12;9981;29;;;;;;;;;9984.0;10626.0
-2;589600;INTARIAN_PEPPER_ROOT;10584;10;;;;;10595;10;10598;16;;;10589.5;46380.0
-2;589700;ASH_COATED_OSMIUM;9984;13;;;;;10003;24;;;;;9993.5;11158.0
-2;589700;INTARIAN_PEPPER_ROOT;10581;16;;;;;10595;9;10598;16;;;10588.0;46260.0
-2;589800;ASH_COATED_OSMIUM;9985;11;9982;25;;;10001;11;10003;25;;;9993.0;11130.0
-2;589800;INTARIAN_PEPPER_ROOT;;;;;;;10596;9;10598;15;;;10596.0;46900.0
-2;589900;ASH_COATED_OSMIUM;9990;3;9984;10;9982;26;10000;10;10003;26;;;9995.0;11242.0
-2;589900;INTARIAN_PEPPER_ROOT;10584;11;10581;19;;;10596;11;10598;19;;;10590.0;46420.0
-2;590000;ASH_COATED_OSMIUM;9984;12;9981;28;;;10000;12;10002;28;;;9992.0;11074.0
-2;590000;INTARIAN_PEPPER_ROOT;10584;9;10582;19;;;10598;19;;;;;10591.0;46500.0
-2;590100;ASH_COATED_OSMIUM;9984;13;;;;;10002;21;;;;;9993.0;11130.0
-2;590100;INTARIAN_PEPPER_ROOT;10584;10;10582;15;;;10599;15;;;;;10591.5;46540.0
-2;590200;ASH_COATED_OSMIUM;9984;10;9981;28;;;10000;10;10002;28;;;9992.0;11074.0
-2;590200;INTARIAN_PEPPER_ROOT;10582;20;;;;;10596;12;10599;20;;;10589.0;46340.0
-2;590300;ASH_COATED_OSMIUM;9984;11;9981;20;;;10002;20;;;;;9993.0;11130.0
-2;590300;INTARIAN_PEPPER_ROOT;10585;11;10582;24;;;10596;11;;;;;10590.5;46460.0
-2;590400;ASH_COATED_OSMIUM;9984;11;9981;23;;;10002;23;;;;;9993.0;11130.0
-2;590400;INTARIAN_PEPPER_ROOT;10582;22;;;;;10599;22;;;;;10590.5;46460.0
-2;590500;ASH_COATED_OSMIUM;;;;;;;;;;;;;0.0;-548478.0
-2;590500;INTARIAN_PEPPER_ROOT;10585;9;10582;21;;;10596;9;;;;;10590.5;46460.0
-2;590600;ASH_COATED_OSMIUM;9983;13;9981;30;;;9999;13;10002;30;;;9991.0;11018.0
-2;590600;INTARIAN_PEPPER_ROOT;10585;9;10582;15;;;10596;9;10599;15;;;10590.5;46460.0
-2;590700;ASH_COATED_OSMIUM;9981;20;;;;;10002;20;;;;;9991.5;11046.0
-2;590700;INTARIAN_PEPPER_ROOT;10585;9;;;;;10596;9;10599;18;;;10590.5;46460.0
-2;590800;ASH_COATED_OSMIUM;9983;13;9981;28;;;9999;13;10002;28;;;9991.0;11018.0
-2;590800;INTARIAN_PEPPER_ROOT;10585;8;10582;16;;;10599;16;;;;;10592.0;46580.0
-2;590900;ASH_COATED_OSMIUM;9983;15;;;;;10002;23;;;;;9992.5;11102.0
-2;590900;INTARIAN_PEPPER_ROOT;10585;8;;;;;10597;8;10599;21;;;10591.0;46500.0
-2;591000;ASH_COATED_OSMIUM;9981;30;;;;;10000;13;10002;30;;;9990.5;10990.0
-2;591000;INTARIAN_PEPPER_ROOT;10585;12;10583;16;;;10597;12;10599;16;;;10591.0;46500.0
-2;591100;ASH_COATED_OSMIUM;9983;14;9981;20;;;9999;14;;;;;9991.0;11018.0
-2;591100;INTARIAN_PEPPER_ROOT;;;;;;;10597;9;10600;22;;;10597.0;46980.0
-2;591200;ASH_COATED_OSMIUM;9989;4;9983;15;9981;27;9999;15;10002;27;;;9994.0;11186.0
-2;591200;INTARIAN_PEPPER_ROOT;10585;10;10583;22;;;10597;10;10600;22;;;10591.0;46500.0
-2;591300;ASH_COATED_OSMIUM;9983;13;9980;27;;;9999;13;10001;27;;;9991.0;11018.0
-2;591300;INTARIAN_PEPPER_ROOT;;;;;;;10597;10;;;;;10597.0;46980.0
-2;591400;ASH_COATED_OSMIUM;9982;14;9980;21;;;9998;14;;;;;9990.0;10962.0
-2;591400;INTARIAN_PEPPER_ROOT;10583;24;;;;;10597;12;10600;24;;;10590.0;46420.0
-2;591500;ASH_COATED_OSMIUM;9982;13;9980;23;;;9998;13;10001;23;;;9990.0;10962.0
-2;591500;INTARIAN_PEPPER_ROOT;10586;9;10583;18;;;10600;18;;;;;10593.0;46660.0
-2;591600;ASH_COATED_OSMIUM;9982;10;9979;24;;;10000;24;;;;;9991.0;11018.0
-2;591600;INTARIAN_PEPPER_ROOT;10583;23;;;;;10597;10;10600;23;;;10590.0;46420.0
-2;591700;ASH_COATED_OSMIUM;9982;13;9980;21;;;10001;21;;;;;9991.5;11046.0
-2;591700;INTARIAN_PEPPER_ROOT;10583;15;;;;;10597;8;10600;15;;;10590.0;46420.0
-2;591800;ASH_COATED_OSMIUM;9982;14;9979;28;;;10000;28;;;;;9991.0;11018.0
-2;591800;INTARIAN_PEPPER_ROOT;10586;10;10583;16;;;10598;10;;;;;10592.0;46580.0
-2;591900;ASH_COATED_OSMIUM;9981;13;9979;28;;;10000;28;;;;;9990.5;10990.0
-2;591900;INTARIAN_PEPPER_ROOT;10583;23;;;;;10598;8;10600;23;;;10590.5;46460.0
-2;592000;ASH_COATED_OSMIUM;9981;10;9979;30;;;9997;10;10000;30;;;9989.0;10906.0
-2;592000;INTARIAN_PEPPER_ROOT;10586;9;10584;16;;;10598;9;10600;16;;;10592.0;46580.0
-2;592100;ASH_COATED_OSMIUM;9979;28;;;;;10000;28;;;;;9989.5;10934.0
-2;592100;INTARIAN_PEPPER_ROOT;10586;12;;;;;10598;12;10601;20;;;10592.0;46580.0
-2;592200;ASH_COATED_OSMIUM;9981;13;9979;22;;;9997;13;;;;;9989.0;10906.0
-2;592200;INTARIAN_PEPPER_ROOT;10595;7;10586;8;10584;20;10598;8;10601;20;;;10596.5;46940.0
-2;592300;ASH_COATED_OSMIUM;9981;15;;;;;9997;15;10000;26;;;9989.0;10906.0
-2;592300;INTARIAN_PEPPER_ROOT;10587;10;10584;18;;;10601;18;;;;;10594.0;46740.0
-2;592400;ASH_COATED_OSMIUM;9981;14;9979;22;;;9997;14;10000;22;;;9989.0;10906.0
-2;592400;INTARIAN_PEPPER_ROOT;10584;21;;;;;10598;8;10601;21;;;10591.0;46500.0
-2;592500;ASH_COATED_OSMIUM;9981;10;9978;24;;;9997;10;9999;24;;;9989.0;10906.0
-2;592500;INTARIAN_PEPPER_ROOT;10584;21;;;;;10598;8;10601;21;;;10591.0;46500.0
-2;592600;ASH_COATED_OSMIUM;9981;13;9979;30;;;10000;30;;;;;9990.5;10990.0
-2;592600;INTARIAN_PEPPER_ROOT;10587;8;10584;23;;;10598;8;10601;23;;;10592.5;46620.0
-2;592700;ASH_COATED_OSMIUM;9981;14;9979;22;;;9991;2;9997;14;;;9986.0;10738.0
-2;592700;INTARIAN_PEPPER_ROOT;10587;12;10584;23;;;10601;23;;;;;10594.0;46740.0
-2;592800;ASH_COATED_OSMIUM;9979;28;;;;;10000;28;;;;;9989.5;10934.0
-2;592800;INTARIAN_PEPPER_ROOT;10587;8;10584;22;;;10601;22;;;;;10594.0;46740.0
-2;592900;ASH_COATED_OSMIUM;9979;30;;;;;9997;12;10000;30;;;9988.0;10850.0
-2;592900;INTARIAN_PEPPER_ROOT;10587;9;10584;21;;;10601;21;;;;;10594.0;46740.0
-2;593000;ASH_COATED_OSMIUM;9982;14;9979;23;;;10000;23;;;;;9991.0;11018.0
-2;593000;INTARIAN_PEPPER_ROOT;10587;9;10585;20;;;10599;9;10601;20;;;10593.0;46660.0
-2;593100;ASH_COATED_OSMIUM;9987;3;9982;12;9979;24;10000;24;;;;;9993.5;11158.0
-2;593100;INTARIAN_PEPPER_ROOT;10587;12;10585;19;;;10599;12;10602;19;;;10593.0;46660.0
-2;593200;ASH_COATED_OSMIUM;9982;15;9979;23;;;9998;15;10000;23;;;9990.0;10962.0
-2;593200;INTARIAN_PEPPER_ROOT;10587;8;10585;25;;;10602;25;;;;;10594.5;46780.0
-2;593300;ASH_COATED_OSMIUM;9982;10;9979;20;;;9998;10;10000;20;;;9990.0;10962.0
-2;593300;INTARIAN_PEPPER_ROOT;10588;11;10585;21;;;10599;11;10602;21;;;10593.5;46700.0
-2;593400;ASH_COATED_OSMIUM;9982;13;9979;22;;;9998;13;;;;;9990.0;10962.0
-2;593400;INTARIAN_PEPPER_ROOT;10588;9;10585;15;;;10599;9;10602;15;;;10593.5;46700.0
-2;593500;ASH_COATED_OSMIUM;9987;5;9982;12;;;10000;25;;;;;9993.5;11158.0
-2;593500;INTARIAN_PEPPER_ROOT;10588;11;;;;;10599;11;10602;15;;;10593.5;46700.0
-2;593600;ASH_COATED_OSMIUM;9979;20;;;;;9997;14;10000;20;;;9988.0;10850.0
-2;593600;INTARIAN_PEPPER_ROOT;10588;10;10585;21;;;10599;10;10602;21;;;10593.5;46700.0
-2;593700;ASH_COATED_OSMIUM;9982;12;;;;;9998;12;10000;21;;;9990.0;10962.0
-2;593700;INTARIAN_PEPPER_ROOT;10591;12;10588;9;10585;25;10599;9;10602;25;;;10595.0;46820.0
-2;593800;ASH_COATED_OSMIUM;9982;10;;;;;9998;10;;;;;9990.0;10962.0
-2;593800;INTARIAN_PEPPER_ROOT;10588;9;10585;24;;;10602;24;;;;;10595.0;46820.0
-2;593900;ASH_COATED_OSMIUM;9981;11;9979;24;;;9997;11;10000;24;;;9989.0;10906.0
-2;593900;INTARIAN_PEPPER_ROOT;10588;10;10585;21;;;10600;10;10602;21;;;10594.0;46740.0
-2;594000;ASH_COATED_OSMIUM;9981;13;9978;22;;;9997;13;9999;22;;;9989.0;10906.0
-2;594000;INTARIAN_PEPPER_ROOT;10588;12;10586;25;;;10600;12;10602;25;;;10594.0;46740.0
-2;594100;ASH_COATED_OSMIUM;9979;25;;;;;9997;12;;;;;9988.0;10850.0
-2;594100;INTARIAN_PEPPER_ROOT;10588;12;10586;25;;;10603;25;;;;;10595.5;46860.0
-2;594200;ASH_COATED_OSMIUM;;;;;;;9997;12;10000;22;;;9997.0;11354.0
-2;594200;INTARIAN_PEPPER_ROOT;10588;8;;;;;10600;8;10603;18;;;10594.0;46740.0
-2;594300;ASH_COATED_OSMIUM;9982;12;9979;27;;;9998;12;10000;27;;;9990.0;10962.0
-2;594300;INTARIAN_PEPPER_ROOT;10589;9;10586;21;;;10600;9;10603;21;;;10594.5;46780.0
-2;594400;ASH_COATED_OSMIUM;9982;15;9979;24;;;9998;15;10000;24;;;9990.0;10962.0
-2;594400;INTARIAN_PEPPER_ROOT;10589;12;10586;25;;;10600;12;10603;25;;;10594.5;46780.0
-2;594500;ASH_COATED_OSMIUM;9979;22;;;;;9998;14;;;;;9988.5;10878.0
-2;594500;INTARIAN_PEPPER_ROOT;10586;16;;;;;10600;12;10603;16;;;10593.0;46660.0
-2;594600;ASH_COATED_OSMIUM;9982;12;9979;24;;;9998;12;;;;;9990.0;10962.0
-2;594600;INTARIAN_PEPPER_ROOT;10589;11;10586;20;;;10600;11;;;;;10594.5;46780.0
-2;594700;ASH_COATED_OSMIUM;9979;29;;;;;9998;14;10000;29;;;9988.5;10878.0
-2;594700;INTARIAN_PEPPER_ROOT;10589;10;10586;22;;;10600;10;10603;22;;;10594.5;46780.0
-2;594800;ASH_COATED_OSMIUM;9982;14;;;;;10001;22;;;;;9991.5;11046.0
-2;594800;INTARIAN_PEPPER_ROOT;10589;11;10586;21;;;10603;21;;;;;10596.0;46900.0
-2;594900;ASH_COATED_OSMIUM;9980;21;;;;;9998;12;10001;21;;;9989.0;10906.0
-2;594900;INTARIAN_PEPPER_ROOT;10589;12;;;;;10601;12;10603;15;;;10595.0;46820.0
-2;595000;ASH_COATED_OSMIUM;9982;14;9980;26;;;9998;14;10001;26;;;9990.0;10962.0
-2;595000;INTARIAN_PEPPER_ROOT;10589;10;10587;17;;;10601;10;10603;17;;;10595.0;46820.0
-2;595100;ASH_COATED_OSMIUM;;;;;;;9998;13;;;;;9998.0;11410.0
-2;595100;INTARIAN_PEPPER_ROOT;10589;10;;;;;10604;17;;;;;10596.5;46940.0
-2;595200;ASH_COATED_OSMIUM;9983;14;;;;;9999;14;10002;27;;;9991.0;11018.0
-2;595200;INTARIAN_PEPPER_ROOT;10589;11;10587;17;;;10601;11;10604;17;;;10595.0;46820.0
-2;595300;ASH_COATED_OSMIUM;9983;12;9980;26;;;9999;12;10001;26;;;9991.0;11018.0
-2;595300;INTARIAN_PEPPER_ROOT;10590;9;10587;19;;;10592;7;10601;9;10604;19;10591.0;46500.0
-2;595400;ASH_COATED_OSMIUM;9983;10;9980;28;;;10001;28;;;;;9992.0;11074.0
-2;595400;INTARIAN_PEPPER_ROOT;10590;12;10587;24;;;10604;24;;;;;10597.0;46980.0
-2;595500;ASH_COATED_OSMIUM;9983;12;;;;;9999;12;10001;28;;;9991.0;11018.0
-2;595500;INTARIAN_PEPPER_ROOT;10587;22;;;;;10604;22;;;;;10595.5;46860.0
-2;595600;ASH_COATED_OSMIUM;9980;25;;;;;9999;10;10001;25;;;9989.5;10934.0
-2;595600;INTARIAN_PEPPER_ROOT;10590;9;10587;19;;;10601;9;10604;19;;;10595.5;46860.0
-2;595700;ASH_COATED_OSMIUM;9982;11;;;;;9998;11;10000;26;;;9990.0;10962.0
-2;595700;INTARIAN_PEPPER_ROOT;10590;8;10587;21;;;10601;8;10604;21;;;10595.5;46860.0
-2;595800;ASH_COATED_OSMIUM;9982;15;9979;30;;;9998;15;10000;30;;;9990.0;10962.0
-2;595800;INTARIAN_PEPPER_ROOT;10590;9;10587;19;;;10602;9;10604;19;;;10596.0;46900.0
-2;595900;ASH_COATED_OSMIUM;9991;4;9982;15;;;9998;15;10000;20;;;9994.5;11200.0
-2;595900;INTARIAN_PEPPER_ROOT;10590;9;;;;;;;;;;;10590.0;46420.0
-2;596000;ASH_COATED_OSMIUM;9982;11;;;;;10001;30;;;;;9991.5;11044.0
-2;596000;INTARIAN_PEPPER_ROOT;10590;11;;;;;10602;11;10604;20;;;10596.0;46900.0
-2;596100;ASH_COATED_OSMIUM;9982;12;;;;;9998;12;10000;26;;;9990.0;10966.0
-2;596100;INTARIAN_PEPPER_ROOT;10590;9;;;;;10605;18;;;;;10597.5;47020.0
-2;596200;ASH_COATED_OSMIUM;9980;25;;;;;9998;11;10001;25;;;9989.0;10914.0
-2;596200;INTARIAN_PEPPER_ROOT;10590;9;10588;16;;;10602;9;10605;16;;;10596.0;46900.0
-2;596300;ASH_COATED_OSMIUM;9982;11;;;;;9998;11;;;;;9990.0;10966.0
-2;596300;INTARIAN_PEPPER_ROOT;10591;11;10588;19;;;10602;11;10605;19;;;10596.5;46940.0
-2;596400;ASH_COATED_OSMIUM;;;;;;;9998;13;10000;28;;;9998.0;11382.0
-2;596400;INTARIAN_PEPPER_ROOT;10591;10;10588;16;;;10602;10;10605;16;;;10596.5;46940.0
-2;596500;ASH_COATED_OSMIUM;9983;13;;;;;10001;20;;;;;9992.0;11070.0
-2;596500;INTARIAN_PEPPER_ROOT;10591;11;10588;24;;;10602;11;10605;24;;;10596.5;46940.0
-2;596600;ASH_COATED_OSMIUM;9980;21;;;;;9999;10;10001;21;;;9989.5;10940.0
-2;596600;INTARIAN_PEPPER_ROOT;10588;19;;;;;10602;10;10605;19;;;10595.0;46820.0
-2;596700;ASH_COATED_OSMIUM;9983;11;9980;26;;;9999;11;;;;;9991.0;11018.0
-2;596700;INTARIAN_PEPPER_ROOT;10591;9;10588;18;;;10602;9;10605;18;;;10596.5;46940.0
-2;596800;ASH_COATED_OSMIUM;9983;11;;;;;9999;11;10001;20;;;9991.0;11018.0
-2;596800;INTARIAN_PEPPER_ROOT;10591;9;10588;20;;;10605;20;;;;;10598.0;47060.0
-2;596900;ASH_COATED_OSMIUM;9982;10;9980;21;;;9998;10;;;;;9990.0;10966.0
-2;596900;INTARIAN_PEPPER_ROOT;10591;11;10588;15;;;10603;11;10605;15;;;10597.0;46980.0
-2;597000;ASH_COATED_OSMIUM;9982;15;9980;30;;;9998;15;10001;30;;;9990.0;10966.0
-2;597000;INTARIAN_PEPPER_ROOT;10591;11;;;;;10603;11;10605;25;;;10597.0;46980.0
-2;597100;ASH_COATED_OSMIUM;9980;30;;;;;9998;14;10001;30;;;9989.0;10914.0
-2;597100;INTARIAN_PEPPER_ROOT;10591;8;10589;17;;;10603;8;10606;17;;;10597.0;46980.0
-2;597200;ASH_COATED_OSMIUM;9983;11;9980;28;;;9999;11;10001;28;;;9991.0;11018.0
-2;597200;INTARIAN_PEPPER_ROOT;10591;10;10589;18;;;10603;10;10606;18;;;10597.0;46980.0
-2;597300;ASH_COATED_OSMIUM;9983;15;9981;28;;;9999;15;10002;28;;;9991.0;11018.0
-2;597300;INTARIAN_PEPPER_ROOT;10589;22;;;;;10603;8;10606;22;;;10596.0;46900.0
-2;597400;ASH_COATED_OSMIUM;9983;12;;;;;10001;27;;;;;9992.0;11070.0
-2;597400;INTARIAN_PEPPER_ROOT;10592;10;10589;25;;;10594;5;10603;10;10606;25;10593.0;46660.0
-2;597500;ASH_COATED_OSMIUM;9983;14;;;;;9999;14;10002;26;;;9991.0;11018.0
-2;597500;INTARIAN_PEPPER_ROOT;10592;12;10589;22;;;10603;12;;;;;10597.5;47020.0
-2;597600;ASH_COATED_OSMIUM;9983;13;;;;;10002;29;;;;;9992.5;11096.0
-2;597600;INTARIAN_PEPPER_ROOT;10592;11;;;;;10603;11;;;;;10597.5;47020.0
-2;597700;ASH_COATED_OSMIUM;9983;13;9981;22;;;9993;5;9999;13;10002;22;9988.0;10862.0
-2;597700;INTARIAN_PEPPER_ROOT;10592;12;10589;21;;;10603;12;;;;;10597.5;47020.0
-2;597800;ASH_COATED_OSMIUM;9984;11;9981;30;;;10000;11;10002;30;;;9992.0;11070.0
-2;597800;INTARIAN_PEPPER_ROOT;10589;18;;;;;10606;18;;;;;10597.5;47020.0
-2;597900;ASH_COATED_OSMIUM;9994;5;9985;13;9982;29;10001;13;10003;29;;;9997.5;11338.5
-2;597900;INTARIAN_PEPPER_ROOT;;;;;;;10604;12;10606;17;;;10604.0;47540.0
-2;598000;ASH_COATED_OSMIUM;9984;13;9982;30;;;;;;;;;9984.0;10704.0
-2;598000;INTARIAN_PEPPER_ROOT;10592;11;;;;;10604;11;10606;15;;;10598.0;47060.0
-2;598100;ASH_COATED_OSMIUM;9985;13;9983;28;;;10001;13;10003;28;;;9993.0;11127.0
-2;598100;INTARIAN_PEPPER_ROOT;10592;10;10590;22;;;10604;10;10607;22;;;10598.0;47060.0
-2;598200;ASH_COATED_OSMIUM;9985;13;9983;25;;;10001;13;10004;25;;;9993.0;11127.0
-2;598200;INTARIAN_PEPPER_ROOT;10592;12;10590;24;;;10604;12;10607;24;;;10598.0;47060.0
-2;598300;ASH_COATED_OSMIUM;9986;15;9983;30;;;9995;3;10002;15;10004;30;9990.5;11009.5
-2;598300;INTARIAN_PEPPER_ROOT;10590;25;;;;;10604;9;;;;;10597.0;46980.0
-2;598400;ASH_COATED_OSMIUM;9986;10;9983;26;;;10002;10;10004;26;;;9994.0;11174.0
-2;598400;INTARIAN_PEPPER_ROOT;10593;11;;;;;;;;;;;10593.0;46660.0
-2;598500;ASH_COATED_OSMIUM;9986;12;;;;;10002;12;10004;30;;;9994.0;11174.0
-2;598500;INTARIAN_PEPPER_ROOT;10593;11;10590;19;;;10604;11;10607;19;;;10598.5;47100.0
-2;598600;ASH_COATED_OSMIUM;9991;2;9983;21;;;10002;14;10004;21;;;9996.5;11291.5
-2;598600;INTARIAN_PEPPER_ROOT;10593;8;10590;24;;;;;;;;;10593.0;46660.0
-2;598700;ASH_COATED_OSMIUM;9986;13;;;;;10002;13;10004;24;;;9994.0;11174.0
-2;598700;INTARIAN_PEPPER_ROOT;10590;18;;;;;10595;5;10604;12;10607;18;10592.5;46620.0
-2;598800;ASH_COATED_OSMIUM;9986;15;9983;25;;;10002;15;10004;25;;;9994.0;11174.0
-2;598800;INTARIAN_PEPPER_ROOT;10593;10;;;;;10605;10;10607;19;;;10599.0;47140.0
-2;598900;ASH_COATED_OSMIUM;9986;12;9983;30;;;10002;12;10004;30;;;9994.0;11174.0
-2;598900;INTARIAN_PEPPER_ROOT;10593;9;10590;15;;;10607;15;;;;;10600.0;47220.0
-2;599000;ASH_COATED_OSMIUM;9986;12;9983;26;;;10002;12;10004;26;;;9994.0;11174.0
-2;599000;INTARIAN_PEPPER_ROOT;10593;10;10591;25;;;10605;10;10607;25;;;10599.0;47140.0
-2;599100;ASH_COATED_OSMIUM;9986;12;9984;27;;;;;;;;;9986.0;10798.0
-2;599100;INTARIAN_PEPPER_ROOT;10593;8;10591;22;;;10605;8;10608;22;;;10599.0;47140.0
-2;599200;ASH_COATED_OSMIUM;9996;10;9986;11;9984;20;10002;11;;;;;9999.0;11379.0
-2;599200;INTARIAN_PEPPER_ROOT;10591;24;;;;;10605;11;10608;24;;;10598.0;47060.0
-2;599300;ASH_COATED_OSMIUM;9987;12;9984;23;;;10003;12;10005;23;;;9995.0;11231.0
-2;599300;INTARIAN_PEPPER_ROOT;10594;12;10591;23;;;10605;12;10608;23;;;10599.5;47180.0
-2;599400;ASH_COATED_OSMIUM;9984;29;;;;;10002;10;10005;29;;;9993.0;11157.0
-2;599400;INTARIAN_PEPPER_ROOT;10594;8;10591;17;;;10605;8;;;;;10599.5;47180.0
-2;599500;ASH_COATED_OSMIUM;9986;14;9984;29;;;9996;3;10002;14;10005;29;9991.0;11095.0
-2;599500;INTARIAN_PEPPER_ROOT;10594;12;;;;;10605;12;10608;21;;;10599.5;47180.0
-2;599600;ASH_COATED_OSMIUM;9986;11;;;;;10004;21;;;;;9995.0;11231.0
-2;599600;INTARIAN_PEPPER_ROOT;10594;10;10591;25;;;10605;10;10608;25;;;10599.5;47180.0
-2;599700;ASH_COATED_OSMIUM;9986;13;;;;;10002;13;10005;26;;;9994.0;11197.0
-2;599700;INTARIAN_PEPPER_ROOT;10594;12;10591;20;;;10605;12;10608;20;;;10599.5;47180.0
-2;599800;ASH_COATED_OSMIUM;9986;13;9983;23;;;10002;13;;;;;9994.0;11197.0
-2;599800;INTARIAN_PEPPER_ROOT;10591;25;;;;;10606;9;10608;25;;;10598.5;47100.0
-2;599900;ASH_COATED_OSMIUM;9986;10;9984;30;;;10002;10;10005;30;;;9994.0;11197.0
-2;599900;INTARIAN_PEPPER_ROOT;10594;9;;;;;10606;9;10608;21;;;10600.0;47220.0
-2;600000;ASH_COATED_OSMIUM;9986;14;9983;26;;;10002;14;10004;26;;;9994.0;11197.0
-2;600000;INTARIAN_PEPPER_ROOT;10594;10;10592;25;;;10606;10;10608;25;;;10600.0;47220.0
-2;600100;ASH_COATED_OSMIUM;9986;15;9984;27;;;10005;27;;;;;9995.5;11248.0
-2;600100;INTARIAN_PEPPER_ROOT;10594;9;10592;19;;;10606;9;;;;;10600.0;47220.0
-2;600200;ASH_COATED_OSMIUM;9986;14;9984;30;;;;;;;;;9986.0;10925.0
-2;600200;INTARIAN_PEPPER_ROOT;10594;11;;;;;10606;11;10609;24;;;10600.0;47220.0
-2;600300;ASH_COATED_OSMIUM;9984;26;;;;;10002;15;10005;26;;;9993.0;11163.0
-2;600300;INTARIAN_PEPPER_ROOT;10594;9;10592;19;;;10606;9;;;;;10600.0;47220.0
-2;600400;ASH_COATED_OSMIUM;9984;29;;;;;10002;13;10005;29;;;9993.0;11163.0
-2;600400;INTARIAN_PEPPER_ROOT;10595;10;10592;21;;;10606;10;10609;21;;;10600.5;47260.0
-2;600500;ASH_COATED_OSMIUM;9986;15;9984;21;;;10002;15;10005;21;;;9994.0;11197.0
-2;600500;INTARIAN_PEPPER_ROOT;10595;9;10592;18;;;10606;9;10609;18;;;10600.5;47260.0
-2;600600;ASH_COATED_OSMIUM;9986;11;;;;;10002;11;10004;24;;;9994.0;11197.0
-2;600600;INTARIAN_PEPPER_ROOT;10595;10;10592;23;;;10606;10;10609;23;;;10600.5;47260.0
-2;600700;ASH_COATED_OSMIUM;9985;15;9983;24;;;10001;15;10004;24;;;9993.0;11163.0
-2;600700;INTARIAN_PEPPER_ROOT;10595;8;10592;25;;;10606;8;10609;25;;;10600.5;47260.0
-2;600800;ASH_COATED_OSMIUM;;;;;;;;;;;;;0.0;-328599.0
-2;600800;INTARIAN_PEPPER_ROOT;10595;9;10592;24;;;;;;;;;10595.0;46820.0
-2;600900;ASH_COATED_OSMIUM;9986;15;9983;30;;;10002;15;;;;;9994.0;11197.0
-2;600900;INTARIAN_PEPPER_ROOT;10595;12;10592;17;;;10607;12;10609;17;;;10601.0;47300.0
-2;601000;ASH_COATED_OSMIUM;9991;4;9986;12;9983;26;10002;12;10004;26;;;9996.5;11282.0
-2;601000;INTARIAN_PEPPER_ROOT;10595;11;10593;20;;;10609;20;;;;;10602.0;47380.0
-2;601100;ASH_COATED_OSMIUM;9986;13;9984;26;;;10002;13;10005;26;;;9994.0;11197.0
-2;601100;INTARIAN_PEPPER_ROOT;10595;10;10593;24;;;10607;10;10610;24;;;10601.0;47300.0
-2;601200;ASH_COATED_OSMIUM;9986;14;;;;;10002;14;10005;30;;;9994.0;11197.0
-2;601200;INTARIAN_PEPPER_ROOT;10593;24;;;;;10607;10;10610;24;;;10600.0;47220.0
-2;601300;ASH_COATED_OSMIUM;9986;11;;;;;10002;11;10005;26;;;9994.0;11197.0
-2;601300;INTARIAN_PEPPER_ROOT;10595;11;10593;21;;;10607;11;;;;;10601.0;47300.0
-2;601400;ASH_COATED_OSMIUM;9984;29;;;;;10002;14;10005;29;;;9993.0;11163.0
-2;601400;INTARIAN_PEPPER_ROOT;10596;9;10593;15;;;10610;15;;;;;10603.0;47460.0
-2;601500;ASH_COATED_OSMIUM;9986;14;9984;24;;;10002;14;10005;24;;;9994.0;11197.0
-2;601500;INTARIAN_PEPPER_ROOT;10596;10;;;;;10607;10;10610;16;;;10601.5;47340.0
-2;601600;ASH_COATED_OSMIUM;9987;10;9984;25;;;10005;25;;;;;9996.0;11265.0
-2;601600;INTARIAN_PEPPER_ROOT;10596;10;10593;22;;;10607;10;10610;22;;;10601.5;47340.0
-2;601700;ASH_COATED_OSMIUM;9986;10;;;;;10002;10;10005;30;;;9994.0;11197.0
-2;601700;INTARIAN_PEPPER_ROOT;10596;10;10593;24;;;10610;24;;;;;10603.0;47460.0
-2;601800;ASH_COATED_OSMIUM;9986;12;9984;28;;;10002;12;;;;;9994.0;11197.0
-2;601800;INTARIAN_PEPPER_ROOT;10596;8;10593;15;;;10608;8;10610;15;;;10602.0;47380.0
-2;601900;ASH_COATED_OSMIUM;9986;11;9984;20;;;10005;20;;;;;9995.5;11248.0
-2;601900;INTARIAN_PEPPER_ROOT;10596;12;;;;;10608;12;;;;;10602.0;47380.0
-2;602000;ASH_COATED_OSMIUM;9986;10;9984;27;;;10002;10;10005;27;;;9994.0;11197.0
-2;602000;INTARIAN_PEPPER_ROOT;10596;9;10594;23;;;10610;23;;;;;10603.0;47460.0
-2;602100;ASH_COATED_OSMIUM;9984;20;;;;;10005;20;;;;;9994.5;11214.0
-2;602100;INTARIAN_PEPPER_ROOT;;;;;;;10611;18;;;;;10611.0;48100.0
-2;602200;ASH_COATED_OSMIUM;9987;11;9984;25;;;10003;11;10005;25;;;9995.0;11231.0
-2;602200;INTARIAN_PEPPER_ROOT;;;;;;;10611;16;;;;;10611.0;48100.0
-2;602300;ASH_COATED_OSMIUM;9984;27;;;;;10002;12;10005;27;;;9993.0;11163.0
-2;602300;INTARIAN_PEPPER_ROOT;10596;11;10594;22;;;10608;11;10611;22;;;10602.0;47380.0
-2;602400;ASH_COATED_OSMIUM;9986;14;9984;27;;;10002;14;10005;27;;;9994.0;11197.0
-2;602400;INTARIAN_PEPPER_ROOT;10597;8;10594;25;;;10611;25;;;;;10604.0;47540.0
-2;602500;ASH_COATED_OSMIUM;9986;13;9984;21;;;10002;13;10005;21;;;9994.0;11197.0
-2;602500;INTARIAN_PEPPER_ROOT;10594;25;;;;;10608;9;;;;;10601.0;47300.0
-2;602600;ASH_COATED_OSMIUM;9986;13;9984;26;;;10002;13;10005;26;;;9994.0;11197.0
-2;602600;INTARIAN_PEPPER_ROOT;10597;9;10594;22;;;10611;22;;;;;10604.0;47540.0
-2;602700;ASH_COATED_OSMIUM;9986;15;9984;25;;;10002;15;10005;25;;;9994.0;11197.0
-2;602700;INTARIAN_PEPPER_ROOT;10594;17;;;;;10604;9;10609;9;10611;17;10599.0;47140.0
-2;602800;ASH_COATED_OSMIUM;9986;10;;;;;10002;10;10004;23;;;9994.0;11197.0
-2;602800;INTARIAN_PEPPER_ROOT;10597;10;10594;24;;;10609;10;10611;24;;;10603.0;47460.0
-2;602900;ASH_COATED_OSMIUM;9986;10;9983;23;;;10002;10;10004;23;;;9994.0;11197.0
-2;602900;INTARIAN_PEPPER_ROOT;10597;9;10594;24;;;10609;9;10611;24;;;10603.0;47460.0
-2;603000;ASH_COATED_OSMIUM;9986;13;9983;28;;;10002;13;;;;;9994.0;11197.0
-2;603000;INTARIAN_PEPPER_ROOT;10597;10;10595;17;;;10609;10;10611;17;;;10603.0;47460.0
-2;603100;ASH_COATED_OSMIUM;9986;15;9983;20;;;10002;15;10004;20;;;9994.0;11197.0
-2;603100;INTARIAN_PEPPER_ROOT;10597;10;10595;23;;;10609;10;10612;23;;;10603.0;47460.0
-2;603200;ASH_COATED_OSMIUM;9986;13;;;;;10002;13;10005;27;;;9994.0;11197.0
-2;603200;INTARIAN_PEPPER_ROOT;10595;17;;;;;10609;10;;;;;10602.0;47380.0
-2;603300;ASH_COATED_OSMIUM;9986;11;9984;23;;;10002;11;10005;23;;;9994.0;11197.0
-2;603300;INTARIAN_PEPPER_ROOT;10597;11;;;;;10609;11;10612;15;;;10603.0;47460.0
-2;603400;ASH_COATED_OSMIUM;9986;10;9984;22;;;10002;10;10005;22;;;9994.0;11197.0
-2;603400;INTARIAN_PEPPER_ROOT;10598;12;10595;17;;;10612;17;;;;;10605.0;47620.0
-2;603500;ASH_COATED_OSMIUM;;;;;;;10002;13;10004;26;;;10002.0;11469.0
-2;603500;INTARIAN_PEPPER_ROOT;10598;11;10595;19;;;10609;11;10612;19;;;10603.5;47500.0
-2;603600;ASH_COATED_OSMIUM;9986;14;9983;28;;;10002;14;10004;28;;;9994.0;11197.0
-2;603600;INTARIAN_PEPPER_ROOT;10598;10;10595;23;;;10609;10;10612;23;;;10603.5;47500.0
-2;603700;ASH_COATED_OSMIUM;9986;12;9983;22;;;10002;12;10004;22;;;9994.0;11197.0
-2;603700;INTARIAN_PEPPER_ROOT;10598;8;;;;;10610;8;10612;20;;;10604.0;47540.0
-2;603800;ASH_COATED_OSMIUM;9984;24;;;;;10005;24;;;;;9994.5;11214.0
-2;603800;INTARIAN_PEPPER_ROOT;10598;8;10595;23;;;10610;8;10612;23;;;10604.0;47540.0
-2;603900;ASH_COATED_OSMIUM;9986;13;9984;26;;;10002;13;;;;;9994.0;11197.0
-2;603900;INTARIAN_PEPPER_ROOT;10598;9;10595;20;;;;;;;;;10598.0;47060.0
-2;604000;ASH_COATED_OSMIUM;9986;11;9984;30;;;10002;11;10005;30;;;9994.0;11197.0
-2;604000;INTARIAN_PEPPER_ROOT;10598;11;10596;20;;;10610;11;10612;20;;;10604.0;47540.0
-2;604100;ASH_COATED_OSMIUM;9986;10;9984;26;;;10005;26;;;;;9995.5;11248.0
-2;604100;INTARIAN_PEPPER_ROOT;10598;12;10596;19;;;10613;19;;;;;10605.5;47660.0
-2;604200;ASH_COATED_OSMIUM;9984;20;;;;;9992;8;10005;20;;;9988.0;10961.0
-2;604200;INTARIAN_PEPPER_ROOT;10598;9;;;;;10610;9;10613;20;;;10604.0;47540.0
-2;604300;ASH_COATED_OSMIUM;;;;;;;10002;11;;;;;10002.0;11549.0
-2;604300;INTARIAN_PEPPER_ROOT;10598;11;10596;15;;;10610;11;10613;15;;;10604.0;47540.0
-2;604400;ASH_COATED_OSMIUM;9986;11;9984;27;;;10002;11;10005;27;;;9994.0;11213.0
-2;604400;INTARIAN_PEPPER_ROOT;10596;22;;;;;10610;10;10613;22;;;10603.0;47460.0
-2;604500;ASH_COATED_OSMIUM;9984;20;;;;;10003;14;;;;;9993.5;11192.0
-2;604500;INTARIAN_PEPPER_ROOT;10596;25;;;;;;;;;;;10596.0;46900.0
-2;604600;ASH_COATED_OSMIUM;9986;13;9983;25;;;10004;25;;;;;9995.0;11255.0
-2;604600;INTARIAN_PEPPER_ROOT;10596;23;;;;;10610;8;10613;23;;;10603.0;47460.0
-2;604700;ASH_COATED_OSMIUM;9986;14;9984;23;;;10005;23;;;;;9995.5;11276.0
-2;604700;INTARIAN_PEPPER_ROOT;10599;12;10596;18;;;10611;12;;;;;10605.0;47620.0
-2;604800;ASH_COATED_OSMIUM;9986;14;9983;29;;;10002;14;10004;29;;;9994.0;11213.0
-2;604800;INTARIAN_PEPPER_ROOT;10596;24;;;;;10613;24;;;;;10604.5;47580.0
-2;604900;ASH_COATED_OSMIUM;9986;14;9983;20;;;10004;20;;;;;9995.0;11255.0
-2;604900;INTARIAN_PEPPER_ROOT;10599;11;10596;25;;;10611;11;;;;;10605.0;47620.0
-2;605000;ASH_COATED_OSMIUM;9986;14;9983;21;;;;;;;;;9986.0;10877.0
-2;605000;INTARIAN_PEPPER_ROOT;10599;10;10597;19;;;10613;19;;;;;10606.0;47700.0
-2;605100;ASH_COATED_OSMIUM;9986;14;9984;27;;;10002;14;10005;27;;;9994.0;11213.0
-2;605100;INTARIAN_PEPPER_ROOT;10599;9;;;;;10611;9;10614;19;;;10605.0;47620.0
-2;605200;ASH_COATED_OSMIUM;9986;10;9984;25;;;10002;10;10005;25;;;9994.0;11213.0
-2;605200;INTARIAN_PEPPER_ROOT;10599;11;10597;21;;;10614;21;;;;;10606.5;47740.0
-2;605300;ASH_COATED_OSMIUM;9986;10;;;;;10002;10;10005;22;;;9994.0;11213.0
-2;605300;INTARIAN_PEPPER_ROOT;10599;8;;;;;10611;8;10614;22;;;10605.0;47620.0
-2;605400;ASH_COATED_OSMIUM;9986;14;9984;21;;;10005;21;;;;;9995.5;11276.0
-2;605400;INTARIAN_PEPPER_ROOT;10600;11;10597;17;;;10602;7;10611;11;10614;17;10601.0;47300.0
-2;605500;ASH_COATED_OSMIUM;9986;15;9983;20;;;10002;15;;;;;9994.0;11213.0
-2;605500;INTARIAN_PEPPER_ROOT;10600;8;10597;24;;;;;;;;;10600.0;47220.0
-2;605600;ASH_COATED_OSMIUM;9986;15;9983;24;;;10002;15;10004;24;;;9994.0;11213.0
-2;605600;INTARIAN_PEPPER_ROOT;10600;11;10597;23;;;10611;11;10614;23;;;10605.5;47660.0
-2;605700;ASH_COATED_OSMIUM;9986;13;9983;23;;;10002;13;10004;23;;;9994.0;11213.0
-2;605700;INTARIAN_PEPPER_ROOT;10597;25;;;;;10612;12;;;;;10604.5;47580.0
-2;605800;ASH_COATED_OSMIUM;9986;10;9983;30;;;10002;10;10004;30;;;9994.0;11213.0
-2;605800;INTARIAN_PEPPER_ROOT;10597;22;;;;;10612;12;10614;22;;;10604.5;47580.0
-2;605900;ASH_COATED_OSMIUM;9983;29;;;;;10002;15;10004;29;;;9992.5;11150.0
-2;605900;INTARIAN_PEPPER_ROOT;10600;11;;;;;;;;;;;10600.0;47220.0
-2;606000;ASH_COATED_OSMIUM;9986;15;9983;22;;;10002;15;;;;;9994.0;11213.0
-2;606000;INTARIAN_PEPPER_ROOT;10600;9;10598;23;;;10612;9;10614;23;;;10606.0;47700.0
-2;606100;ASH_COATED_OSMIUM;9983;28;;;;;10002;13;10004;28;;;9992.5;11184.0
-2;606100;INTARIAN_PEPPER_ROOT;10600;11;10598;25;;;10612;11;;;;;10606.0;47700.0
-2;606200;ASH_COATED_OSMIUM;9985;13;9983;27;;;;;;;;;9985.0;10839.0
-2;606200;INTARIAN_PEPPER_ROOT;10600;12;10598;21;;;10612;12;10615;21;;;10606.0;47700.0
-2;606300;ASH_COATED_OSMIUM;9985;13;;;;;10001;13;10004;20;;;9993.0;11207.0
-2;606300;INTARIAN_PEPPER_ROOT;10598;22;;;;;10612;12;;;;;10605.0;47620.0
-2;606400;ASH_COATED_OSMIUM;9985;10;9983;27;;;10001;10;;;;;9993.0;11207.0
-2;606400;INTARIAN_PEPPER_ROOT;10598;24;;;;;;;;;;;10598.0;47060.0
-2;606500;ASH_COATED_OSMIUM;9986;11;9983;23;;;10002;11;10004;23;;;9994.0;11253.0
-2;606500;INTARIAN_PEPPER_ROOT;10601;9;10598;17;;;10612;9;10615;17;;;10606.5;47740.0
-2;606600;ASH_COATED_OSMIUM;9986;11;;;;;10002;11;10004;27;;;9994.0;11253.0
-2;606600;INTARIAN_PEPPER_ROOT;10601;11;10598;24;;;10612;11;10615;24;;;10606.5;47740.0
-2;606700;ASH_COATED_OSMIUM;9986;15;9983;29;;;10004;29;;;;;9995.0;11299.0
-2;606700;INTARIAN_PEPPER_ROOT;10601;10;;;;;10613;10;10615;16;;;10607.0;47780.0
-2;606800;ASH_COATED_OSMIUM;9983;24;;;;;10002;14;10004;24;;;9992.5;11184.0
-2;606800;INTARIAN_PEPPER_ROOT;10601;9;10598;16;;;10613;9;10615;16;;;10607.0;47780.0
-2;606900;ASH_COATED_OSMIUM;9985;11;9983;27;;;10001;11;10004;27;;;9993.0;11207.0
-2;606900;INTARIAN_PEPPER_ROOT;10601;12;10598;19;;;10613;12;10615;19;;;10607.0;47780.0
-2;607000;ASH_COATED_OSMIUM;9985;15;9982;23;;;10001;15;10003;23;;;9993.0;11207.0
-2;607000;INTARIAN_PEPPER_ROOT;10599;24;;;;;10613;10;10615;24;;;10606.0;47700.0
-2;607100;ASH_COATED_OSMIUM;9984;12;9982;24;;;10000;12;;;;;9992.0;11161.0
-2;607100;INTARIAN_PEPPER_ROOT;10601;9;10599;22;;;10613;9;10616;22;;;10607.0;47780.0
-2;607200;ASH_COATED_OSMIUM;9984;15;9982;24;;;10000;15;10003;24;;;9992.0;11161.0
-2;607200;INTARIAN_PEPPER_ROOT;10601;8;10599;24;;;10613;8;10616;24;;;10607.0;47780.0
-2;607300;ASH_COATED_OSMIUM;9982;28;;;;;10000;10;10003;28;;;9991.0;11115.0
-2;607300;INTARIAN_PEPPER_ROOT;10601;9;10599;24;;;10613;9;;;;;10607.0;47780.0
-2;607400;ASH_COATED_OSMIUM;9982;30;;;;;10001;14;10003;30;;;9991.5;11138.0
-2;607400;INTARIAN_PEPPER_ROOT;10602;11;10599;15;;;10613;11;10616;15;;;10607.5;47820.0
-2;607500;ASH_COATED_OSMIUM;9984;11;9982;29;;;10000;11;10003;29;;;9992.0;11161.0
-2;607500;INTARIAN_PEPPER_ROOT;10602;8;10599;23;;;10613;8;10616;23;;;10607.5;47820.0
-2;607600;ASH_COATED_OSMIUM;9985;13;9982;29;;;10001;13;10003;29;;;9993.0;11207.0
-2;607600;INTARIAN_PEPPER_ROOT;10602;10;10599;20;;;10609;10;10613;10;;;10605.5;47660.0
-2;607700;ASH_COATED_OSMIUM;9985;14;9982;29;;;10003;29;;;;;9994.0;11253.0
-2;607700;INTARIAN_PEPPER_ROOT;10599;24;;;;;10616;24;;;;;10607.5;47820.0
-2;607800;ASH_COATED_OSMIUM;9985;14;;;;;10000;14;;;;;9992.5;11184.0
-2;607800;INTARIAN_PEPPER_ROOT;10602;10;10599;23;;;10616;23;;;;;10609.0;47940.0
-2;607900;ASH_COATED_OSMIUM;9985;10;9982;22;;;10001;10;10003;22;;;9993.0;11207.0
-2;607900;INTARIAN_PEPPER_ROOT;10599;17;;;;;10616;17;;;;;10607.5;47820.0
-2;608000;ASH_COATED_OSMIUM;9985;12;9982;27;;;10001;12;10003;27;;;9993.0;11207.0
-2;608000;INTARIAN_PEPPER_ROOT;10602;12;10600;24;;;10614;12;10616;24;;;10608.0;47860.0
-2;608100;ASH_COATED_OSMIUM;9985;14;;;;;;;;;;;9985.0;10839.0
-2;608100;INTARIAN_PEPPER_ROOT;10600;25;;;;;10617;25;;;;;10608.5;47900.0
-2;608200;ASH_COATED_OSMIUM;9985;12;;;;;10004;27;;;;;9994.5;11276.0
-2;608200;INTARIAN_PEPPER_ROOT;10602;9;;;;;10614;9;10617;21;;;10608.0;47860.0
-2;608300;ASH_COATED_OSMIUM;9986;13;9983;28;;;10002;13;10004;28;;;9994.0;11253.0
-2;608300;INTARIAN_PEPPER_ROOT;10602;9;10600;18;;;10614;9;10617;18;;;10608.0;47860.0
-2;608400;ASH_COATED_OSMIUM;9986;12;9984;23;;;10002;12;;;;;9994.0;11253.0
-2;608400;INTARIAN_PEPPER_ROOT;10600;25;;;;;10614;12;10617;25;;;10607.0;47780.0
-2;608500;ASH_COATED_OSMIUM;9986;14;9984;24;;;10002;14;10005;24;;;9994.0;11253.0
-2;608500;INTARIAN_PEPPER_ROOT;10603;11;;;;;10614;11;10617;17;;;10608.5;47900.0
-2;608600;ASH_COATED_OSMIUM;9986;11;9984;22;;;10002;11;10005;22;;;9994.0;11253.0
-2;608600;INTARIAN_PEPPER_ROOT;10603;9;10600;17;;;10614;9;;;;;10608.5;47900.0
-2;608700;ASH_COATED_OSMIUM;9987;13;9984;23;;;;;;;;;9987.0;10931.0
-2;608700;INTARIAN_PEPPER_ROOT;10603;8;10600;22;;;10615;8;10617;22;;;10609.0;47940.0
-2;608800;ASH_COATED_OSMIUM;9984;21;;;;;;;;;;;9984.0;10793.0
-2;608800;INTARIAN_PEPPER_ROOT;10603;11;10600;17;;;10615;11;10617;17;;;10609.0;47940.0
-2;608900;ASH_COATED_OSMIUM;9992;2;9986;15;9984;30;10002;15;10005;30;;;9997.0;11391.0
-2;608900;INTARIAN_PEPPER_ROOT;10603;8;10600;19;;;10617;19;;;;;10610.0;48020.0
-2;609000;ASH_COATED_OSMIUM;9985;12;;;;;10004;25;;;;;9994.5;11276.0
-2;609000;INTARIAN_PEPPER_ROOT;10603;10;10601;24;;;10615;10;10617;24;;;10609.0;47940.0
-2;609100;ASH_COATED_OSMIUM;9986;13;9983;20;;;10002;13;10004;20;;;9994.0;11253.0
-2;609100;INTARIAN_PEPPER_ROOT;10603;9;10601;22;;;10615;9;10618;22;;;10609.0;47940.0
-2;609200;ASH_COATED_OSMIUM;9985;11;9983;23;;;10001;11;10004;23;;;9993.0;11207.0
-2;609200;INTARIAN_PEPPER_ROOT;10601;21;;;;;10618;21;;;;;10609.5;47980.0
-2;609300;ASH_COATED_OSMIUM;9983;27;;;;;10001;12;10004;27;;;9992.0;11209.0
-2;609300;INTARIAN_PEPPER_ROOT;10603;8;;;;;10615;8;10618;17;;;10609.0;47940.0
-2;609400;ASH_COATED_OSMIUM;9983;25;;;;;10001;13;;;;;9992.0;11209.0
-2;609400;INTARIAN_PEPPER_ROOT;10601;17;;;;;10615;10;10618;17;;;10608.0;47860.0
-2;609500;ASH_COATED_OSMIUM;9986;13;9983;30;;;10004;30;;;;;9995.0;11365.0
-2;609500;INTARIAN_PEPPER_ROOT;10604;12;10601;17;;;10615;12;;;;;10609.5;47980.0
-2;609600;ASH_COATED_OSMIUM;9985;11;9982;26;;;10001;11;10003;26;;;9993.0;11261.0
-2;609600;INTARIAN_PEPPER_ROOT;10604;11;;;;;10615;11;10618;25;;;10609.5;47980.0
-2;609700;ASH_COATED_OSMIUM;9985;11;9982;29;;;10001;11;;;;;9993.0;11261.0
-2;609700;INTARIAN_PEPPER_ROOT;10612;8;10604;9;;;10616;9;10618;20;;;10614.0;48340.0
-2;609800;ASH_COATED_OSMIUM;9985;12;9983;20;;;10001;12;10004;20;;;9993.0;11261.0
-2;609800;INTARIAN_PEPPER_ROOT;10601;24;;;;;10618;24;;;;;10609.5;47980.0
-2;609900;ASH_COATED_OSMIUM;9986;15;;;;;10002;15;10004;20;;;9994.0;11313.0
-2;609900;INTARIAN_PEPPER_ROOT;10601;23;;;;;10618;23;;;;;10609.5;47980.0
-2;610000;ASH_COATED_OSMIUM;9986;12;9983;25;;;10002;12;10004;25;;;9994.0;11313.0
-2;610000;INTARIAN_PEPPER_ROOT;10604;10;10602;19;;;10616;10;10618;19;;;10610.0;48020.0
-2;610100;ASH_COATED_OSMIUM;9986;12;9983;22;;;10004;22;;;;;9995.0;11365.0
-2;610100;INTARIAN_PEPPER_ROOT;;;;;;;10616;8;10619;15;;;10616.0;48500.0
-2;610200;ASH_COATED_OSMIUM;9983;25;;;;;10004;25;;;;;9993.5;11287.0
-2;610200;INTARIAN_PEPPER_ROOT;10604;11;10602;22;;;10616;11;10619;22;;;10610.0;48020.0
-2;610300;ASH_COATED_OSMIUM;9986;10;9983;30;;;10002;10;10004;30;;;9994.0;11313.0
-2;610300;INTARIAN_PEPPER_ROOT;10604;9;10602;16;;;10616;9;;;;;10610.0;48020.0
-2;610400;ASH_COATED_OSMIUM;9986;15;9983;22;;;10002;15;;;;;9994.0;11313.0
-2;610400;INTARIAN_PEPPER_ROOT;10613;7;10605;12;10602;23;10616;12;;;;;10614.5;48380.0
-2;610500;ASH_COATED_OSMIUM;9986;14;9984;22;;;9996;1;10005;22;;;9991.0;11173.0
-2;610500;INTARIAN_PEPPER_ROOT;10602;15;;;;;10616;12;10619;15;;;10609.0;47940.0
-2;610600;ASH_COATED_OSMIUM;9986;15;9984;26;;;10002;15;;;;;9994.0;11317.0
-2;610600;INTARIAN_PEPPER_ROOT;10605;9;;;;;10616;9;10619;17;;;10610.5;48060.0
-2;610700;ASH_COATED_OSMIUM;9986;14;9983;30;;;10002;14;;;;;9994.0;11317.0
-2;610700;INTARIAN_PEPPER_ROOT;10602;21;;;;;10617;11;;;;;10609.5;47980.0
-2;610800;ASH_COATED_OSMIUM;9986;12;;;;;10002;12;;;;;9994.0;11317.0
-2;610800;INTARIAN_PEPPER_ROOT;10602;17;;;;;10617;9;10619;17;;;10609.5;47980.0
-2;610900;ASH_COATED_OSMIUM;9986;11;9983;23;;;10002;11;;;;;9994.0;11317.0
-2;610900;INTARIAN_PEPPER_ROOT;10605;9;10602;15;;;;;;;;;10605.0;47620.0
-2;611000;ASH_COATED_OSMIUM;9986;14;9983;22;;;10002;14;;;;;9994.0;11317.0
-2;611000;INTARIAN_PEPPER_ROOT;10605;10;10603;24;;;10617;10;;;;;10611.0;48100.0
-2;611100;ASH_COATED_OSMIUM;9986;14;9983;26;;;10002;14;;;;;9994.0;11317.0
-2;611100;INTARIAN_PEPPER_ROOT;10603;21;;;;;10617;9;10620;21;;;10610.0;48020.0
-2;611200;ASH_COATED_OSMIUM;9986;15;9983;29;;;10002;15;;;;;9994.0;11317.0
-2;611200;INTARIAN_PEPPER_ROOT;10603;21;;;;;10608;4;10617;11;;;10605.5;47660.0
-2;611300;ASH_COATED_OSMIUM;9986;15;9984;24;;;10002;15;;;;;9994.0;11317.0
-2;611300;INTARIAN_PEPPER_ROOT;10605;12;10603;20;;;10617;12;10620;20;;;10611.0;48100.0
-2;611400;ASH_COATED_OSMIUM;9986;11;9984;20;;;10002;11;10005;20;;;9994.0;11317.0
-2;611400;INTARIAN_PEPPER_ROOT;10606;8;10603;24;;;10617;8;10620;24;;;10611.5;48140.0
-2;611500;ASH_COATED_OSMIUM;9986;13;9984;27;;;;;;;;;9986.0;10925.0
-2;611500;INTARIAN_PEPPER_ROOT;10606;10;10603;24;;;10620;24;;;;;10613.0;48260.0
-2;611600;ASH_COATED_OSMIUM;9985;13;9983;20;;;10004;20;;;;;9994.5;11401.0
-2;611600;INTARIAN_PEPPER_ROOT;10606;9;10603;24;;;10620;24;;;;;10613.0;48260.0
-2;611700;ASH_COATED_OSMIUM;9985;11;9982;23;;;10001;11;10003;23;;;9993.0;11317.0
-2;611700;INTARIAN_PEPPER_ROOT;10606;9;10603;19;;;10618;9;10620;19;;;10612.0;48180.0
-2;611800;ASH_COATED_OSMIUM;9985;11;9983;29;;;;;;;;;9985.0;10869.0
-2;611800;INTARIAN_PEPPER_ROOT;10606;11;;;;;10618;11;10620;19;;;10612.0;48180.0
-2;611900;ASH_COATED_OSMIUM;9986;10;9983;25;;;10001;10;;;;;9993.5;11345.0
-2;611900;INTARIAN_PEPPER_ROOT;;;;;;;;;;;;;0.0;-800780.0
-2;612000;ASH_COATED_OSMIUM;9986;12;9983;23;;;10002;12;10004;23;;;9994.0;11373.0
-2;612000;INTARIAN_PEPPER_ROOT;10606;10;10604;20;;;10618;10;;;;;10612.0;48180.0
-2;612100;ASH_COATED_OSMIUM;9985;15;9983;23;;;;;;;;;9985.0;10869.0
-2;612100;INTARIAN_PEPPER_ROOT;10606;9;10604;23;;;10621;23;;;;;10613.5;48300.0
-2;612200;ASH_COATED_OSMIUM;9991;4;9985;10;9983;23;10004;23;;;;;9997.5;11585.5
-2;612200;INTARIAN_PEPPER_ROOT;10606;11;;;;;10621;17;;;;;10613.5;48300.0
-2;612300;ASH_COATED_OSMIUM;9986;11;9983;27;;;10002;11;10004;27;;;9994.0;11400.0
-2;612300;INTARIAN_PEPPER_ROOT;10606;9;10604;22;;;10618;9;10621;22;;;10612.0;48180.0
-2;612400;ASH_COATED_OSMIUM;9986;15;9984;20;;;10002;15;10005;20;;;9994.0;11400.0
-2;612400;INTARIAN_PEPPER_ROOT;10604;25;;;;;10618;9;;;;;10611.0;48100.0
-2;612500;ASH_COATED_OSMIUM;9986;15;9984;27;;;10002;15;;;;;9994.0;11400.0
-2;612500;INTARIAN_PEPPER_ROOT;10607;11;10604;18;;;10618;11;10621;18;;;10612.5;48220.0
-2;612600;ASH_COATED_OSMIUM;9986;15;9984;24;;;10002;15;10005;24;;;9994.0;11400.0
-2;612600;INTARIAN_PEPPER_ROOT;10604;17;;;;;10618;11;10621;17;;;10611.0;48100.0
-2;612700;ASH_COATED_OSMIUM;9986;14;9984;23;;;10002;14;10005;23;;;9994.0;11400.0
-2;612700;INTARIAN_PEPPER_ROOT;10607;9;;;;;10619;9;;;;;10613.0;48260.0
-2;612800;ASH_COATED_OSMIUM;9987;12;9984;26;;;10003;12;10005;26;;;9995.0;11453.0
-2;612800;INTARIAN_PEPPER_ROOT;10615;6;10607;8;10604;24;;;;;;;10615.0;48420.0
-2;612900;ASH_COATED_OSMIUM;9987;12;9985;29;;;10003;12;10006;29;;;9995.0;11453.0
-2;612900;INTARIAN_PEPPER_ROOT;10607;8;10604;17;;;10619;8;10621;17;;;10613.0;48260.0
-2;613000;ASH_COATED_OSMIUM;9987;14;9984;24;;;10003;14;10005;24;;;9995.0;11453.0
-2;613000;INTARIAN_PEPPER_ROOT;10607;12;10605;25;;;10621;25;;;;;10614.0;48340.0
-2;613100;ASH_COATED_OSMIUM;9987;12;9985;21;;;10003;12;10006;21;;;9995.0;11453.0
-2;613100;INTARIAN_PEPPER_ROOT;10607;8;10605;18;;;10619;8;10622;18;;;10613.0;48260.0
-2;613200;ASH_COATED_OSMIUM;9985;22;;;;;10003;12;10006;22;;;9994.0;11400.0
-2;613200;INTARIAN_PEPPER_ROOT;10607;8;10605;15;;;10619;8;;;;;10613.0;48260.0
-2;613300;ASH_COATED_OSMIUM;9987;10;9984;25;;;10003;10;10005;25;;;9995.0;11453.0
-2;613300;INTARIAN_PEPPER_ROOT;10607;12;10605;24;;;10622;24;;;;;10614.5;48380.0
-2;613400;ASH_COATED_OSMIUM;9987;14;9984;21;;;10005;21;;;;;9996.0;11506.0
-2;613400;INTARIAN_PEPPER_ROOT;10605;21;;;;;10619;10;10622;21;;;10612.0;48180.0
-2;613500;ASH_COATED_OSMIUM;9986;10;9984;27;;;10002;10;10005;27;;;9994.0;11400.0
-2;613500;INTARIAN_PEPPER_ROOT;10608;11;;;;;10619;11;;;;;10613.5;48300.0
-2;613600;ASH_COATED_OSMIUM;9986;13;9984;21;;;10002;13;10005;21;;;9994.0;11400.0
-2;613600;INTARIAN_PEPPER_ROOT;10608;9;10605;18;;;10619;9;10622;18;;;10613.5;48300.0
-2;613700;ASH_COATED_OSMIUM;9987;14;9984;21;;;10003;14;;;;;9995.0;11453.0
-2;613700;INTARIAN_PEPPER_ROOT;10608;12;10605;16;;;10620;12;10622;16;;;10614.0;48340.0
-2;613800;ASH_COATED_OSMIUM;9985;20;;;;;10003;12;;;;;9994.0;11400.0
-2;613800;INTARIAN_PEPPER_ROOT;10608;8;10605;25;;;10620;8;10622;25;;;10614.0;48340.0
-2;613900;ASH_COATED_OSMIUM;9987;15;9985;24;;;10003;15;10006;24;;;9995.0;11453.0
-2;613900;INTARIAN_PEPPER_ROOT;10608;11;10605;15;;;10620;11;10622;15;;;10614.0;48340.0
-2;614000;ASH_COATED_OSMIUM;9987;15;9985;21;;;10003;15;10006;21;;;9995.0;11453.0
-2;614000;INTARIAN_PEPPER_ROOT;10608;11;10606;15;;;10622;15;;;;;10615.0;48420.0
-2;614100;ASH_COATED_OSMIUM;9987;13;9984;24;;;10003;13;10005;24;;;9995.0;11453.0
-2;614100;INTARIAN_PEPPER_ROOT;10608;10;;;;;10610;8;10623;19;;;10609.0;47940.0
-2;614200;ASH_COATED_OSMIUM;9987;13;;;;;10003;13;;;;;9995.0;11453.0
-2;614200;INTARIAN_PEPPER_ROOT;10608;9;10606;17;;;10620;9;10623;17;;;10614.0;48340.0
-2;614300;ASH_COATED_OSMIUM;9987;15;9985;29;;;;;;;;;9987.0;11029.0
-2;614300;INTARIAN_PEPPER_ROOT;10608;8;10606;16;;;10620;8;10623;16;;;10614.0;48340.0
-2;614400;ASH_COATED_OSMIUM;9988;10;9985;30;;;10006;30;;;;;9997.0;11559.0
-2;614400;INTARIAN_PEPPER_ROOT;10609;11;10606;16;;;10623;16;;;;;10616.0;48500.0
-2;614500;ASH_COATED_OSMIUM;9985;30;;;;;10004;11;10006;30;;;9994.5;11426.5
-2;614500;INTARIAN_PEPPER_ROOT;10609;8;10606;21;;;10620;8;;;;;10614.5;48380.0
-2;614600;ASH_COATED_OSMIUM;9988;10;9985;23;;;10004;10;10006;23;;;9996.0;11506.0
-2;614600;INTARIAN_PEPPER_ROOT;10609;10;10606;19;;;10620;10;10623;19;;;10614.5;48380.0
-2;614700;ASH_COATED_OSMIUM;9988;15;9986;20;;;10004;15;10006;20;;;9996.0;11506.0
-2;614700;INTARIAN_PEPPER_ROOT;10606;17;;;;;10621;10;10623;17;;;10613.5;48300.0
-2;614800;ASH_COATED_OSMIUM;9997;10;9988;12;9985;21;10004;12;10006;21;;;10000.5;11709.5
-2;614800;INTARIAN_PEPPER_ROOT;10606;18;;;;;10621;8;10623;18;;;10613.5;48300.0
-2;614900;ASH_COATED_OSMIUM;9988;15;9986;26;;;10004;15;10007;26;;;9996.0;11516.0
-2;614900;INTARIAN_PEPPER_ROOT;10609;8;10606;18;;;10611;5;10621;8;10623;18;10610.0;48020.0
-2;615000;ASH_COATED_OSMIUM;9988;12;9985;22;;;10004;12;;;;;9996.0;11516.0
-2;615000;INTARIAN_PEPPER_ROOT;10607;24;;;;;10623;24;;;;;10615.0;48420.0
-2;615100;ASH_COATED_OSMIUM;9988;11;9986;29;;;10004;11;10007;29;;;9996.0;11516.0
-2;615100;INTARIAN_PEPPER_ROOT;10607;19;;;;;10624;19;;;;;10615.5;48460.0
-2;615200;ASH_COATED_OSMIUM;9988;14;9985;30;;;10004;14;10006;30;;;9996.0;11516.0
-2;615200;INTARIAN_PEPPER_ROOT;10609;11;10607;18;;;10621;11;10624;18;;;10615.0;48420.0
-2;615300;ASH_COATED_OSMIUM;9988;13;9985;20;;;10004;13;10006;20;;;9996.0;11516.0
-2;615300;INTARIAN_PEPPER_ROOT;10607;16;;;;;10624;16;;;;;10615.5;48460.0
-2;615400;ASH_COATED_OSMIUM;9989;14;9986;25;;;10005;14;10007;25;;;9997.0;11559.0
-2;615400;INTARIAN_PEPPER_ROOT;10610;12;;;;;10621;12;;;;;10615.5;48460.0
-2;615500;ASH_COATED_OSMIUM;9989;10;9986;20;;;10005;10;10007;20;;;9997.0;11559.0
-2;615500;INTARIAN_PEPPER_ROOT;10610;12;10607;21;;;10624;21;;;;;10617.0;48580.0
-2;615600;ASH_COATED_OSMIUM;9988;14;;;;;10004;14;10007;21;;;9996.0;11516.0
-2;615600;INTARIAN_PEPPER_ROOT;;;;;;;10621;12;10624;19;;;10621.0;48900.0
-2;615700;ASH_COATED_OSMIUM;9988;13;9986;29;;;10004;13;10007;29;;;9996.0;11516.0
-2;615700;INTARIAN_PEPPER_ROOT;10610;8;10607;25;;;10622;8;10624;25;;;10616.0;48500.0
-2;615800;ASH_COATED_OSMIUM;9988;11;9986;29;;;10004;11;10007;29;;;9996.0;11516.0
-2;615800;INTARIAN_PEPPER_ROOT;10607;24;;;;;10622;9;10624;24;;;10614.5;48380.0
-2;615900;ASH_COATED_OSMIUM;9988;10;;;;;10004;10;10007;21;;;9996.0;11516.0
-2;615900;INTARIAN_PEPPER_ROOT;10610;11;10607;19;;;10622;11;10624;19;;;10616.0;48500.0
-2;616000;ASH_COATED_OSMIUM;9988;14;9986;30;;;10004;14;10007;30;;;9996.0;11516.0
-2;616000;INTARIAN_PEPPER_ROOT;10610;9;10608;17;;;10624;17;;;;;10617.0;48580.0
-2;616100;ASH_COATED_OSMIUM;9988;13;9985;24;;;10004;13;10006;24;;;9996.0;11516.0
-2;616100;INTARIAN_PEPPER_ROOT;10610;9;10608;24;;;10622;9;10625;24;;;10616.0;48500.0
-2;616200;ASH_COATED_OSMIUM;9988;11;9985;27;;;10004;11;;;;;9996.0;11516.0
-2;616200;INTARIAN_PEPPER_ROOT;10610;10;10608;23;;;10622;10;10625;23;;;10616.0;48500.0
-2;616300;ASH_COATED_OSMIUM;;;;;;;10004;15;10006;21;;;10004.0;11860.0
-2;616300;INTARIAN_PEPPER_ROOT;10610;10;10608;15;;;10622;10;10625;15;;;10616.0;48500.0
-2;616400;ASH_COATED_OSMIUM;9988;13;9985;30;;;10006;30;;;;;9997.0;11559.0
-2;616400;INTARIAN_PEPPER_ROOT;10611;9;;;;;10622;9;10625;24;;;10616.5;48540.0
-2;616500;ASH_COATED_OSMIUM;9987;14;9985;22;;;10003;14;;;;;9995.0;11473.0
-2;616500;INTARIAN_PEPPER_ROOT;10611;11;10608;17;;;10622;11;10625;17;;;10616.5;48540.0
-2;616600;ASH_COATED_OSMIUM;9987;15;;;;;9992;6;10003;15;10005;21;9989.5;11221.5
-2;616600;INTARIAN_PEPPER_ROOT;10611;12;10608;19;;;10622;12;10625;19;;;10616.5;48540.0
-2;616700;ASH_COATED_OSMIUM;9987;10;9984;27;;;10005;27;;;;;9996.0;11540.0
-2;616700;INTARIAN_PEPPER_ROOT;10611;9;10608;21;;;10623;9;;;;;10617.0;48580.0
-2;616800;ASH_COATED_OSMIUM;9987;11;9984;30;;;10003;11;10005;30;;;9995.0;11491.0
-2;616800;INTARIAN_PEPPER_ROOT;10611;9;10608;24;;;10623;9;10625;24;;;10617.0;48580.0
-2;616900;ASH_COATED_OSMIUM;9987;13;;;;;10005;22;;;;;9996.0;11540.0
-2;616900;INTARIAN_PEPPER_ROOT;10611;8;10608;16;;;10623;8;10625;16;;;10617.0;48580.0
-2;617000;ASH_COATED_OSMIUM;9996;9;9992;3;9987;11;10003;11;10005;28;;;9999.5;11711.5
-2;617000;INTARIAN_PEPPER_ROOT;;;;;;;10623;11;10625;16;;;10623.0;49060.0
-2;617100;ASH_COATED_OSMIUM;9987;14;9984;20;;;10003;14;;;;;9995.0;11491.0
-2;617100;INTARIAN_PEPPER_ROOT;10611;12;10609;23;;;10623;12;10626;23;;;10617.0;48580.0
-2;617200;ASH_COATED_OSMIUM;9987;10;9985;26;;;10003;10;10005;26;;;9995.0;11491.0
-2;617200;INTARIAN_PEPPER_ROOT;10609;25;;;;;10623;12;10626;25;;;10616.0;48500.0
-2;617300;ASH_COATED_OSMIUM;9987;13;9984;25;;;10003;13;10005;25;;;9995.0;11491.0
-2;617300;INTARIAN_PEPPER_ROOT;10611;9;10609;21;;;10626;21;;;;;10618.5;48700.0
-2;617400;ASH_COATED_OSMIUM;9986;13;;;;;10002;13;;;;;9994.0;11442.0
-2;617400;INTARIAN_PEPPER_ROOT;10612;11;10609;23;;;10623;11;;;;;10617.5;48620.0
-2;617500;ASH_COATED_OSMIUM;9986;13;;;;;10002;13;;;;;9994.0;11442.0
-2;617500;INTARIAN_PEPPER_ROOT;10612;12;;;;;10623;12;10626;15;;;10617.5;48620.0
-2;617600;ASH_COATED_OSMIUM;9987;15;;;;;10005;25;;;;;9996.0;11540.0
-2;617600;INTARIAN_PEPPER_ROOT;10612;12;;;;;10623;12;10626;18;;;10617.5;48620.0
-2;617700;ASH_COATED_OSMIUM;9986;15;9984;25;;;10002;15;10005;25;;;9994.0;11442.0
-2;617700;INTARIAN_PEPPER_ROOT;10615;10;10612;9;10609;23;10624;9;10626;23;;;10619.5;48780.0
-2;617800;ASH_COATED_OSMIUM;9986;11;;;;;9996;5;10005;25;;;9991.0;11295.0
-2;617800;INTARIAN_PEPPER_ROOT;10609;19;;;;;10626;19;;;;;10617.5;48620.0
-2;617900;ASH_COATED_OSMIUM;9986;11;;;;;10002;11;10005;26;;;9994.0;11442.0
-2;617900;INTARIAN_PEPPER_ROOT;10612;12;10609;18;;;10624;12;;;;;10618.0;48660.0
-2;618000;ASH_COATED_OSMIUM;9984;21;;;;;10002;14;;;;;9993.0;11393.0
-2;618000;INTARIAN_PEPPER_ROOT;10612;11;10610;25;;;10624;11;10626;25;;;10618.0;48660.0
-2;618100;ASH_COATED_OSMIUM;9984;27;;;;;10005;27;;;;;9994.5;11466.5
-2;618100;INTARIAN_PEPPER_ROOT;10612;8;10610;18;;;10624;8;10627;18;;;10618.0;48660.0
-2;618200;ASH_COATED_OSMIUM;9986;10;9984;26;;;10002;10;10005;26;;;9994.0;11442.0
-2;618200;INTARIAN_PEPPER_ROOT;10612;10;10610;20;;;10624;10;10627;20;;;10618.0;48660.0
-2;618300;ASH_COATED_OSMIUM;9987;11;9984;23;;;10003;11;10005;23;;;9995.0;11491.0
-2;618300;INTARIAN_PEPPER_ROOT;10612;9;10610;17;;;10624;9;10627;17;;;10618.0;48660.0
-2;618400;ASH_COATED_OSMIUM;9987;14;9984;29;;;10003;14;10005;29;;;9995.0;11491.0
-2;618400;INTARIAN_PEPPER_ROOT;10610;19;;;;;10624;12;;;;;10617.0;48580.0
-2;618500;ASH_COATED_OSMIUM;;;;;;;10003;13;;;;;10003.0;11883.0
-2;618500;INTARIAN_PEPPER_ROOT;10613;8;10610;21;;;10627;21;;;;;10620.0;48820.0
-2;618600;ASH_COATED_OSMIUM;9988;10;9985;30;;;10006;30;;;;;9997.0;11589.0
-2;618600;INTARIAN_PEPPER_ROOT;10613;10;10610;17;;;10624;10;10627;17;;;10618.5;48700.0
-2;618700;ASH_COATED_OSMIUM;9988;13;9985;24;;;10004;13;10006;24;;;9996.0;11540.0
-2;618700;INTARIAN_PEPPER_ROOT;10613;11;10610;16;;;10625;11;10627;16;;;10619.0;48740.0
-2;618800;ASH_COATED_OSMIUM;9987;13;9985;23;;;;;;;;;9987.0;11099.0
-2;618800;INTARIAN_PEPPER_ROOT;10613;9;10610;15;;;10625;9;10627;15;;;10619.0;48740.0
-2;618900;ASH_COATED_OSMIUM;9987;10;9984;27;;;10003;10;10005;27;;;9995.0;11491.0
-2;618900;INTARIAN_PEPPER_ROOT;10610;18;;;;;10627;18;;;;;10618.5;48700.0
-2;619000;ASH_COATED_OSMIUM;9987;14;9984;25;;;10003;14;10005;25;;;9995.0;11491.0
-2;619000;INTARIAN_PEPPER_ROOT;10613;11;10611;22;;;10625;11;10627;22;;;10619.0;48740.0
-2;619100;ASH_COATED_OSMIUM;9987;10;9985;27;;;10003;10;10006;27;;;9995.0;11491.0
-2;619100;INTARIAN_PEPPER_ROOT;10613;10;10611;21;;;10625;10;10628;21;;;10619.0;48740.0
-2;619200;ASH_COATED_OSMIUM;9987;12;9985;26;;;10003;12;10006;26;;;9995.0;11491.0
-2;619200;INTARIAN_PEPPER_ROOT;;;;;;;10625;9;10628;16;;;10625.0;49220.0
-2;619300;ASH_COATED_OSMIUM;9984;20;;;;;10005;20;;;;;9994.5;11466.5
-2;619300;INTARIAN_PEPPER_ROOT;10613;12;;;;;10625;12;;;;;10619.0;48740.0
-2;619400;ASH_COATED_OSMIUM;9987;13;9984;28;;;10003;13;10005;28;;;9995.0;11491.0
-2;619400;INTARIAN_PEPPER_ROOT;10611;20;;;;;10625;9;10628;20;;;10618.0;48660.0
-2;619500;ASH_COATED_OSMIUM;9986;15;;;;;10002;15;;;;;9994.0;11442.0
-2;619500;INTARIAN_PEPPER_ROOT;;;;;;;10625;11;10628;18;;;10625.0;49220.0
-2;619600;ASH_COATED_OSMIUM;9987;14;9985;29;;;10006;29;;;;;9996.5;11564.5
-2;619600;INTARIAN_PEPPER_ROOT;10614;12;;;;;10625;12;10628;17;;;10619.5;48780.0
-2;619700;ASH_COATED_OSMIUM;9987;10;;;;;10003;10;10005;30;;;9995.0;11491.0
-2;619700;INTARIAN_PEPPER_ROOT;10614;9;10611;15;;;10626;9;10628;15;;;10620.0;48820.0
-2;619800;ASH_COATED_OSMIUM;9987;14;;;;;10005;30;;;;;9996.0;11540.0
-2;619800;INTARIAN_PEPPER_ROOT;10614;11;10611;15;;;10626;11;;;;;10620.0;48820.0
-2;619900;ASH_COATED_OSMIUM;9984;20;;;;;10003;10;10005;20;;;9993.5;11417.5
-2;619900;INTARIAN_PEPPER_ROOT;10614;12;10611;22;;;10628;22;;;;;10621.0;48900.0
-2;620000;ASH_COATED_OSMIUM;9986;11;;;;;10002;11;10005;24;;;9994.0;11442.0
-2;620000;INTARIAN_PEPPER_ROOT;10614;12;;;;;10626;12;10628;15;;;10620.0;48820.0
-2;620100;ASH_COATED_OSMIUM;9986;13;9984;21;;;10002;13;10005;21;;;9994.0;11442.0
-2;620100;INTARIAN_PEPPER_ROOT;10614;8;10612;21;;;10626;8;10629;21;;;10620.0;48820.0
-2;620200;ASH_COATED_OSMIUM;9984;23;;;;;10002;11;10005;23;;;9993.0;11393.0
-2;620200;INTARIAN_PEPPER_ROOT;10614;11;10612;25;;;10626;11;10629;25;;;10620.0;48820.0
-2;620300;ASH_COATED_OSMIUM;9986;12;9984;21;;;10002;12;10005;21;;;9994.0;11442.0
-2;620300;INTARIAN_PEPPER_ROOT;10612;22;;;;;10626;8;10629;22;;;10619.0;48740.0
-2;620400;ASH_COATED_OSMIUM;9987;12;9984;27;;;10003;12;10005;27;;;9995.0;11491.0
-2;620400;INTARIAN_PEPPER_ROOT;10615;9;10612;22;;;10629;22;;;;;10622.0;48980.0
-2;620500;ASH_COATED_OSMIUM;9987;13;9984;23;;;10003;13;10005;23;;;9995.0;11491.0
-2;620500;INTARIAN_PEPPER_ROOT;10615;12;10612;17;;;10629;17;;;;;10622.0;48980.0
-2;620600;ASH_COATED_OSMIUM;9986;15;9984;24;;;10002;15;10005;24;;;9994.0;11442.0
-2;620600;INTARIAN_PEPPER_ROOT;10615;9;10612;24;;;10629;24;;;;;10622.0;48980.0
-2;620700;ASH_COATED_OSMIUM;9987;10;9984;21;;;10003;10;;;;;9995.0;11491.0
-2;620700;INTARIAN_PEPPER_ROOT;10615;9;10612;16;;;10627;9;10629;16;;;10621.0;48900.0
-2;620800;ASH_COATED_OSMIUM;9987;15;9984;30;;;10003;15;10005;30;;;9995.0;11491.0
-2;620800;INTARIAN_PEPPER_ROOT;10615;11;10612;23;;;10629;23;;;;;10622.0;48980.0
-2;620900;ASH_COATED_OSMIUM;9987;13;9984;21;;;10005;21;;;;;9996.0;11540.0
-2;620900;INTARIAN_PEPPER_ROOT;10615;12;10612;15;;;10627;12;10629;15;;;10621.0;48900.0
-2;621000;ASH_COATED_OSMIUM;9987;15;9984;28;;;10003;15;10005;28;;;9995.0;11491.0
-2;621000;INTARIAN_PEPPER_ROOT;10615;10;10613;22;;;10627;10;10629;22;;;10621.0;48900.0
-2;621100;ASH_COATED_OSMIUM;9986;12;;;;;10002;12;;;;;9994.0;11442.0
-2;621100;INTARIAN_PEPPER_ROOT;10615;9;;;;;10627;9;;;;;10621.0;48900.0
-2;621200;ASH_COATED_OSMIUM;9987;14;9984;22;;;10003;14;10005;22;;;9995.0;11491.0
-2;621200;INTARIAN_PEPPER_ROOT;10615;12;10613;15;;;10627;12;10630;15;;;10621.0;48900.0
-2;621300;ASH_COATED_OSMIUM;9986;11;9984;24;;;10002;11;10005;24;;;9994.0;11442.0
-2;621300;INTARIAN_PEPPER_ROOT;10613;15;;;;;10630;15;;;;;10621.5;48940.0
-2;621400;ASH_COATED_OSMIUM;9986;12;9984;20;;;10002;12;10005;20;;;9994.0;11442.0
-2;621400;INTARIAN_PEPPER_ROOT;10616;11;;;;;10627;11;10630;19;;;10621.5;48940.0
-2;621500;ASH_COATED_OSMIUM;9987;10;9984;28;;;9992;7;10003;10;10005;28;9989.5;11204.0
-2;621500;INTARIAN_PEPPER_ROOT;10616;8;10613;17;;;10627;8;10630;17;;;10621.5;48940.0
-2;621600;ASH_COATED_OSMIUM;9987;11;9984;29;;;10003;11;10005;29;;;9995.0;11512.0
-2;621600;INTARIAN_PEPPER_ROOT;10616;12;10613;20;;;10627;12;10630;20;;;10621.5;48940.0
-2;621700;ASH_COATED_OSMIUM;9987;13;9984;20;;;10005;20;;;;;9996.0;11568.0
-2;621700;INTARIAN_PEPPER_ROOT;10616;11;10613;22;;;10628;11;10630;22;;;10622.0;48980.0
-2;621800;ASH_COATED_OSMIUM;9987;12;;;;;10005;20;;;;;9996.0;11568.0
-2;621800;INTARIAN_PEPPER_ROOT;10616;11;10613;15;;;10628;11;10630;15;;;10622.0;48980.0
-2;621900;ASH_COATED_OSMIUM;9987;12;9984;25;;;10003;12;10005;25;;;9995.0;11512.0
-2;621900;INTARIAN_PEPPER_ROOT;10616;8;10613;18;;;10630;18;;;;;10623.0;49060.0
-2;622000;ASH_COATED_OSMIUM;9987;15;9984;28;;;10003;15;10005;28;;;9995.0;11512.0
-2;622000;INTARIAN_PEPPER_ROOT;10616;11;10614;21;;;10628;11;10630;21;;;10622.0;48980.0
-2;622100;ASH_COATED_OSMIUM;9984;29;;;;;10003;14;10005;29;;;9993.5;11428.0
-2;622100;INTARIAN_PEPPER_ROOT;10614;21;;;;;10631;21;;;;;10622.5;49020.0
-2;622200;ASH_COATED_OSMIUM;9987;10;9984;27;;;10003;10;10005;27;;;9995.0;11512.0
-2;622200;INTARIAN_PEPPER_ROOT;10616;10;10614;19;;;10631;19;;;;;10623.5;49100.0
-2;622300;ASH_COATED_OSMIUM;9986;15;9984;20;;;10005;20;;;;;9995.5;11540.0
-2;622300;INTARIAN_PEPPER_ROOT;;;;;;;10631;16;;;;;10631.0;49700.0
-2;622400;ASH_COATED_OSMIUM;9986;14;9983;30;;;10002;14;;;;;9994.0;11456.0
-2;622400;INTARIAN_PEPPER_ROOT;10617;11;10614;17;;;10628;11;10631;17;;;10622.5;49020.0
-2;622500;ASH_COATED_OSMIUM;9986;13;9983;28;;;10002;13;;;;;9994.0;11456.0
-2;622500;INTARIAN_PEPPER_ROOT;;;;;;;10628;12;10631;25;;;10628.0;49460.0
-2;622600;ASH_COATED_OSMIUM;9986;13;9983;28;;;10002;13;10004;28;;;9994.0;11456.0
-2;622600;INTARIAN_PEPPER_ROOT;10617;10;;;;;10631;23;;;;;10624.0;49140.0
-2;622700;ASH_COATED_OSMIUM;9986;14;9984;30;;;;;;;;;9986.0;11008.0
-2;622700;INTARIAN_PEPPER_ROOT;10625;4;10617;9;10614;20;10629;9;10631;20;;;10627.0;49380.0
-2;622800;ASH_COATED_OSMIUM;9986;14;;;;;10002;14;10005;24;;;9994.0;11456.0
-2;622800;INTARIAN_PEPPER_ROOT;10617;10;;;;;10631;17;;;;;10624.0;49140.0
-2;622900;ASH_COATED_OSMIUM;9983;25;;;;;10002;13;10004;25;;;9992.5;11372.0
-2;622900;INTARIAN_PEPPER_ROOT;10617;10;;;;;10629;10;;;;;10623.0;49060.0
-2;623000;ASH_COATED_OSMIUM;9983;25;;;;;10002;15;10004;25;;;9992.5;11372.0
-2;623000;INTARIAN_PEPPER_ROOT;10617;11;;;;;10631;24;;;;;10624.0;49140.0
-2;623100;ASH_COATED_OSMIUM;9992;4;;;;;10002;11;10005;23;;;9997.0;11624.0
-2;623100;INTARIAN_PEPPER_ROOT;10615;16;;;;;10632;16;;;;;10623.5;49100.0
-2;623200;ASH_COATED_OSMIUM;9984;26;;;;;10002;15;;;;;9993.0;11400.0
-2;623200;INTARIAN_PEPPER_ROOT;10615;19;;;;;10629;9;10632;19;;;10622.0;48980.0
-2;623300;ASH_COATED_OSMIUM;9986;15;9984;27;;;10002;15;;;;;9994.0;11456.0
-2;623300;INTARIAN_PEPPER_ROOT;10617;11;;;;;10629;11;10632;23;;;10623.0;49060.0
-2;623400;ASH_COATED_OSMIUM;9987;10;9984;25;;;10005;25;;;;;9996.0;11568.0
-2;623400;INTARIAN_PEPPER_ROOT;10618;9;10615;16;;;10629;9;;;;;10623.5;49100.0
-2;623500;ASH_COATED_OSMIUM;9987;10;;;;;10003;10;10006;28;;;9995.0;11512.0
-2;623500;INTARIAN_PEPPER_ROOT;10618;10;10615;24;;;10629;10;10632;24;;;10623.5;49100.0
-2;623600;ASH_COATED_OSMIUM;9987;15;9985;27;;;10003;15;10006;27;;;9995.0;11512.0
-2;623600;INTARIAN_PEPPER_ROOT;10618;11;;;;;10629;11;10632;22;;;10623.5;49100.0
-2;623700;ASH_COATED_OSMIUM;9987;15;;;;;10003;15;10005;23;;;9995.0;11512.0
-2;623700;INTARIAN_PEPPER_ROOT;10618;12;10615;18;;;10630;12;10632;18;;;10624.0;49140.0
-2;623800;ASH_COATED_OSMIUM;9987;14;9985;30;;;10003;14;10006;30;;;9995.0;11547.0
-2;623800;INTARIAN_PEPPER_ROOT;10618;8;;;;;10630;8;10632;16;;;10624.0;49140.0
-2;623900;ASH_COATED_OSMIUM;9987;15;9985;27;;;10003;15;10006;27;;;9995.0;11547.0
-2;623900;INTARIAN_PEPPER_ROOT;10618;8;10615;20;;;10630;8;10632;20;;;10624.0;49140.0
-2;624000;ASH_COATED_OSMIUM;;;;;;;10003;11;;;;;10003.0;11955.0
-2;624000;INTARIAN_PEPPER_ROOT;10618;8;10616;25;;;10630;8;10632;25;;;10624.0;49140.0
-2;624100;ASH_COATED_OSMIUM;9987;12;;;;;10003;12;10005;20;;;9995.0;11575.0
-2;624100;INTARIAN_PEPPER_ROOT;10618;12;10616;24;;;10630;12;;;;;10624.0;49140.0
-2;624200;ASH_COATED_OSMIUM;9984;26;;;;;10003;15;10005;26;;;9993.5;11492.5
-2;624200;INTARIAN_PEPPER_ROOT;10618;9;10616;19;;;10630;9;10633;19;;;10624.0;49140.0
-2;624300;ASH_COATED_OSMIUM;9987;13;9985;30;;;10006;30;;;;;9996.5;11657.5
-2;624300;INTARIAN_PEPPER_ROOT;10616;24;;;;;10630;11;10633;24;;;10623.0;49060.0
-2;624400;ASH_COATED_OSMIUM;9985;26;;;;;10006;26;;;;;9995.5;11602.5
-2;624400;INTARIAN_PEPPER_ROOT;10619;11;10616;25;;;10630;11;10633;25;;;10624.5;49180.0
-2;624500;ASH_COATED_OSMIUM;9987;10;9985;25;;;10003;10;10006;25;;;9995.0;11575.0
-2;624500;INTARIAN_PEPPER_ROOT;10619;8;;;;;10630;8;10633;23;;;10624.5;49180.0
-2;624600;ASH_COATED_OSMIUM;9987;13;9984;30;;;10003;13;10005;30;;;9995.0;11575.0
-2;624600;INTARIAN_PEPPER_ROOT;10619;9;;;;;10630;9;10633;15;;;10624.5;49180.0
-2;624700;ASH_COATED_OSMIUM;9988;12;9985;28;;;10004;12;10006;28;;;9996.0;11658.0
-2;624700;INTARIAN_PEPPER_ROOT;10619;12;10616;21;;;10631;12;10633;21;;;10625.0;49220.0
-2;624800;ASH_COATED_OSMIUM;9988;15;9985;22;;;10004;15;10006;22;;;9996.0;11658.0
-2;624800;INTARIAN_PEPPER_ROOT;10619;10;;;;;10631;10;10633;21;;;10625.0;49220.0
-2;624900;ASH_COATED_OSMIUM;9988;14;;;;;10007;20;;;;;9997.5;11734.5
-2;624900;INTARIAN_PEPPER_ROOT;10619;11;;;;;10631;11;10633;25;;;10625.0;49220.0
-2;625000;ASH_COATED_OSMIUM;9988;10;9986;21;;;10007;21;;;;;9997.5;11734.5
-2;625000;INTARIAN_PEPPER_ROOT;10619;11;;;;;10627;9;10631;11;10633;16;10623.0;49060.0
-2;625100;ASH_COATED_OSMIUM;9988;12;9985;22;;;10004;12;10006;22;;;9996.0;11658.0
-2;625100;INTARIAN_PEPPER_ROOT;10619;10;10617;18;;;10631;10;10634;18;;;10625.0;49220.0
-2;625200;ASH_COATED_OSMIUM;9988;13;9985;21;;;10004;13;10006;21;;;9996.0;11658.0
-2;625200;INTARIAN_PEPPER_ROOT;10619;9;10617;19;;;10634;19;;;;;10626.5;49340.0
-2;625300;ASH_COATED_OSMIUM;9988;15;9985;26;;;10006;26;;;;;9997.0;11709.0
-2;625300;INTARIAN_PEPPER_ROOT;10619;9;10617;19;;;10631;9;10634;19;;;10625.0;49220.0
-2;625400;ASH_COATED_OSMIUM;9985;28;;;;;10006;28;;;;;9995.5;11632.5
-2;625400;INTARIAN_PEPPER_ROOT;10620;10;10617;25;;;10631;10;10634;25;;;10625.5;49260.0
-2;625500;ASH_COATED_OSMIUM;9988;11;;;;;9997;2;10004;11;10006;30;9992.5;11479.5
-2;625500;INTARIAN_PEPPER_ROOT;10617;24;;;;;10631;12;10634;24;;;10624.0;49140.0
-2;625600;ASH_COATED_OSMIUM;9988;13;9985;21;;;10006;21;;;;;9997.0;11709.0
-2;625600;INTARIAN_PEPPER_ROOT;10620;11;10617;21;;;10631;11;10634;21;;;10625.5;49260.0
-2;625700;ASH_COATED_OSMIUM;9988;13;9986;24;;;10007;24;;;;;9997.5;11734.5
-2;625700;INTARIAN_PEPPER_ROOT;10617;19;;;;;10632;10;10634;19;;;10624.5;49180.0
-2;625800;ASH_COATED_OSMIUM;9988;10;9986;21;;;10006;21;;;;;9997.0;11709.0
-2;625800;INTARIAN_PEPPER_ROOT;10620;8;10617;19;;;10632;8;10634;19;;;10626.0;49300.0
-2;625900;ASH_COATED_OSMIUM;9988;15;;;;;10004;15;;;;;9996.0;11658.0
-2;625900;INTARIAN_PEPPER_ROOT;10617;18;;;;;10632;11;;;;;10624.5;49180.0
-2;626000;ASH_COATED_OSMIUM;9988;15;9985;26;;;10004;15;10006;26;;;9996.0;11658.0
-2;626000;INTARIAN_PEPPER_ROOT;10618;17;;;;;10634;17;;;;;10626.0;49300.0
-2;626100;ASH_COATED_OSMIUM;9988;10;9985;26;;;10004;10;10006;26;;;9996.0;11658.0
-2;626100;INTARIAN_PEPPER_ROOT;10620;12;10618;18;;;10632;12;;;;;10626.0;49300.0
-2;626200;ASH_COATED_OSMIUM;9988;14;9985;26;;;10004;14;;;;;9996.0;11658.0
-2;626200;INTARIAN_PEPPER_ROOT;10620;12;;;;;10632;12;10635;25;;;10626.0;49300.0
-2;626300;ASH_COATED_OSMIUM;9988;15;9986;25;;;10004;15;;;;;9996.0;11658.0
-2;626300;INTARIAN_PEPPER_ROOT;10618;16;;;;;10632;9;10635;16;;;10625.0;49220.0
-2;626400;ASH_COATED_OSMIUM;9988;13;9986;20;;;10004;13;10007;20;;;9996.0;11658.0
-2;626400;INTARIAN_PEPPER_ROOT;10621;9;10618;19;;;10632;9;10635;19;;;10626.5;49340.0
-2;626500;ASH_COATED_OSMIUM;9988;10;9986;25;;;;;;;;;9988.0;11250.0
-2;626500;INTARIAN_PEPPER_ROOT;10621;11;10618;17;;;10632;11;;;;;10626.5;49340.0
-2;626600;ASH_COATED_OSMIUM;9989;15;9986;23;;;10005;15;10007;23;;;9997.0;11709.0
-2;626600;INTARIAN_PEPPER_ROOT;10621;11;;;;;;;;;;;10621.0;48900.0
-2;626700;ASH_COATED_OSMIUM;9989;10;9986;25;;;10005;10;10007;25;;;9997.0;11709.0
-2;626700;INTARIAN_PEPPER_ROOT;10621;11;;;;;10633;11;10635;15;;;10627.0;49380.0
-2;626800;ASH_COATED_OSMIUM;9986;21;;;;;10005;10;10007;21;;;9995.5;11632.5
-2;626800;INTARIAN_PEPPER_ROOT;10618;17;;;;;10635;17;;;;;10626.5;49340.0
-2;626900;ASH_COATED_OSMIUM;9988;15;9986;23;;;10007;23;;;;;9997.5;11734.5
-2;626900;INTARIAN_PEPPER_ROOT;10618;19;;;;;10633;8;10635;19;;;10625.5;49260.0
-2;627000;ASH_COATED_OSMIUM;9988;11;9986;27;;;10007;27;;;;;9997.5;11734.5
-2;627000;INTARIAN_PEPPER_ROOT;10621;11;10619;17;;;10633;11;10635;17;;;10627.0;49380.0
-2;627100;ASH_COATED_OSMIUM;9986;28;;;;;10004;10;10007;28;;;9995.0;11607.0
-2;627100;INTARIAN_PEPPER_ROOT;10621;10;10619;20;;;10633;10;10636;20;;;10627.0;49380.0
-2;627200;ASH_COATED_OSMIUM;9988;15;9986;25;;;9994;10;10004;15;10007;25;9991.0;11373.0
-2;627200;INTARIAN_PEPPER_ROOT;10619;15;;;;;10633;10;10636;15;;;10626.0;49300.0
-2;627300;ASH_COATED_OSMIUM;9988;11;;;;;10004;11;10007;23;;;9996.0;11678.0
-2;627300;INTARIAN_PEPPER_ROOT;10621;12;10619;16;;;10633;12;10636;16;;;10627.0;49380.0
-2;627400;ASH_COATED_OSMIUM;9988;13;9985;26;;;10004;13;;;;;9996.0;11678.0
-2;627400;INTARIAN_PEPPER_ROOT;10622;11;10619;18;;;10633;11;10636;18;;;10627.5;49420.0
-2;627500;ASH_COATED_OSMIUM;9988;14;9986;29;;;10004;14;10007;29;;;9996.0;11678.0
-2;627500;INTARIAN_PEPPER_ROOT;10622;10;;;;;10633;10;10636;17;;;10627.5;49420.0
-2;627600;ASH_COATED_OSMIUM;9988;12;9985;28;;;10004;12;10006;28;;;9996.0;11678.0
-2;627600;INTARIAN_PEPPER_ROOT;10622;11;10619;24;;;10633;11;10636;24;;;10627.5;49420.0
-2;627700;ASH_COATED_OSMIUM;9988;13;9986;28;;;10004;13;10007;28;;;9996.0;11678.0
-2;627700;INTARIAN_PEPPER_ROOT;10622;9;10619;20;;;10636;20;;;;;10629.0;49540.0
-2;627800;ASH_COATED_OSMIUM;9986;28;;;;;10004;11;;;;;9995.0;11617.0
-2;627800;INTARIAN_PEPPER_ROOT;10622;12;10619;25;;;10634;12;10636;25;;;10628.0;49460.0
-2;627900;ASH_COATED_OSMIUM;9988;11;9986;28;;;10004;11;10007;28;;;9996.0;11678.0
-2;627900;INTARIAN_PEPPER_ROOT;10619;18;;;;;10634;8;10636;18;;;10626.5;49340.0
-2;628000;ASH_COATED_OSMIUM;9988;13;9986;28;;;10004;13;10007;28;;;9996.0;11678.0
-2;628000;INTARIAN_PEPPER_ROOT;10622;12;10620;16;;;10624;4;10634;12;10636;16;10623.0;49060.0
-2;628100;ASH_COATED_OSMIUM;;;;;;;10005;14;10008;22;;;10005.0;12227.0
-2;628100;INTARIAN_PEPPER_ROOT;;;;;;;10637;23;;;;;10637.0;50180.0
-2;628200;ASH_COATED_OSMIUM;9989;10;;;;;10005;10;10007;29;;;9997.0;11739.0
-2;628200;INTARIAN_PEPPER_ROOT;10622;11;10620;25;;;10637;25;;;;;10629.5;49580.0
-2;628300;ASH_COATED_OSMIUM;9989;10;9987;29;;;10005;10;10008;29;;;9997.0;11739.0
-2;628300;INTARIAN_PEPPER_ROOT;10622;8;10620;15;;;10634;8;;;;;10628.0;49460.0
-2;628400;ASH_COATED_OSMIUM;9989;12;;;;;10007;24;;;;;9998.0;11800.0
-2;628400;INTARIAN_PEPPER_ROOT;10620;22;;;;;10634;8;10637;22;;;10627.0;49380.0
-2;628500;ASH_COATED_OSMIUM;9986;30;;;;;10004;11;10007;30;;;9995.0;11617.0
-2;628500;INTARIAN_PEPPER_ROOT;10623;11;10620;23;;;10634;11;10637;23;;;10628.5;49500.0
-2;628600;ASH_COATED_OSMIUM;9988;15;9985;29;;;10004;15;10006;29;;;9996.0;11678.0
-2;628600;INTARIAN_PEPPER_ROOT;10623;8;;;;;10634;8;10637;19;;;10628.5;49500.0
-2;628700;ASH_COATED_OSMIUM;;;;;;;10004;12;;;;;10004.0;12166.0
-2;628700;INTARIAN_PEPPER_ROOT;10631;5;10620;16;;;10635;9;10637;16;;;10633.0;49860.0
-2;628800;ASH_COATED_OSMIUM;9988;13;9985;22;;;10004;13;10006;22;;;9996.0;11678.0
-2;628800;INTARIAN_PEPPER_ROOT;10623;9;10620;24;;;10635;9;10637;24;;;10629.0;49540.0
-2;628900;ASH_COATED_OSMIUM;9988;12;;;;;10004;12;10007;24;;;9996.0;11678.0
-2;628900;INTARIAN_PEPPER_ROOT;10623;8;10620;17;;;10637;17;;;;;10630.0;49620.0
-2;629000;ASH_COATED_OSMIUM;9988;12;9986;30;;;10004;12;;;;;9996.0;11678.0
-2;629000;INTARIAN_PEPPER_ROOT;10623;8;10621;15;;;10635;8;10637;15;;;10629.0;49540.0
-2;629100;ASH_COATED_OSMIUM;9988;13;9985;28;;;10004;13;;;;;9996.0;11678.0
-2;629100;INTARIAN_PEPPER_ROOT;10623;10;10621;18;;;10635;10;10638;18;;;10629.0;49540.0
-2;629200;ASH_COATED_OSMIUM;9988;15;9985;23;;;10006;23;;;;;9997.0;11739.0
-2;629200;INTARIAN_PEPPER_ROOT;10623;11;10621;23;;;10638;23;;;;;10630.5;49660.0
-2;629300;ASH_COATED_OSMIUM;9988;11;;;;;10004;11;10007;25;;;9996.0;11678.0
-2;629300;INTARIAN_PEPPER_ROOT;10623;11;10621;16;;;10635;11;10638;16;;;10629.0;49540.0
-2;629400;ASH_COATED_OSMIUM;9988;13;9986;24;;;10004;13;10007;24;;;9996.0;11678.0
-2;629400;INTARIAN_PEPPER_ROOT;10624;8;10621;23;;;10635;8;10638;23;;;10629.5;49580.0
-2;629500;ASH_COATED_OSMIUM;9985;28;;;;;10004;11;10006;28;;;9994.5;11586.5
-2;629500;INTARIAN_PEPPER_ROOT;10624;9;10621;22;;;10638;22;;;;;10631.0;49700.0
-2;629600;ASH_COATED_OSMIUM;9988;15;9985;24;;;10004;15;;;;;9996.0;11678.0
-2;629600;INTARIAN_PEPPER_ROOT;10624;10;10621;18;;;10635;10;10638;18;;;10629.5;49580.0
-2;629700;ASH_COATED_OSMIUM;9988;12;9985;27;;;10004;12;;;;;9996.0;11678.0
-2;629700;INTARIAN_PEPPER_ROOT;10624;11;10621;18;;;10638;18;;;;;10631.0;49700.0
-2;629800;ASH_COATED_OSMIUM;9988;11;9985;24;;;10004;11;10006;24;;;9996.0;11678.0
-2;629800;INTARIAN_PEPPER_ROOT;10624;12;;;;;10636;12;10638;23;;;10630.0;49620.0
-2;629900;ASH_COATED_OSMIUM;9988;11;9986;27;;;10004;11;10007;27;;;9996.0;11678.0
-2;629900;INTARIAN_PEPPER_ROOT;10624;9;;;;;10632;10;10638;22;;;10628.0;49460.0
-2;630000;ASH_COATED_OSMIUM;9989;14;9986;27;;;10007;27;;;;;9998.0;11800.0
-2;630000;INTARIAN_PEPPER_ROOT;10624;9;10622;19;;;10636;9;10638;19;;;10630.0;49620.0
-2;630100;ASH_COATED_OSMIUM;9989;13;;;;;10008;21;;;;;9998.5;11830.5
-2;630100;INTARIAN_PEPPER_ROOT;10624;12;10622;25;;;10636;12;10639;25;;;10630.0;49620.0
-2;630200;ASH_COATED_OSMIUM;9989;11;9987;26;;;10005;11;10008;26;;;9997.0;11739.0
-2;630200;INTARIAN_PEPPER_ROOT;10624;8;10622;22;;;10636;8;10639;22;;;10630.0;49620.0
-2;630300;ASH_COATED_OSMIUM;9990;15;9987;25;;;10006;15;;;;;9998.0;11800.0
-2;630300;INTARIAN_PEPPER_ROOT;10624;10;10622;16;;;10636;10;10639;16;;;10630.0;49620.0
-2;630400;ASH_COATED_OSMIUM;9990;10;9987;27;;;10006;10;10008;27;;;9998.0;11800.0
-2;630400;INTARIAN_PEPPER_ROOT;10622;15;;;;;10636;11;10639;15;;;10629.0;49540.0
-2;630500;ASH_COATED_OSMIUM;9987;20;;;;;10006;14;10008;20;;;9996.5;11708.5
-2;630500;INTARIAN_PEPPER_ROOT;;;;;;;10639;15;;;;;10639.0;50340.0
-2;630600;ASH_COATED_OSMIUM;9990;15;9987;23;;;;;;;;;9990.0;11312.0
-2;630600;INTARIAN_PEPPER_ROOT;10625;10;10622;23;;;10636;10;10639;23;;;10630.5;49660.0
-2;630700;ASH_COATED_OSMIUM;9990;14;9987;27;;;10006;14;10008;27;;;9998.0;11800.0
-2;630700;INTARIAN_PEPPER_ROOT;10625;12;10622;20;;;10637;12;;;;;10631.0;49700.0
-2;630800;ASH_COATED_OSMIUM;9987;25;;;;;10006;11;10008;25;;;9996.5;11708.5
-2;630800;INTARIAN_PEPPER_ROOT;10625;12;;;;;10637;12;10639;20;;;10631.0;49700.0
-2;630900;ASH_COATED_OSMIUM;9988;22;;;;;10006;10;10009;22;;;9997.0;11739.0
-2;630900;INTARIAN_PEPPER_ROOT;10625;11;10622;25;;;10637;11;10639;25;;;10631.0;49700.0
-2;631000;ASH_COATED_OSMIUM;9990;10;9987;20;;;10006;10;10008;20;;;9998.0;11800.0
-2;631000;INTARIAN_PEPPER_ROOT;10623;24;;;;;10637;8;10639;24;;;10630.0;49620.0
-2;631100;ASH_COATED_OSMIUM;9990;11;;;;;10006;11;10008;25;;;9998.0;11800.0
-2;631100;INTARIAN_PEPPER_ROOT;;;;;;;10637;10;10640;23;;;10637.0;50180.0
-2;631200;ASH_COATED_OSMIUM;9990;12;9987;24;;;;;;;;;9990.0;11312.0
-2;631200;INTARIAN_PEPPER_ROOT;10625;10;10623;20;;;10637;10;10640;20;;;10631.0;49700.0
-2;631300;ASH_COATED_OSMIUM;9989;14;;;;;10005;14;10008;29;;;9997.0;11739.0
-2;631300;INTARIAN_PEPPER_ROOT;10623;20;;;;;10637;12;10640;20;;;10630.0;49620.0
-2;631400;ASH_COATED_OSMIUM;9989;15;9987;22;;;10005;15;10008;22;;;9997.0;11739.0
-2;631400;INTARIAN_PEPPER_ROOT;10626;8;10623;15;;;10637;8;;;;;10631.5;49740.0
-2;631500;ASH_COATED_OSMIUM;9989;10;9986;25;;;10005;10;10007;25;;;9997.0;11739.0
-2;631500;INTARIAN_PEPPER_ROOT;10626;11;10623;15;;;10640;15;;;;;10633.0;49860.0
-2;631600;ASH_COATED_OSMIUM;9999;9;9989;14;9987;20;10005;14;10008;20;;;10002.0;12017.0
-2;631600;INTARIAN_PEPPER_ROOT;10626;10;10623;24;;;10637;10;10640;24;;;10631.5;49740.0
-2;631700;ASH_COATED_OSMIUM;9989;11;9987;22;;;10005;11;10008;22;;;9997.0;11757.0
-2;631700;INTARIAN_PEPPER_ROOT;10626;8;10623;22;;;10638;8;;;;;10632.0;49780.0
-2;631800;ASH_COATED_OSMIUM;9989;14;9986;20;;;10005;14;10007;20;;;9997.0;11757.0
-2;631800;INTARIAN_PEPPER_ROOT;10623;23;;;;;10638;9;10640;23;;;10630.5;49660.0
-2;631900;ASH_COATED_OSMIUM;9989;10;9986;27;;;10005;10;;;;;9997.0;11757.0
-2;631900;INTARIAN_PEPPER_ROOT;10626;9;10623;24;;;10638;9;10640;24;;;10632.0;49780.0
-2;632000;ASH_COATED_OSMIUM;9988;14;9986;23;;;10004;14;10007;23;;;9996.0;11705.0
-2;632000;INTARIAN_PEPPER_ROOT;10626;11;10624;22;;;10638;11;;;;;10632.0;49780.0
-2;632100;ASH_COATED_OSMIUM;9989;13;9986;29;;;10005;13;10007;29;;;9997.0;11757.0
-2;632100;INTARIAN_PEPPER_ROOT;10626;9;10624;21;;;10638;9;10641;21;;;10632.0;49780.0
-2;632200;ASH_COATED_OSMIUM;9989;12;;;;;10005;12;10007;24;;;9997.0;11757.0
-2;632200;INTARIAN_PEPPER_ROOT;10626;8;10624;23;;;10638;8;;;;;10632.0;49780.0
-2;632300;ASH_COATED_OSMIUM;9989;12;;;;;10005;12;10007;25;;;9997.0;11757.0
-2;632300;INTARIAN_PEPPER_ROOT;10624;17;;;;;10638;10;10641;17;;;10631.0;49700.0
-2;632400;ASH_COATED_OSMIUM;9989;11;9986;26;;;;;;;;;9989.0;11341.0
-2;632400;INTARIAN_PEPPER_ROOT;10624;20;;;;;10638;10;;;;;10631.0;49700.0
-2;632500;ASH_COATED_OSMIUM;9988;10;9986;26;;;;;;;;;9988.0;11289.0
-2;632500;INTARIAN_PEPPER_ROOT;10627;10;10624;15;;;10638;10;10641;15;;;10632.5;49820.0
-2;632600;ASH_COATED_OSMIUM;9989;14;;;;;10005;14;10007;22;;;9997.0;11757.0
-2;632600;INTARIAN_PEPPER_ROOT;10627;8;10624;20;;;10641;20;;;;;10634.0;49940.0
-2;632700;ASH_COATED_OSMIUM;9989;15;9986;27;;;10005;15;10007;27;;;9997.0;11757.0
-2;632700;INTARIAN_PEPPER_ROOT;10627;9;10624;15;;;10639;9;;;;;10633.0;49860.0
-2;632800;ASH_COATED_OSMIUM;9989;14;9986;30;;;10005;14;10007;30;;;9997.0;11757.0
-2;632800;INTARIAN_PEPPER_ROOT;10627;11;;;;;10639;11;10641;23;;;10633.0;49860.0
-2;632900;ASH_COATED_OSMIUM;9989;14;;;;;10005;14;10008;22;;;9997.0;11757.0
-2;632900;INTARIAN_PEPPER_ROOT;10624;24;;;;;10639;12;10641;24;;;10631.5;49740.0
-2;633000;ASH_COATED_OSMIUM;;;;;;;10005;14;10008;27;;;10005.0;12173.0
-2;633000;INTARIAN_PEPPER_ROOT;10625;17;;;;;10639;10;10641;17;;;10632.0;49780.0
-2;633100;ASH_COATED_OSMIUM;9989;14;9987;21;;;10005;14;10008;21;;;9997.0;11757.0
-2;633100;INTARIAN_PEPPER_ROOT;10625;17;;;;;10639;12;;;;;10632.0;49780.0
-2;633200;ASH_COATED_OSMIUM;9987;21;;;;;10005;14;10008;21;;;9996.0;11705.0
-2;633200;INTARIAN_PEPPER_ROOT;10627;9;;;;;10639;9;10642;16;;;10633.0;49860.0
-2;633300;ASH_COATED_OSMIUM;9995;4;9989;13;9987;21;10005;13;;;;;10000.0;11913.0
-2;633300;INTARIAN_PEPPER_ROOT;10627;12;10625;25;;;10639;12;10642;25;;;10633.0;49860.0
-2;633400;ASH_COATED_OSMIUM;9989;12;;;;;10008;20;;;;;9998.5;11835.0
-2;633400;INTARIAN_PEPPER_ROOT;10628;11;10625;23;;;10639;11;10642;23;;;10633.5;49900.0
-2;633500;ASH_COATED_OSMIUM;9990;12;9987;24;;;10008;24;;;;;9999.0;11861.0
-2;633500;INTARIAN_PEPPER_ROOT;10628;9;;;;;10639;9;10642;18;;;10633.5;49900.0
-2;633600;ASH_COATED_OSMIUM;9990;12;9987;20;;;10006;12;;;;;9998.0;11809.0
-2;633600;INTARIAN_PEPPER_ROOT;10628;9;;;;;10639;9;10642;16;;;10633.5;49900.0
-2;633700;ASH_COATED_OSMIUM;9989;14;9987;30;;;10005;14;10008;30;;;9997.0;11757.0
-2;633700;INTARIAN_PEPPER_ROOT;10628;8;10625;18;;;10630;4;10640;8;10642;18;10629.0;49540.0
-2;633800;ASH_COATED_OSMIUM;9989;10;9986;25;;;10007;25;;;;;9998.0;11809.0
-2;633800;INTARIAN_PEPPER_ROOT;10628;8;10625;19;;;10640;8;;;;;10634.0;49940.0
-2;633900;ASH_COATED_OSMIUM;9990;12;9987;23;;;9999;5;10006;12;10008;23;9994.5;11627.0
-2;633900;INTARIAN_PEPPER_ROOT;10628;8;10625;17;;;10642;17;;;;;10635.0;50020.0
-2;634000;ASH_COATED_OSMIUM;9987;29;;;;;10006;15;10008;29;;;9996.5;11731.0
-2;634000;INTARIAN_PEPPER_ROOT;10626;18;;;;;10640;10;;;;;10633.0;49860.0
-2;634100;ASH_COATED_OSMIUM;9990;11;9987;25;;;10006;11;10008;25;;;9998.0;11809.0
-2;634100;INTARIAN_PEPPER_ROOT;10628;10;10626;19;;;10640;10;10643;19;;;10634.0;49940.0
-2;634200;ASH_COATED_OSMIUM;9990;15;9987;27;;;10008;27;;;;;9999.0;11861.0
-2;634200;INTARIAN_PEPPER_ROOT;10628;11;;;;;10640;11;10643;23;;;10634.0;49940.0
-2;634300;ASH_COATED_OSMIUM;9990;15;;;;;10006;15;10009;22;;;9998.0;11809.0
-2;634300;INTARIAN_PEPPER_ROOT;10628;12;10626;21;;;10640;12;;;;;10634.0;49940.0
-2;634400;ASH_COATED_OSMIUM;;;;;;;10006;10;;;;;10006.0;12225.0
-2;634400;INTARIAN_PEPPER_ROOT;10629;12;10626;20;;;10643;20;;;;;10636.0;50100.0
-2;634500;ASH_COATED_OSMIUM;9988;23;;;;;10006;15;10009;23;;;9997.0;11757.0
-2;634500;INTARIAN_PEPPER_ROOT;10629;9;10626;18;;;10640;9;10643;18;;;10634.5;49980.0
-2;634600;ASH_COATED_OSMIUM;9996;5;9990;13;9988;26;10006;13;10009;26;;;10001.0;11965.0
-2;634600;INTARIAN_PEPPER_ROOT;;;;;;;10640;11;10643;19;;;10640.0;50420.0
-2;634700;ASH_COATED_OSMIUM;9990;15;9988;30;;;10000;2;;;;;9995.0;11653.0
-2;634700;INTARIAN_PEPPER_ROOT;10629;10;10626;18;;;;;;;;;10629.0;49540.0
-2;634800;ASH_COATED_OSMIUM;;;;;;;10006;14;10009;20;;;10006.0;12225.0
-2;634800;INTARIAN_PEPPER_ROOT;10626;23;;;;;10641;8;10643;23;;;10633.5;49900.0
-2;634900;ASH_COATED_OSMIUM;9991;12;9988;20;;;;;;;;;9991.0;11445.0
-2;634900;INTARIAN_PEPPER_ROOT;10629;9;10626;23;;;10641;9;10643;23;;;10635.0;50020.0
-2;635000;ASH_COATED_OSMIUM;9988;21;;;;;10007;10;;;;;9997.5;11859.5
-2;635000;INTARIAN_PEPPER_ROOT;10629;12;10627;25;;;10641;12;10643;25;;;10635.0;50020.0
-2;635100;ASH_COATED_OSMIUM;9991;13;9989;28;;;10010;28;;;;;10000.5;11988.5
-2;635100;INTARIAN_PEPPER_ROOT;10627;15;;;;;10644;15;;;;;10635.5;50060.0
-2;635200;ASH_COATED_OSMIUM;9991;15;9989;25;;;10007;15;10010;25;;;9999.0;11924.0
-2;635200;INTARIAN_PEPPER_ROOT;10629;11;10627;25;;;10641;11;10644;25;;;10635.0;50020.0
-2;635300;ASH_COATED_OSMIUM;9991;10;9989;20;;;;;;;;;9991.0;11580.0
-2;635300;INTARIAN_PEPPER_ROOT;10629;9;10627;23;;;10641;9;10644;23;;;10635.0;50020.0
-2;635400;ASH_COATED_OSMIUM;;;;;;;10007;14;10010;27;;;10007.0;12268.0
-2;635400;INTARIAN_PEPPER_ROOT;10630;9;10627;20;;;10641;9;;;;;10635.5;50060.0
-2;635500;ASH_COATED_OSMIUM;9996;5;9991;13;9988;22;10007;13;10009;22;;;10001.5;12031.5
-2;635500;INTARIAN_PEPPER_ROOT;10630;8;10627;20;;;10641;8;;;;;10635.5;50060.0
-2;635600;ASH_COATED_OSMIUM;9990;12;9988;29;;;10000;4;10009;29;;;9995.0;11752.0
-2;635600;INTARIAN_PEPPER_ROOT;10627;15;;;;;10644;15;;;;;10635.5;50060.0
-2;635700;ASH_COATED_OSMIUM;9990;12;;;;;10006;12;10009;28;;;9998.0;11881.0
-2;635700;INTARIAN_PEPPER_ROOT;10627;16;;;;;10644;16;;;;;10635.5;50060.0
-2;635800;ASH_COATED_OSMIUM;9990;13;9988;21;;;10006;13;10009;21;;;9998.0;11881.0
-2;635800;INTARIAN_PEPPER_ROOT;10630;8;10627;17;;;10642;8;;;;;10636.0;50100.0
-2;635900;ASH_COATED_OSMIUM;9990;12;9988;24;;;10009;24;;;;;9999.5;11945.5
-2;635900;INTARIAN_PEPPER_ROOT;10630;9;10627;18;;;10642;9;10644;18;;;10636.0;50100.0
-2;636000;ASH_COATED_OSMIUM;9990;10;9988;21;;;;;;;;;9990.0;11537.0
-2;636000;INTARIAN_PEPPER_ROOT;10630;10;10628;18;;;10642;10;10644;18;;;10636.0;50100.0
-2;636100;ASH_COATED_OSMIUM;9990;13;9988;22;;;10009;22;;;;;9999.5;11945.5
-2;636100;INTARIAN_PEPPER_ROOT;10628;24;;;;;10642;11;10645;24;;;10635.0;50020.0
-2;636200;ASH_COATED_OSMIUM;9990;13;9988;29;;;10006;13;10009;29;;;9998.0;11881.0
-2;636200;INTARIAN_PEPPER_ROOT;10630;12;10628;21;;;10642;12;10645;21;;;10636.0;50100.0
-2;636300;ASH_COATED_OSMIUM;9990;15;9988;22;;;10009;22;;;;;9999.5;11945.5
-2;636300;INTARIAN_PEPPER_ROOT;10628;20;;;;;10645;20;;;;;10636.5;50140.0
-2;636400;ASH_COATED_OSMIUM;9989;11;9987;30;;;10005;11;10008;30;;;9997.0;11838.0
-2;636400;INTARIAN_PEPPER_ROOT;10631;9;10628;21;;;10642;9;10645;21;;;10636.5;50140.0
-2;636500;ASH_COATED_OSMIUM;9989;14;9987;28;;;10005;14;10008;28;;;9997.0;11838.0
-2;636500;INTARIAN_PEPPER_ROOT;10631;9;;;;;10642;9;;;;;10636.5;50140.0
-2;636600;ASH_COATED_OSMIUM;9989;14;9987;25;;;10005;14;10008;25;;;9997.0;11838.0
-2;636600;INTARIAN_PEPPER_ROOT;10631;11;10628;17;;;10642;11;10645;17;;;10636.5;50140.0
-2;636700;ASH_COATED_OSMIUM;9989;14;9986;22;;;10005;14;10007;22;;;9997.0;11838.0
-2;636700;INTARIAN_PEPPER_ROOT;10631;8;10628;15;;;10643;8;10645;15;;;10637.0;50180.0
-2;636800;ASH_COATED_OSMIUM;;;;;;;10006;11;10008;30;;;10006.0;12225.0
-2;636800;INTARIAN_PEPPER_ROOT;10631;9;10628;25;;;10643;9;10645;25;;;10637.0;50180.0
-2;636900;ASH_COATED_OSMIUM;9989;12;9987;24;;;10005;12;10008;24;;;9997.0;11838.0
-2;636900;INTARIAN_PEPPER_ROOT;10631;9;10628;23;;;10643;9;10645;23;;;10637.0;50180.0
-2;637000;ASH_COATED_OSMIUM;9989;15;9987;24;;;10005;15;10008;24;;;9997.0;11838.0
-2;637000;INTARIAN_PEPPER_ROOT;10631;10;;;;;10643;10;10645;16;;;10637.0;50180.0
-2;637100;ASH_COATED_OSMIUM;9990;12;9987;30;;;10006;12;10008;30;;;9998.0;11881.0
-2;637100;INTARIAN_PEPPER_ROOT;10631;9;10629;22;;;10643;9;10646;22;;;10637.0;50180.0
-2;637200;ASH_COATED_OSMIUM;9989;12;9987;23;;;10008;23;;;;;9998.5;11902.5
-2;637200;INTARIAN_PEPPER_ROOT;10631;12;10629;17;;;10643;12;10646;17;;;10637.0;50180.0
-2;637300;ASH_COATED_OSMIUM;9989;11;9987;28;;;10005;11;10008;28;;;9997.0;11838.0
-2;637300;INTARIAN_PEPPER_ROOT;10631;8;10629;16;;;10643;8;10646;16;;;10637.0;50180.0
-2;637400;ASH_COATED_OSMIUM;9989;11;9987;25;;;10008;25;;;;;9998.5;11919.5
-2;637400;INTARIAN_PEPPER_ROOT;10632;10;10629;15;;;10643;10;10646;15;;;10637.5;50220.0
-2;637500;ASH_COATED_OSMIUM;9989;11;9986;25;;;10005;11;10007;25;;;9997.0;11852.0
-2;637500;INTARIAN_PEPPER_ROOT;10632;8;10629;15;;;10643;8;10646;15;;;10637.5;50220.0
-2;637600;ASH_COATED_OSMIUM;;;;;;;10008;25;;;;;10008.0;12347.0
-2;637600;INTARIAN_PEPPER_ROOT;10632;9;10629;25;;;10646;25;;;;;10639.0;50340.0
-2;637700;ASH_COATED_OSMIUM;9989;15;9986;22;;;10005;15;;;;;9997.0;11852.0
-2;637700;INTARIAN_PEPPER_ROOT;10632;11;10629;24;;;10646;24;;;;;10639.0;50340.0
-2;637800;ASH_COATED_OSMIUM;9989;11;9987;21;;;10005;11;;;;;9997.0;11852.0
-2;637800;INTARIAN_PEPPER_ROOT;;;;;;;10644;11;10646;15;;;10644.0;50740.0
-2;637900;ASH_COATED_OSMIUM;9989;12;9987;27;;;10005;12;10008;27;;;9997.0;11852.0
-2;637900;INTARIAN_PEPPER_ROOT;10632;11;10629;17;;;10644;11;10646;17;;;10638.0;50260.0
-2;638000;ASH_COATED_OSMIUM;9987;21;;;;;10005;10;10008;21;;;9996.0;11871.0
-2;638000;INTARIAN_PEPPER_ROOT;10632;10;10630;19;;;10644;10;10646;19;;;10638.0;50260.0
-2;638100;ASH_COATED_OSMIUM;9989;14;9987;25;;;10005;14;10008;25;;;9997.0;11924.0
-2;638100;INTARIAN_PEPPER_ROOT;10632;12;10630;23;;;10644;12;10647;23;;;10638.0;50260.0
-2;638200;ASH_COATED_OSMIUM;9988;14;9986;30;;;10004;14;10007;30;;;9996.0;11871.0
-2;638200;INTARIAN_PEPPER_ROOT;10632;10;10630;16;;;10644;10;10647;16;;;10638.0;50260.0
-2;638300;ASH_COATED_OSMIUM;9989;14;9986;23;;;10007;23;;;;;9998.0;11977.0
-2;638300;INTARIAN_PEPPER_ROOT;;;;;;;10644;8;;;;;10644.0;50740.0
-2;638400;ASH_COATED_OSMIUM;9988;14;9986;26;;;10007;26;;;;;9997.5;11950.5
-2;638400;INTARIAN_PEPPER_ROOT;10633;12;10630;21;;;10644;12;10647;21;;;10638.5;50300.0
-2;638500;ASH_COATED_OSMIUM;9986;22;;;;;10004;12;10007;22;;;9995.0;11818.0
-2;638500;INTARIAN_PEPPER_ROOT;10630;16;;;;;10644;11;10647;16;;;10637.0;50180.0
-2;638600;ASH_COATED_OSMIUM;9989;13;9986;26;;;10005;13;10007;26;;;9997.0;11924.0
-2;638600;INTARIAN_PEPPER_ROOT;;;;;;;10644;8;10647;22;;;10644.0;50740.0
-2;638700;ASH_COATED_OSMIUM;9988;13;9986;28;;;10004;13;;;;;9996.0;11871.0
-2;638700;INTARIAN_PEPPER_ROOT;10633;11;10630;23;;;10645;11;;;;;10639.0;50340.0
-2;638800;ASH_COATED_OSMIUM;9988;12;9986;20;;;;;;;;;9988.0;11447.0
-2;638800;INTARIAN_PEPPER_ROOT;10630;24;;;;;10645;8;;;;;10637.5;50220.0
-2;638900;ASH_COATED_OSMIUM;9989;10;;;;;10005;10;;;;;9997.0;11924.0
-2;638900;INTARIAN_PEPPER_ROOT;10633;11;10630;22;;;10645;11;10647;22;;;10639.0;50340.0
-2;639000;ASH_COATED_OSMIUM;9989;14;9986;22;;;10007;22;;;;;9998.0;11977.0
-2;639000;INTARIAN_PEPPER_ROOT;10633;11;10631;22;;;10645;11;10647;22;;;10639.0;50340.0
-2;639100;ASH_COATED_OSMIUM;9986;21;;;;;10005;11;;;;;9995.5;11844.5
-2;639100;INTARIAN_PEPPER_ROOT;10633;11;;;;;10645;11;10648;23;;;10639.0;50340.0
-2;639200;ASH_COATED_OSMIUM;9986;29;;;;;10005;10;10007;29;;;9995.5;11844.5
-2;639200;INTARIAN_PEPPER_ROOT;10631;19;;;;;10645;11;;;;;10638.0;50260.0
-2;639300;ASH_COATED_OSMIUM;9989;14;9987;28;;;10005;14;10008;28;;;9997.0;11924.0
-2;639300;INTARIAN_PEPPER_ROOT;10633;8;10631;15;;;10645;8;10648;15;;;10639.0;50340.0
-2;639400;ASH_COATED_OSMIUM;9989;15;9986;29;;;10005;15;10007;29;;;9997.0;11924.0
-2;639400;INTARIAN_PEPPER_ROOT;10631;18;;;;;10645;11;10648;18;;;10638.0;50260.0
-2;639500;ASH_COATED_OSMIUM;9989;15;9987;22;;;10005;15;10008;22;;;9997.0;11924.0
-2;639500;INTARIAN_PEPPER_ROOT;10634;12;10631;23;;;10645;12;10648;23;;;10639.5;50380.0
-2;639600;ASH_COATED_OSMIUM;9989;10;;;;;10008;21;;;;;9998.5;12003.5
-2;639600;INTARIAN_PEPPER_ROOT;10631;22;;;;;10645;11;10648;22;;;10638.0;50260.0
-2;639700;ASH_COATED_OSMIUM;9989;12;9987;23;;;10005;12;;;;;9997.0;11924.0
-2;639700;INTARIAN_PEPPER_ROOT;10634;12;10631;20;;;10646;12;10648;20;;;10640.0;50420.0
-2;639800;ASH_COATED_OSMIUM;9999;8;9989;11;;;10008;23;;;;;10003.5;12232.5
-2;639800;INTARIAN_PEPPER_ROOT;10634;12;10631;21;;;10646;12;;;;;10640.0;50420.0
-2;639900;ASH_COATED_OSMIUM;9989;13;;;;;10005;13;10008;23;;;9997.0;11940.0
-2;639900;INTARIAN_PEPPER_ROOT;10634;8;10631;21;;;10646;8;10648;21;;;10640.0;50420.0
-2;640000;ASH_COATED_OSMIUM;9989;15;9987;20;;;10005;15;10008;20;;;9997.0;11940.0
-2;640000;INTARIAN_PEPPER_ROOT;10634;8;10632;24;;;10636;6;;;;;10635.0;50020.0
-2;640100;ASH_COATED_OSMIUM;9989;15;9986;21;;;10005;15;10007;21;;;9997.0;11940.0
-2;640100;INTARIAN_PEPPER_ROOT;10634;8;10632;25;;;10646;8;10649;25;;;10640.0;50420.0
-2;640200;ASH_COATED_OSMIUM;9989;12;9987;20;;;10005;12;10008;20;;;9997.0;11940.0
-2;640200;INTARIAN_PEPPER_ROOT;10634;12;10632;19;;;;;;;;;10634.0;49940.0
-2;640300;ASH_COATED_OSMIUM;9990;15;9987;20;;;10006;15;10008;20;;;9998.0;11985.0
-2;640300;INTARIAN_PEPPER_ROOT;10634;11;10632;15;;;10642;7;10646;11;;;10638.0;50260.0
-2;640400;ASH_COATED_OSMIUM;9989;14;9987;21;;;10005;14;10008;21;;;9997.0;11940.0
-2;640400;INTARIAN_PEPPER_ROOT;10643;8;10635;12;10632;25;10649;25;;;;;10646.0;50900.0
-2;640500;ASH_COATED_OSMIUM;9989;14;;;;;10005;14;10007;26;;;9997.0;11940.0
-2;640500;INTARIAN_PEPPER_ROOT;10635;8;10632;20;;;10646;8;10649;20;;;10640.5;50460.0
-2;640600;ASH_COATED_OSMIUM;9989;11;9986;27;;;10005;11;10007;27;;;9997.0;11940.0
-2;640600;INTARIAN_PEPPER_ROOT;10635;9;10632;16;;;10646;9;10649;16;;;10640.5;50460.0
-2;640700;ASH_COATED_OSMIUM;9989;15;9987;25;;;10005;15;10008;25;;;9997.0;11940.0
-2;640700;INTARIAN_PEPPER_ROOT;10632;21;;;;;10647;9;10649;21;;;10639.5;50380.0
-2;640800;ASH_COATED_OSMIUM;;;;;;;10005;14;10008;20;;;10005.0;12300.0
-2;640800;INTARIAN_PEPPER_ROOT;;;;;;;10647;11;10649;21;;;10647.0;50980.0
-2;640900;ASH_COATED_OSMIUM;9986;26;;;;;10005;15;10007;26;;;9995.5;11872.5
-2;640900;INTARIAN_PEPPER_ROOT;10635;10;10632;19;;;10647;10;10649;19;;;10641.0;50500.0
-2;641000;ASH_COATED_OSMIUM;9989;14;9986;24;;;10005;14;10007;24;;;9997.0;11940.0
-2;641000;INTARIAN_PEPPER_ROOT;10635;10;10633;24;;;10647;10;10649;24;;;10641.0;50500.0
-2;641100;ASH_COATED_OSMIUM;9989;15;9986;22;;;10005;15;10007;22;;;9997.0;11940.0
-2;641100;INTARIAN_PEPPER_ROOT;10635;9;10633;15;;;10650;15;;;;;10642.5;50620.0
-2;641200;ASH_COATED_OSMIUM;9989;14;9986;21;;;10005;14;;;;;9997.0;11940.0
-2;641200;INTARIAN_PEPPER_ROOT;10635;12;10633;19;;;10647;12;10650;19;;;10641.0;50500.0
-2;641300;ASH_COATED_OSMIUM;;;;;;;10004;14;10006;20;;;10004.0;12255.0
-2;641300;INTARIAN_PEPPER_ROOT;10635;10;10633;25;;;10647;10;10650;25;;;10641.0;50500.0
-2;641400;ASH_COATED_OSMIUM;9988;14;9985;30;;;10004;14;10006;30;;;9996.0;11895.0
-2;641400;INTARIAN_PEPPER_ROOT;10636;8;10633;20;;;10647;8;10650;20;;;10641.5;50540.0
-2;641500;ASH_COATED_OSMIUM;9988;12;9985;28;;;10004;12;10006;28;;;9996.0;11895.0
-2;641500;INTARIAN_PEPPER_ROOT;10636;9;10633;24;;;10647;9;10650;24;;;10641.5;50540.0
-2;641600;ASH_COATED_OSMIUM;9988;10;9986;22;;;9998;4;10004;10;10007;22;9993.0;11760.0
-2;641600;INTARIAN_PEPPER_ROOT;10636;8;;;;;10647;8;10650;22;;;10641.5;50540.0
-2;641700;ASH_COATED_OSMIUM;9988;15;9986;28;;;10004;15;10007;28;;;9996.0;11895.0
-2;641700;INTARIAN_PEPPER_ROOT;10633;24;;;;;10648;9;10650;24;;;10640.5;50460.0
-2;641800;ASH_COATED_OSMIUM;9988;10;;;;;10004;10;10007;20;;;9996.0;11895.0
-2;641800;INTARIAN_PEPPER_ROOT;10636;9;10633;16;;;10648;9;;;;;10642.0;50580.0
-2;641900;ASH_COATED_OSMIUM;9988;14;;;;;10004;14;10006;22;;;9996.0;11895.0
-2;641900;INTARIAN_PEPPER_ROOT;10636;12;10633;16;;;10648;12;10650;16;;;10642.0;50580.0
-2;642000;ASH_COATED_OSMIUM;9986;26;;;;;10004;11;10007;26;;;9995.0;11850.0
-2;642000;INTARIAN_PEPPER_ROOT;10634;16;;;;;10648;12;10650;16;;;10641.0;50500.0
-2;642100;ASH_COATED_OSMIUM;9988;14;9986;28;;;10004;14;10007;28;;;9996.0;11895.0
-2;642100;INTARIAN_PEPPER_ROOT;10636;10;10634;23;;;10651;23;;;;;10643.5;50700.0
-2;642200;ASH_COATED_OSMIUM;9988;15;;;;;10004;15;10006;26;;;9996.0;11895.0
-2;642200;INTARIAN_PEPPER_ROOT;10636;10;10634;21;;;10648;10;10651;21;;;10642.0;50580.0
-2;642300;ASH_COATED_OSMIUM;;;;;;;10003;15;10006;24;;;10003.0;12210.0
-2;642300;INTARIAN_PEPPER_ROOT;10636;11;;;;;10648;11;10651;20;;;10642.0;50580.0
-2;642400;ASH_COATED_OSMIUM;9987;14;;;;;10006;22;;;;;9996.5;11917.5
-2;642400;INTARIAN_PEPPER_ROOT;10637;8;10634;20;;;10648;8;;;;;10642.5;50620.0
-2;642500;ASH_COATED_OSMIUM;9987;14;9985;26;;;;;;;;;9987.0;11490.0
-2;642500;INTARIAN_PEPPER_ROOT;10637;10;10634;15;;;10648;10;10651;15;;;10642.5;50620.0
-2;642600;ASH_COATED_OSMIUM;9985;25;;;;;10003;10;10006;25;;;9994.0;11805.0
-2;642600;INTARIAN_PEPPER_ROOT;10637;12;10634;15;;;10651;15;;;;;10644.0;50740.0
-2;642700;ASH_COATED_OSMIUM;9988;11;;;;;10004;11;10006;28;;;9996.0;11895.0
-2;642700;INTARIAN_PEPPER_ROOT;10637;8;10634;17;;;10651;17;;;;;10644.0;50740.0
-2;642800;ASH_COATED_OSMIUM;9988;10;9986;23;;;10004;10;10007;23;;;9996.0;11937.0
-2;642800;INTARIAN_PEPPER_ROOT;10637;9;10634;16;;;10651;16;;;;;10644.0;50740.0
-2;642900;ASH_COATED_OSMIUM;9986;30;;;;;10007;30;;;;;9996.5;11962.5
-2;642900;INTARIAN_PEPPER_ROOT;10637;9;10634;18;;;10649;9;10651;18;;;10643.0;50660.0
-2;643000;ASH_COATED_OSMIUM;9989;13;9986;28;;;10005;13;10007;28;;;9997.0;11988.0
-2;643000;INTARIAN_PEPPER_ROOT;;;;;;;10649;9;10651;16;;;10649.0;51140.0
-2;643100;ASH_COATED_OSMIUM;9989;11;9986;21;;;10005;11;10007;21;;;9997.0;11988.0
-2;643100;INTARIAN_PEPPER_ROOT;10637;10;10635;21;;;10639;4;10649;10;10652;21;10638.0;50260.0
-2;643200;ASH_COATED_OSMIUM;;;;;;;10005;12;10007;27;;;10005.0;12396.0
-2;643200;INTARIAN_PEPPER_ROOT;10635;20;;;;;10649;12;;;;;10642.0;50580.0
-2;643300;ASH_COATED_OSMIUM;9989;12;;;;;10005;12;10007;25;;;9997.0;11988.0
-2;643300;INTARIAN_PEPPER_ROOT;10637;9;10635;19;;;10649;9;10652;19;;;10643.0;50660.0
-2;643400;ASH_COATED_OSMIUM;9986;27;;;;;;;;;;;9986.0;11427.0
-2;643400;INTARIAN_PEPPER_ROOT;;;;;;;10649;10;10652;15;;;10649.0;51140.0
-2;643500;ASH_COATED_OSMIUM;9988;10;;;;;10004;10;10007;30;;;9996.0;11937.0
-2;643500;INTARIAN_PEPPER_ROOT;10638;12;10635;21;;;10649;12;;;;;10643.5;50700.0
-2;643600;ASH_COATED_OSMIUM;9988;14;9986;23;;;10004;14;10007;23;;;9996.0;11937.0
-2;643600;INTARIAN_PEPPER_ROOT;10638;9;10635;21;;;10649;9;10652;21;;;10643.5;50700.0
-2;643700;ASH_COATED_OSMIUM;9988;12;9985;26;;;10004;12;10006;26;;;9996.0;11937.0
-2;643700;INTARIAN_PEPPER_ROOT;10638;10;10635;20;;;10650;10;10652;20;;;10644.0;50740.0
-2;643800;ASH_COATED_OSMIUM;9997;7;9988;10;9985;28;10006;28;;;;;10001.5;12186.0
-2;643800;INTARIAN_PEPPER_ROOT;10638;11;10635;25;;;10650;11;10652;25;;;10644.0;50740.0
-2;643900;ASH_COATED_OSMIUM;9985;23;;;;;10004;10;;;;;9994.5;11878.0
-2;643900;INTARIAN_PEPPER_ROOT;10638;11;10635;22;;;10650;11;;;;;10644.0;50740.0
-2;644000;ASH_COATED_OSMIUM;9993;3;9987;15;;;10006;27;;;;;9999.5;12098.0
-2;644000;INTARIAN_PEPPER_ROOT;10638;10;10636;21;;;10650;10;10652;21;;;10644.0;50740.0
-2;644100;ASH_COATED_OSMIUM;9987;10;;;;;10003;10;10006;28;;;9995.0;11900.0
-2;644100;INTARIAN_PEPPER_ROOT;10636;21;;;;;10650;11;10653;21;;;10643.0;50660.0
-2;644200;ASH_COATED_OSMIUM;9988;12;9985;29;;;10004;12;10006;29;;;9996.0;11944.0
-2;644200;INTARIAN_PEPPER_ROOT;10638;10;10636;22;;;10650;10;10653;22;;;10644.0;50740.0
-2;644300;ASH_COATED_OSMIUM;9988;11;;;;;10004;11;10007;28;;;9996.0;11958.0
-2;644300;INTARIAN_PEPPER_ROOT;10638;10;;;;;10650;10;;;;;10644.0;50740.0
-2;644400;ASH_COATED_OSMIUM;9988;11;9985;27;;;10004;11;;;;;9996.0;11958.0
-2;644400;INTARIAN_PEPPER_ROOT;10639;12;10636;23;;;10653;23;;;;;10646.0;50900.0
-2;644500;ASH_COATED_OSMIUM;9988;10;9986;21;;;10004;10;10007;21;;;9996.0;11958.0
-2;644500;INTARIAN_PEPPER_ROOT;10639;11;10636;17;;;10650;11;10653;17;;;10644.5;50780.0
-2;644600;ASH_COATED_OSMIUM;9985;29;;;;;10004;10;;;;;9994.5;11895.0
-2;644600;INTARIAN_PEPPER_ROOT;10639;12;10636;24;;;10650;12;10653;24;;;10644.5;50780.0
-2;644700;ASH_COATED_OSMIUM;9985;23;;;;;10004;13;10006;23;;;9994.5;11895.0
-2;644700;INTARIAN_PEPPER_ROOT;10639;8;10636;19;;;10651;8;10653;19;;;10645.0;50820.0
-2;644800;ASH_COATED_OSMIUM;9988;11;9985;22;;;;;;;;;9988.0;11622.0
-2;644800;INTARIAN_PEPPER_ROOT;10639;12;10636;20;;;10651;12;10653;20;;;10645.0;50820.0
-2;644900;ASH_COATED_OSMIUM;9987;15;9985;21;;;10003;15;10006;21;;;9995.0;11916.0
-2;644900;INTARIAN_PEPPER_ROOT;10639;12;10636;22;;;10653;22;;;;;10646.0;50900.0
-2;645000;ASH_COATED_OSMIUM;9988;15;9985;29;;;10004;15;;;;;9996.0;11958.0
-2;645000;INTARIAN_PEPPER_ROOT;;;;;;;10651;10;10653;22;;;10651.0;51300.0
-2;645100;ASH_COATED_OSMIUM;9985;30;;;;;10006;30;;;;;9995.5;11937.0
-2;645100;INTARIAN_PEPPER_ROOT;10637;15;;;;;10651;10;10654;15;;;10644.0;50740.0
-2;645200;ASH_COATED_OSMIUM;9987;14;9985;22;;;10006;22;;;;;9996.5;11979.0
-2;645200;INTARIAN_PEPPER_ROOT;10639;8;10637;15;;;10651;8;10654;15;;;10645.0;50820.0
-2;645300;ASH_COATED_OSMIUM;9988;13;9985;28;;;10004;13;10006;28;;;9996.0;11958.0
-2;645300;INTARIAN_PEPPER_ROOT;10639;12;10637;21;;;10651;12;;;;;10645.0;50820.0
-2;645400;ASH_COATED_OSMIUM;9988;14;9986;21;;;10004;14;10007;21;;;9996.0;11958.0
-2;645400;INTARIAN_PEPPER_ROOT;10637;17;;;;;;;;;;;10637.0;50180.0
-2;645500;ASH_COATED_OSMIUM;9988;14;;;;;10004;14;;;;;9996.0;11958.0
-2;645500;INTARIAN_PEPPER_ROOT;10640;10;10637;21;;;10651;10;10654;21;;;10645.5;50860.0
-2;645600;ASH_COATED_OSMIUM;9989;15;9986;23;;;;;;;;;9989.0;11664.0
-2;645600;INTARIAN_PEPPER_ROOT;10640;8;;;;;10651;8;10654;20;;;10645.5;50860.0
-2;645700;ASH_COATED_OSMIUM;9989;10;9986;29;;;9994;8;10005;10;10007;29;9991.5;11749.0
-2;645700;INTARIAN_PEPPER_ROOT;10640;12;10637;17;;;10652;12;10654;17;;;10646.0;50900.0
-2;645800;ASH_COATED_OSMIUM;;;;;;;10005;12;10007;22;;;10005.0;12414.0
-2;645800;INTARIAN_PEPPER_ROOT;10643;6;10640;9;;;10652;9;;;;;10647.5;51020.0
-2;645900;ASH_COATED_OSMIUM;9989;15;9986;22;;;10005;15;10007;22;;;9997.0;12094.0
-2;645900;INTARIAN_PEPPER_ROOT;10637;17;;;;;10652;12;10654;17;;;10644.5;50780.0
-2;646000;ASH_COATED_OSMIUM;9986;26;;;;;10005;15;10007;26;;;9995.5;12034.0
-2;646000;INTARIAN_PEPPER_ROOT;10640;11;10638;24;;;10652;11;10654;24;;;10646.0;50900.0
-2;646100;ASH_COATED_OSMIUM;9989;13;9986;21;;;10005;13;;;;;9997.0;12094.0
-2;646100;INTARIAN_PEPPER_ROOT;10640;11;10638;25;;;10652;11;10655;25;;;10646.0;50900.0
-2;646200;ASH_COATED_OSMIUM;9989;11;9986;28;;;10005;11;10007;28;;;9997.0;12094.0
-2;646200;INTARIAN_PEPPER_ROOT;10640;8;10638;23;;;10655;23;;;;;10647.5;51020.0
-2;646300;ASH_COATED_OSMIUM;9987;26;;;;;9999;3;10005;15;10008;26;9993.0;11934.0
-2;646300;INTARIAN_PEPPER_ROOT;10640;8;10638;23;;;10655;23;;;;;10647.5;51020.0
-2;646400;ASH_COATED_OSMIUM;9989;12;;;;;10005;12;10008;27;;;9997.0;12094.0
-2;646400;INTARIAN_PEPPER_ROOT;10641;8;10638;20;;;10652;8;10655;20;;;10646.5;50940.0
-2;646500;ASH_COATED_OSMIUM;9988;13;9986;24;;;10004;13;;;;;9996.0;12054.0
-2;646500;INTARIAN_PEPPER_ROOT;10641;10;10638;22;;;10652;10;;;;;10646.5;50940.0
-2;646600;ASH_COATED_OSMIUM;9988;12;9986;25;;;10004;12;10007;25;;;9996.0;12054.0
-2;646600;INTARIAN_PEPPER_ROOT;;;;;;;10652;12;10655;23;;;10652.0;51380.0
-2;646700;ASH_COATED_OSMIUM;9988;15;9986;24;;;10004;15;10007;24;;;9996.0;12054.0
-2;646700;INTARIAN_PEPPER_ROOT;10641;11;;;;;10653;11;10655;24;;;10647.0;50980.0
-2;646800;ASH_COATED_OSMIUM;9988;10;9985;30;;;10004;10;10006;30;;;9996.0;12054.0
-2;646800;INTARIAN_PEPPER_ROOT;10641;11;;;;;10653;11;10655;25;;;10647.0;50980.0
-2;646900;ASH_COATED_OSMIUM;9986;20;;;;;10004;11;10007;20;;;9995.0;12014.0
-2;646900;INTARIAN_PEPPER_ROOT;10641;9;10638;25;;;10655;25;;;;;10648.0;51060.0
-2;647000;ASH_COATED_OSMIUM;9989;13;9986;20;;;10005;13;;;;;9997.0;12094.0
-2;647000;INTARIAN_PEPPER_ROOT;10641;10;10639;19;;;10653;10;10655;19;;;10647.0;50980.0
-2;647100;ASH_COATED_OSMIUM;;;;;;;10008;24;;;;;10008.0;12534.0
-2;647100;INTARIAN_PEPPER_ROOT;10641;11;10639;17;;;10656;17;;;;;10648.5;51100.0
-2;647200;ASH_COATED_OSMIUM;;;;;;;;;;;;;0.0;-387786.0
-2;647200;INTARIAN_PEPPER_ROOT;10641;11;;;;;10653;11;;;;;10647.0;50980.0
-2;647300;ASH_COATED_OSMIUM;9986;20;;;;;10005;11;;;;;9995.5;12034.0
-2;647300;INTARIAN_PEPPER_ROOT;10650;8;10641;8;10639;16;10653;8;10656;16;;;10651.5;51340.0
-2;647400;ASH_COATED_OSMIUM;9987;25;;;;;10005;10;10008;25;;;9996.0;12054.0
-2;647400;INTARIAN_PEPPER_ROOT;10639;21;;;;;10653;11;;;;;10646.0;50900.0
-2;647500;ASH_COATED_OSMIUM;9989;15;9987;30;;;10005;15;10008;30;;;9997.0;12094.0
-2;647500;INTARIAN_PEPPER_ROOT;10642;10;10639;21;;;10656;21;;;;;10649.0;51140.0
-2;647600;ASH_COATED_OSMIUM;9989;15;;;;;10005;15;10007;24;;;9997.0;12094.0
-2;647600;INTARIAN_PEPPER_ROOT;10642;8;10639;16;;;10656;16;;;;;10649.0;51140.0
-2;647700;ASH_COATED_OSMIUM;9989;15;9986;27;;;10005;15;10007;27;;;9997.0;12094.0
-2;647700;INTARIAN_PEPPER_ROOT;10639;22;;;;;10654;8;10656;22;;;10646.5;50940.0
-2;647800;ASH_COATED_OSMIUM;9989;13;9986;27;;;10005;13;10007;27;;;9997.0;12094.0
-2;647800;INTARIAN_PEPPER_ROOT;10642;9;10639;23;;;10656;23;;;;;10649.0;51140.0
-2;647900;ASH_COATED_OSMIUM;9986;20;;;;;10007;20;;;;;9996.5;12074.0
-2;647900;INTARIAN_PEPPER_ROOT;10642;8;10639;16;;;10654;8;10656;16;;;10648.0;51060.0
-2;648000;ASH_COATED_OSMIUM;9985;20;;;;;10004;11;10006;20;;;9994.5;11994.0
-2;648000;INTARIAN_PEPPER_ROOT;;;;;;;10654;10;10656;18;;;10654.0;51540.0
-2;648100;ASH_COATED_OSMIUM;9985;28;;;;;10006;28;;;;;9995.5;12062.5
-2;648100;INTARIAN_PEPPER_ROOT;10642;11;10640;17;;;10654;11;10657;17;;;10648.0;51060.0
-2;648200;ASH_COATED_OSMIUM;9994;2;9988;10;9986;21;10004;10;10007;21;;;9999.0;12192.0
-2;648200;INTARIAN_PEPPER_ROOT;10642;9;10640;18;;;10654;9;10657;18;;;10648.0;51060.0
-2;648300;ASH_COATED_OSMIUM;9988;11;9986;30;;;10004;11;10007;30;;;9996.0;12151.0
-2;648300;INTARIAN_PEPPER_ROOT;10642;9;;;;;10654;9;10657;21;;;10648.0;51060.0
-2;648400;ASH_COATED_OSMIUM;9989;12;;;;;10005;12;10007;27;;;9997.0;12198.0
-2;648400;INTARIAN_PEPPER_ROOT;10643;9;10640;19;;;10657;19;;;;;10650.0;51220.0
-2;648500;ASH_COATED_OSMIUM;9989;15;9986;28;;;10005;15;10007;28;;;9997.0;12198.0
-2;648500;INTARIAN_PEPPER_ROOT;10640;17;;;;;10654;10;10657;17;;;10647.0;50980.0
-2;648600;ASH_COATED_OSMIUM;9988;15;;;;;10004;15;10007;28;;;9996.0;12151.0
-2;648600;INTARIAN_PEPPER_ROOT;10643;12;10640;16;;;10654;12;;;;;10648.5;51100.0
-2;648700;ASH_COATED_OSMIUM;9988;10;9986;29;;;10004;10;10007;29;;;9996.0;12151.0
-2;648700;INTARIAN_PEPPER_ROOT;;;;;;;10655;11;10657;22;;;10655.0;51620.0
-2;648800;ASH_COATED_OSMIUM;9989;15;9986;27;;;10005;15;10007;27;;;9997.0;12233.0
-2;648800;INTARIAN_PEPPER_ROOT;10643;9;10640;18;;;10655;9;;;;;10649.0;51140.0
-2;648900;ASH_COATED_OSMIUM;9989;15;;;;;10005;15;10008;28;;;9997.0;12233.0
-2;648900;INTARIAN_PEPPER_ROOT;10643;11;10640;24;;;10657;24;;;;;10650.0;51220.0
-2;649000;ASH_COATED_OSMIUM;9987;23;;;;;10005;12;10008;23;;;9996.0;12191.0
-2;649000;INTARIAN_PEPPER_ROOT;10643;9;10641;18;;;10655;9;10657;18;;;10649.0;51140.0
-2;649100;ASH_COATED_OSMIUM;9989;12;;;;;;;;;;;9989.0;11897.0
-2;649100;INTARIAN_PEPPER_ROOT;10643;8;10641;24;;;10655;8;10658;24;;;10649.0;51140.0
-2;649200;ASH_COATED_OSMIUM;9989;14;9987;28;;;10005;14;10008;28;;;9997.0;12261.0
-2;649200;INTARIAN_PEPPER_ROOT;10641;23;;;;;10655;8;10658;23;;;10648.0;51060.0
-2;649300;ASH_COATED_OSMIUM;9990;14;9987;26;;;10008;26;;;;;9999.0;12337.0
-2;649300;INTARIAN_PEPPER_ROOT;10643;9;10641;23;;;10658;23;;;;;10650.5;51260.0
-2;649400;ASH_COATED_OSMIUM;9990;15;9987;21;;;10006;15;10008;21;;;9998.0;12299.0
-2;649400;INTARIAN_PEPPER_ROOT;10644;10;10641;24;;;10655;10;10658;24;;;10649.5;51180.0
-2;649500;ASH_COATED_OSMIUM;9989;11;9987;27;;;10005;11;10008;27;;;9997.0;12261.0
-2;649500;INTARIAN_PEPPER_ROOT;10647;12;10644;9;10641;25;10658;25;;;;;10652.5;51420.0
-2;649600;ASH_COATED_OSMIUM;9989;13;;;;;10005;13;;;;;9997.0;12261.0
-2;649600;INTARIAN_PEPPER_ROOT;10644;12;10641;15;;;10655;12;10658;15;;;10649.5;51180.0
-2;649700;ASH_COATED_OSMIUM;9990;13;9987;29;;;10005;13;10008;29;;;9997.5;12280.0
-2;649700;INTARIAN_PEPPER_ROOT;10644;11;;;;;10656;11;;;;;10650.0;51220.0
-2;649800;ASH_COATED_OSMIUM;9989;14;9987;24;;;10005;14;10008;24;;;9997.0;12261.0
-2;649800;INTARIAN_PEPPER_ROOT;10644;8;10641;25;;;10656;8;10658;25;;;10650.0;51220.0
-2;649900;ASH_COATED_OSMIUM;9989;13;9987;25;;;10005;13;10008;25;;;9997.0;12261.0
-2;649900;INTARIAN_PEPPER_ROOT;10644;10;10641;22;;;10656;10;10658;22;;;10650.0;51220.0
-2;650000;ASH_COATED_OSMIUM;9987;23;;;;;10005;14;10008;23;;;9996.0;12223.0
-2;650000;INTARIAN_PEPPER_ROOT;10644;12;10642;23;;;10656;12;10658;23;;;10650.0;51220.0
-2;650100;ASH_COATED_OSMIUM;9989;11;9986;29;;;10005;11;10007;29;;;9997.0;12261.0
-2;650100;INTARIAN_PEPPER_ROOT;10644;10;10642;17;;;10656;10;;;;;10650.0;51220.0
-2;650200;ASH_COATED_OSMIUM;9986;25;;;;;10004;12;;;;;9995.0;12185.0
-2;650200;INTARIAN_PEPPER_ROOT;10644;8;10642;18;;;10656;8;10659;18;;;10650.0;51220.0
-2;650300;ASH_COATED_OSMIUM;9988;13;9986;24;;;10004;13;;;;;9996.0;12223.0
-2;650300;INTARIAN_PEPPER_ROOT;10644;11;10642;16;;;10656;11;10659;16;;;10650.0;51220.0
-2;650400;ASH_COATED_OSMIUM;9988;11;9986;27;;;;;;;;;9988.0;11919.0
-2;650400;INTARIAN_PEPPER_ROOT;10653;3;10642;21;;;10659;21;;;;;10656.0;51700.0
-2;650500;ASH_COATED_OSMIUM;9988;11;9986;23;;;10004;11;10007;23;;;9996.0;12223.0
-2;650500;INTARIAN_PEPPER_ROOT;10645;9;10642;19;;;10656;9;10659;19;;;10650.5;51260.0
-2;650600;ASH_COATED_OSMIUM;9986;26;;;;;10005;10;10007;26;;;9995.5;12204.0
-2;650600;INTARIAN_PEPPER_ROOT;10642;17;;;;;10656;11;10659;17;;;10649.0;51140.0
-2;650700;ASH_COATED_OSMIUM;9988;14;9986;30;;;10004;14;10007;30;;;9996.0;12223.0
-2;650700;INTARIAN_PEPPER_ROOT;10645;8;10642;20;;;10659;20;;;;;10652.0;51380.0
-2;650800;ASH_COATED_OSMIUM;9988;10;9986;23;;;10004;10;10007;23;;;9996.0;12223.0
-2;650800;INTARIAN_PEPPER_ROOT;10645;8;10642;25;;;10657;8;;;;;10651.0;51300.0
-2;650900;ASH_COATED_OSMIUM;9988;15;9986;21;;;10004;15;10007;21;;;9996.0;12223.0
-2;650900;INTARIAN_PEPPER_ROOT;10645;8;;;;;10657;8;10659;21;;;10651.0;51300.0
-2;651000;ASH_COATED_OSMIUM;9988;12;9986;26;;;10004;12;10007;26;;;9996.0;12223.0
-2;651000;INTARIAN_PEPPER_ROOT;10645;11;10643;17;;;10657;11;10659;17;;;10651.0;51300.0
-2;651100;ASH_COATED_OSMIUM;9989;12;9986;22;;;;;;;;;9989.0;11957.0
-2;651100;INTARIAN_PEPPER_ROOT;10643;22;;;;;10660;22;;;;;10651.5;51340.0
-2;651200;ASH_COATED_OSMIUM;9988;12;9986;21;;;10004;12;10007;21;;;9996.0;12223.0
-2;651200;INTARIAN_PEPPER_ROOT;10645;11;10643;21;;;10660;21;;;;;10652.5;51420.0
-2;651300;ASH_COATED_OSMIUM;9985;30;;;;;10004;14;;;;;9994.5;12166.0
-2;651300;INTARIAN_PEPPER_ROOT;10643;22;;;;;10657;9;10660;22;;;10650.0;51220.0
-2;651400;ASH_COATED_OSMIUM;9988;14;9985;23;;;10004;14;10006;23;;;9996.0;12223.0
-2;651400;INTARIAN_PEPPER_ROOT;10646;10;10643;18;;;10657;10;10660;18;;;10651.5;51340.0
-2;651500;ASH_COATED_OSMIUM;9988;13;9985;24;;;10006;24;;;;;9997.0;12261.0
-2;651500;INTARIAN_PEPPER_ROOT;10654;8;10646;10;10643;21;10657;10;10660;21;;;10655.5;51660.0
-2;651600;ASH_COATED_OSMIUM;9997;6;9988;10;9985;28;10004;10;;;;;10000.5;12373.0
-2;651600;INTARIAN_PEPPER_ROOT;10646;12;;;;;10657;12;10660;19;;;10651.5;51340.0
-2;651700;ASH_COATED_OSMIUM;9988;15;9986;29;;;10004;15;10006;29;;;9996.0;12229.0
-2;651700;INTARIAN_PEPPER_ROOT;;;;;;;10658;8;10660;22;;;10658.0;51860.0
-2;651800;ASH_COATED_OSMIUM;9988;14;9985;24;;;10006;24;;;;;9997.0;12261.0
-2;651800;INTARIAN_PEPPER_ROOT;10646;10;10643;17;;;10658;10;10660;17;;;10652.0;51380.0
-2;651900;ASH_COATED_OSMIUM;9988;12;9985;29;;;10004;12;10006;29;;;9996.0;12229.0
-2;651900;INTARIAN_PEPPER_ROOT;10643;23;;;;;10658;11;10660;23;;;10650.5;51260.0
-2;652000;ASH_COATED_OSMIUM;9988;14;9985;23;;;10004;14;;;;;9996.0;12229.0
-2;652000;INTARIAN_PEPPER_ROOT;10646;8;10644;17;;;10658;8;;;;;10652.0;51380.0
-2;652100;ASH_COATED_OSMIUM;9987;11;9985;25;;;10003;11;;;;;9995.0;12197.0
-2;652100;INTARIAN_PEPPER_ROOT;10646;9;10644;25;;;10658;9;10661;25;;;10652.0;51380.0
-2;652200;ASH_COATED_OSMIUM;9988;11;;;;;10006;20;;;;;9997.0;12261.0
-2;652200;INTARIAN_PEPPER_ROOT;10646;10;10644;20;;;10658;10;10661;20;;;10652.0;51380.0
-2;652300;ASH_COATED_OSMIUM;9988;13;9986;21;;;10004;13;10007;21;;;9996.0;12229.0
-2;652300;INTARIAN_PEPPER_ROOT;10646;11;;;;;10658;11;10661;16;;;10652.0;51380.0
-2;652400;ASH_COATED_OSMIUM;9988;15;;;;;10004;15;;;;;9996.0;12229.0
-2;652400;INTARIAN_PEPPER_ROOT;10647;9;10644;18;;;10658;9;10661;18;;;10652.5;51420.0
-2;652500;ASH_COATED_OSMIUM;9988;13;9985;30;;;10004;13;10006;30;;;9996.0;12229.0
-2;652500;INTARIAN_PEPPER_ROOT;10647;8;10644;15;;;10658;8;10661;15;;;10652.5;51420.0
-2;652600;ASH_COATED_OSMIUM;9988;10;9985;23;;;10006;23;;;;;9997.0;12261.0
-2;652600;INTARIAN_PEPPER_ROOT;10647;9;10644;22;;;10658;9;10661;22;;;10652.5;51420.0
-2;652700;ASH_COATED_OSMIUM;9987;15;9985;21;;;10003;15;;;;;9995.0;12197.0
-2;652700;INTARIAN_PEPPER_ROOT;10647;12;10644;18;;;10659;12;10661;18;;;10653.0;51460.0
-2;652800;ASH_COATED_OSMIUM;9985;20;;;;;10003;15;10006;20;;;9994.0;12165.0
-2;652800;INTARIAN_PEPPER_ROOT;10647;9;10644;18;;;;;;;;;10647.0;50980.0
-2;652900;ASH_COATED_OSMIUM;9987;10;9985;28;;;10003;10;;;;;9995.0;12197.0
-2;652900;INTARIAN_PEPPER_ROOT;10647;9;10644;22;;;10659;9;10661;22;;;10653.0;51460.0
-2;653000;ASH_COATED_OSMIUM;9987;12;;;;;10003;12;10006;25;;;9995.0;12197.0
-2;653000;INTARIAN_PEPPER_ROOT;10647;12;10645;24;;;10659;12;10661;24;;;10653.0;51460.0
-2;653100;ASH_COATED_OSMIUM;9988;11;9985;27;;;10004;11;10006;27;;;9996.0;12257.0
-2;653100;INTARIAN_PEPPER_ROOT;10647;10;;;;;10659;10;10662;20;;;10653.0;51460.0
-2;653200;ASH_COATED_OSMIUM;9988;13;9985;21;;;10004;13;10006;21;;;9996.0;12257.0
-2;653200;INTARIAN_PEPPER_ROOT;10645;25;;;;;10659;9;10662;25;;;10652.0;51380.0
-2;653300;ASH_COATED_OSMIUM;9987;14;9985;20;;;10003;14;;;;;9995.0;12229.0
-2;653300;INTARIAN_PEPPER_ROOT;;;;;;;10659;9;10662;24;;;10659.0;51940.0
-2;653400;ASH_COATED_OSMIUM;9987;11;9984;29;;;10003;11;10005;29;;;9995.0;12229.0
-2;653400;INTARIAN_PEPPER_ROOT;10648;8;;;;;10659;8;10662;24;;;10653.5;51500.0
-2;653500;ASH_COATED_OSMIUM;9986;10;9984;30;;;10002;10;10005;30;;;9994.0;12201.0
-2;653500;INTARIAN_PEPPER_ROOT;10648;11;10645;20;;;10659;11;10662;20;;;10653.5;51500.0
-2;653600;ASH_COATED_OSMIUM;9987;13;9984;30;;;10003;13;10005;30;;;9995.0;12229.0
-2;653600;INTARIAN_PEPPER_ROOT;10648;10;10645;25;;;10659;10;10662;25;;;10653.5;51500.0
-2;653700;ASH_COATED_OSMIUM;9986;15;9984;20;;;10002;15;10005;20;;;9994.0;12201.0
-2;653700;INTARIAN_PEPPER_ROOT;10648;10;10645;20;;;10660;10;10662;20;;;10654.0;51540.0
-2;653800;ASH_COATED_OSMIUM;9987;13;9985;23;;;10003;13;10006;23;;;9995.0;12229.0
-2;653800;INTARIAN_PEPPER_ROOT;10648;8;10645;24;;;10660;8;10662;24;;;10654.0;51540.0
-2;653900;ASH_COATED_OSMIUM;9987;12;9984;26;;;10003;12;10005;26;;;9995.0;12229.0
-2;653900;INTARIAN_PEPPER_ROOT;10648;12;10645;15;;;10660;12;10662;15;;;10654.0;51540.0
-2;654000;ASH_COATED_OSMIUM;9985;27;;;;;10003;15;10006;27;;;9994.0;12201.0
-2;654000;INTARIAN_PEPPER_ROOT;10646;16;;;;;10660;12;10662;16;;;10653.0;51460.0
-2;654100;ASH_COATED_OSMIUM;9984;20;;;;;10003;11;10005;20;;;9993.5;12187.0
-2;654100;INTARIAN_PEPPER_ROOT;10646;20;;;;;10660;10;;;;;10653.0;51460.0
-2;654200;ASH_COATED_OSMIUM;9987;15;9985;20;;;10003;15;;;;;9995.0;12229.0
-2;654200;INTARIAN_PEPPER_ROOT;10648;9;10646;21;;;10660;9;10663;21;;;10654.0;51540.0
-2;654300;ASH_COATED_OSMIUM;9988;10;9985;21;;;10004;10;10006;21;;;9996.0;12257.0
-2;654300;INTARIAN_PEPPER_ROOT;10646;21;;;;;10660;10;10663;21;;;10653.0;51460.0
-2;654400;ASH_COATED_OSMIUM;9985;29;;;;;10006;29;;;;;9995.5;12243.0
-2;654400;INTARIAN_PEPPER_ROOT;10649;11;10646;19;;;10663;19;;;;;10656.0;51700.0
-2;654500;ASH_COATED_OSMIUM;9988;14;9986;27;;;10004;14;;;;;9996.0;12257.0
-2;654500;INTARIAN_PEPPER_ROOT;10649;12;10646;16;;;;;;;;;10649.0;51140.0
-2;654600;ASH_COATED_OSMIUM;9986;30;;;;;10004;14;10007;30;;;9995.0;12229.0
-2;654600;INTARIAN_PEPPER_ROOT;10649;12;10646;22;;;10660;12;10663;22;;;10654.5;51580.0
-2;654700;ASH_COATED_OSMIUM;9988;15;9986;22;;;10004;15;;;;;9996.0;12257.0
-2;654700;INTARIAN_PEPPER_ROOT;10649;8;;;;;10663;17;;;;;10656.0;51700.0
-2;654800;ASH_COATED_OSMIUM;9989;12;9986;25;;;10005;12;10007;25;;;9997.0;12285.0
-2;654800;INTARIAN_PEPPER_ROOT;10646;25;;;;;10661;12;10663;25;;;10653.5;51500.0
-2;654900;ASH_COATED_OSMIUM;;;;;;;10004;11;10007;30;;;10004.0;12481.0
-2;654900;INTARIAN_PEPPER_ROOT;10658;6;10649;12;;;10661;12;10663;21;;;10659.5;51980.0
-2;655000;ASH_COATED_OSMIUM;9986;23;;;;;10004;14;10007;23;;;9995.0;12229.0
-2;655000;INTARIAN_PEPPER_ROOT;10649;11;10647;24;;;10663;24;;;;;10656.0;51700.0
-2;655100;ASH_COATED_OSMIUM;9988;10;9986;25;;;9998;4;10004;10;10007;25;9993.0;12173.0
-2;655100;INTARIAN_PEPPER_ROOT;10649;9;10647;15;;;10661;9;10664;15;;;10655.0;51620.0
-2;655200;ASH_COATED_OSMIUM;9988;12;;;;;10004;12;;;;;9996.0;12257.0
-2;655200;INTARIAN_PEPPER_ROOT;10649;8;10647;18;;;10661;8;10664;18;;;10655.0;51620.0
-2;655300;ASH_COATED_OSMIUM;9988;13;;;;;10007;24;;;;;9997.5;12299.0
-2;655300;INTARIAN_PEPPER_ROOT;10649;9;10647;25;;;10661;9;10664;25;;;10655.0;51620.0
-2;655400;ASH_COATED_OSMIUM;9988;11;9986;28;;;10004;11;10007;28;;;9996.0;12257.0
-2;655400;INTARIAN_PEPPER_ROOT;10650;8;10647;23;;;10664;23;;;;;10657.0;51780.0
-2;655500;ASH_COATED_OSMIUM;;;;;;;10003;15;10006;28;;;10003.0;12453.0
-2;655500;INTARIAN_PEPPER_ROOT;10650;9;10647;21;;;10652;6;;;;;10651.0;51300.0
-2;655600;ASH_COATED_OSMIUM;9985;27;;;;;10004;11;10006;27;;;9994.5;12215.0
-2;655600;INTARIAN_PEPPER_ROOT;10650;10;10647;22;;;10661;10;10664;22;;;10655.5;51660.0
-2;655700;ASH_COATED_OSMIUM;9985;29;;;;;;;;;;;9985.0;11949.0
-2;655700;INTARIAN_PEPPER_ROOT;10650;8;10647;18;;;10662;8;;;;;10656.0;51700.0
-2;655800;ASH_COATED_OSMIUM;9988;12;9986;29;;;10004;12;10007;29;;;9996.0;12257.0
-2;655800;INTARIAN_PEPPER_ROOT;10650;11;10647;23;;;10652;7;10662;11;10664;23;10651.0;51300.0
-2;655900;ASH_COATED_OSMIUM;9989;12;;;;;10005;12;;;;;9997.0;12285.0
-2;655900;INTARIAN_PEPPER_ROOT;10647;19;;;;;10664;19;;;;;10655.5;51660.0
-2;656000;ASH_COATED_OSMIUM;9987;21;;;;;10008;21;;;;;9997.5;12299.0
-2;656000;INTARIAN_PEPPER_ROOT;10650;9;10648;23;;;10662;9;;;;;10656.0;51700.0
-2;656100;ASH_COATED_OSMIUM;9990;12;;;;;10006;12;10008;22;;;9998.0;12313.0
-2;656100;INTARIAN_PEPPER_ROOT;10650;8;;;;;10662;8;10665;21;;;10656.0;51700.0
-2;656200;ASH_COATED_OSMIUM;9990;11;9987;30;;;10006;11;10008;30;;;9998.0;12313.0
-2;656200;INTARIAN_PEPPER_ROOT;10648;21;;;;;10662;11;10665;21;;;10655.0;51620.0
-2;656300;ASH_COATED_OSMIUM;9989;14;9987;29;;;10008;29;;;;;9998.5;12327.0
-2;656300;INTARIAN_PEPPER_ROOT;10650;9;;;;;10662;9;10665;25;;;10656.0;51700.0
-2;656400;ASH_COATED_OSMIUM;9989;14;;;;;9999;3;10005;14;10008;27;9994.0;12201.0
-2;656400;INTARIAN_PEPPER_ROOT;10651;8;10648;18;;;10662;8;10665;18;;;10656.5;51740.0
-2;656500;ASH_COATED_OSMIUM;9990;12;;;;;10006;12;10008;28;;;9998.0;12376.0
-2;656500;INTARIAN_PEPPER_ROOT;10651;9;10648;17;;;10662;9;10665;17;;;10656.5;51740.0
-2;656600;ASH_COATED_OSMIUM;9990;14;9987;21;;;10006;14;;;;;9998.0;12376.0
-2;656600;INTARIAN_PEPPER_ROOT;10651;12;10648;25;;;10662;12;10665;25;;;10656.5;51740.0
-2;656700;ASH_COATED_OSMIUM;9990;11;9988;30;;;10009;30;;;;;9999.5;12431.5
-2;656700;INTARIAN_PEPPER_ROOT;10648;16;;;;;10663;11;10665;16;;;10655.5;51660.0
-2;656800;ASH_COATED_OSMIUM;9991;13;9988;28;;;10007;13;10009;28;;;9999.0;12413.0
-2;656800;INTARIAN_PEPPER_ROOT;10654;9;10651;12;;;10665;18;;;;;10659.5;51980.0
-2;656900;ASH_COATED_OSMIUM;9991;12;;;;;10007;12;10009;24;;;9999.0;12413.0
-2;656900;INTARIAN_PEPPER_ROOT;10651;12;;;;;10663;12;10665;18;;;10657.0;51780.0
-2;657000;ASH_COATED_OSMIUM;9991;14;9988;23;;;10007;14;10009;23;;;9999.0;12413.0
-2;657000;INTARIAN_PEPPER_ROOT;10651;12;10649;15;;;10665;15;;;;;10658.0;51860.0
-2;657100;ASH_COATED_OSMIUM;9991;10;9988;21;;;10007;10;10009;21;;;9999.0;12413.0
-2;657100;INTARIAN_PEPPER_ROOT;10649;20;;;;;10663;10;10666;20;;;10656.0;51700.0
-2;657200;ASH_COATED_OSMIUM;9991;11;9988;23;;;10007;11;;;;;9999.0;12413.0
-2;657200;INTARIAN_PEPPER_ROOT;10651;9;10649;17;;;10663;9;10666;17;;;10657.0;51780.0
-2;657300;ASH_COATED_OSMIUM;9996;3;9988;29;;;10006;10;10009;29;;;10001.0;12487.0
-2;657300;INTARIAN_PEPPER_ROOT;10651;9;;;;;10663;9;10666;21;;;10657.0;51780.0
-2;657400;ASH_COATED_OSMIUM;9991;14;9988;25;;;10007;14;10009;25;;;9999.0;12413.0
-2;657400;INTARIAN_PEPPER_ROOT;10652;12;10649;24;;;10663;12;10666;24;;;10657.5;51820.0
-2;657500;ASH_COATED_OSMIUM;9991;14;;;;;10007;14;10009;26;;;9999.0;12413.0
-2;657500;INTARIAN_PEPPER_ROOT;10652;11;10649;18;;;10666;18;;;;;10659.0;51940.0
-2;657600;ASH_COATED_OSMIUM;9991;13;9988;27;;;10009;27;;;;;10000.0;12450.0
-2;657600;INTARIAN_PEPPER_ROOT;10652;12;10649;21;;;10663;12;10666;21;;;10657.5;51820.0
-2;657700;ASH_COATED_OSMIUM;9996;5;9991;15;9988;20;10007;15;10009;20;;;10001.5;12505.5
-2;657700;INTARIAN_PEPPER_ROOT;10652;11;10649;20;;;;;;;;;10652.0;51380.0
-2;657800;ASH_COATED_OSMIUM;9990;10;9988;27;;;10006;10;10009;27;;;9998.0;12376.0
-2;657800;INTARIAN_PEPPER_ROOT;10652;10;10649;19;;;10664;10;;;;;10658.0;51860.0
-2;657900;ASH_COATED_OSMIUM;9990;11;9988;29;;;10006;11;;;;;9998.0;12376.0
-2;657900;INTARIAN_PEPPER_ROOT;10652;9;10649;21;;;10664;9;10666;21;;;10658.0;51860.0
-2;658000;ASH_COATED_OSMIUM;9990;11;9988;29;;;10009;29;;;;;9999.5;12431.5
-2;658000;INTARIAN_PEPPER_ROOT;10650;16;;;;;10666;16;;;;;10658.0;51860.0
-2;658100;ASH_COATED_OSMIUM;9991;14;9988;20;;;10007;14;10009;20;;;9999.0;12413.0
-2;658100;INTARIAN_PEPPER_ROOT;10652;10;10650;23;;;10664;10;;;;;10658.0;51860.0
-2;658200;ASH_COATED_OSMIUM;9991;15;9988;30;;;10000;3;10007;15;;;9995.5;12283.5
-2;658200;INTARIAN_PEPPER_ROOT;10652;10;10650;18;;;10664;10;10667;18;;;10658.0;51860.0
-2;658300;ASH_COATED_OSMIUM;9991;10;9988;30;;;10007;10;10009;30;;;9999.0;12413.0
-2;658300;INTARIAN_PEPPER_ROOT;10652;10;10650;23;;;10667;23;;;;;10659.5;51980.0
-2;658400;ASH_COATED_OSMIUM;9990;13;9988;25;;;10009;25;;;;;9999.5;12431.5
-2;658400;INTARIAN_PEPPER_ROOT;10653;12;10650;15;;;10664;12;10667;15;;;10658.5;51900.0
-2;658500;ASH_COATED_OSMIUM;9990;12;9988;28;;;10006;12;10009;28;;;9998.0;12376.0
-2;658500;INTARIAN_PEPPER_ROOT;;;;;;;10664;12;10667;23;;;10664.0;52340.0
-2;658600;ASH_COATED_OSMIUM;9990;14;;;;;10006;14;10008;25;;;9998.0;12390.0
-2;658600;INTARIAN_PEPPER_ROOT;10653;10;10650;22;;;10664;10;;;;;10658.5;51900.0
-2;658700;ASH_COATED_OSMIUM;9990;15;9988;24;;;10006;15;10009;24;;;9998.0;12390.0
-2;658700;INTARIAN_PEPPER_ROOT;10653;9;10650;21;;;10665;9;10667;21;;;10659.0;51940.0
-2;658800;ASH_COATED_OSMIUM;9987;27;;;;;10006;13;10008;27;;;9996.5;12337.5
-2;658800;INTARIAN_PEPPER_ROOT;10653;12;10650;19;;;10665;12;10667;19;;;10659.0;51940.0
-2;658900;ASH_COATED_OSMIUM;9990;11;9988;24;;;10006;11;10009;24;;;9998.0;12390.0
-2;658900;INTARIAN_PEPPER_ROOT;10653;11;10650;21;;;10665;11;10667;21;;;10659.0;51940.0
-2;659000;ASH_COATED_OSMIUM;9990;15;;;;;10006;15;10009;24;;;9998.0;12390.0
-2;659000;INTARIAN_PEPPER_ROOT;10651;16;;;;;10665;12;10667;16;;;10658.0;51860.0
-2;659100;ASH_COATED_OSMIUM;9991;12;9988;26;;;10007;12;10009;26;;;9999.0;12425.0
-2;659100;INTARIAN_PEPPER_ROOT;10656;3;10653;12;10651;20;;;;;;;10656.0;51700.0
-2;659200;ASH_COATED_OSMIUM;9991;14;9988;30;;;10007;14;;;;;9999.0;12425.0
-2;659200;INTARIAN_PEPPER_ROOT;10653;10;;;;;10665;10;;;;;10659.0;51940.0
-2;659300;ASH_COATED_OSMIUM;9991;11;9988;29;;;10007;11;10009;29;;;9999.0;12425.0
-2;659300;INTARIAN_PEPPER_ROOT;10653;9;10651;21;;;10665;9;10668;21;;;10659.0;51940.0
-2;659400;ASH_COATED_OSMIUM;9991;14;9989;20;;;;;;;;;9991.0;12145.0
-2;659400;INTARIAN_PEPPER_ROOT;10654;12;10651;20;;;;;;;;;10654.0;51540.0
-2;659500;ASH_COATED_OSMIUM;9988;25;;;;;10007;12;10009;25;;;9997.5;12423.5
-2;659500;INTARIAN_PEPPER_ROOT;10654;9;10651;17;;;10665;9;10668;17;;;10659.5;51980.0
-2;659600;ASH_COATED_OSMIUM;10000;6;9991;14;9988;28;10007;14;;;;;10003.5;12648.5
-2;659600;INTARIAN_PEPPER_ROOT;10651;24;;;;;10665;12;10668;24;;;10658.0;51860.0
-2;659700;ASH_COATED_OSMIUM;9991;12;9988;30;;;10007;12;10009;30;;;9999.0;12526.0
-2;659700;INTARIAN_PEPPER_ROOT;10651;22;;;;;10668;22;;;;;10659.5;51980.0
-2;659800;ASH_COATED_OSMIUM;9991;13;9988;25;;;10006;13;10009;25;;;9998.5;12511.0
-2;659800;INTARIAN_PEPPER_ROOT;10654;11;10651;19;;;10666;11;10668;19;;;10660.0;52020.0
-2;659900;ASH_COATED_OSMIUM;9991;12;9988;30;;;10007;12;10009;30;;;9999.0;12526.0
-2;659900;INTARIAN_PEPPER_ROOT;10654;11;;;;;10666;11;10668;25;;;10660.0;52020.0
-2;660000;ASH_COATED_OSMIUM;9988;30;;;;;10007;15;10009;30;;;9997.5;12481.0
-2;660000;INTARIAN_PEPPER_ROOT;10652;24;;;;;10666;10;10668;24;;;10659.0;51940.0
-2;660100;ASH_COATED_OSMIUM;9990;14;;;;;10006;14;10008;30;;;9998.0;12496.0
-2;660100;INTARIAN_PEPPER_ROOT;10654;11;10652;22;;;10666;11;10669;22;;;10660.0;52020.0
-2;660200;ASH_COATED_OSMIUM;9990;12;9988;27;;;10000;2;10006;12;10009;27;9995.0;12406.0
-2;660200;INTARIAN_PEPPER_ROOT;10654;8;10652;24;;;10666;8;;;;;10660.0;52020.0
-2;660300;ASH_COATED_OSMIUM;9991;15;9988;28;;;10007;15;10009;28;;;9999.0;12526.0
-2;660300;INTARIAN_PEPPER_ROOT;10654;11;10652;21;;;10666;11;10669;21;;;10660.0;52020.0
-2;660400;ASH_COATED_OSMIUM;9990;15;9988;21;;;10006;15;;;;;9998.0;12496.0
-2;660400;INTARIAN_PEPPER_ROOT;10655;9;;;;;10666;9;;;;;10660.5;52060.0
-2;660500;ASH_COATED_OSMIUM;9990;12;9988;20;;;10006;12;;;;;9998.0;12496.0
-2;660500;INTARIAN_PEPPER_ROOT;10655;10;10652;20;;;10666;10;10669;20;;;10660.5;52060.0
-2;660600;ASH_COATED_OSMIUM;9990;15;9988;23;;;10006;15;;;;;9998.0;12510.0
-2;660600;INTARIAN_PEPPER_ROOT;10655;8;10652;22;;;10666;8;10669;22;;;10660.5;52060.0
-2;660700;ASH_COATED_OSMIUM;9990;14;9988;29;;;10006;14;10009;29;;;9998.0;12510.0
-2;660700;INTARIAN_PEPPER_ROOT;10655;8;10652;15;;;10667;8;10669;15;;;10661.0;52100.0
-2;660800;ASH_COATED_OSMIUM;9990;12;9988;26;;;10006;12;10009;26;;;9998.0;12510.0
-2;660800;INTARIAN_PEPPER_ROOT;10655;10;10652;23;;;10667;10;10669;23;;;10661.0;52100.0
-2;660900;ASH_COATED_OSMIUM;9990;11;;;;;10006;11;10009;24;;;9998.0;12510.0
-2;660900;INTARIAN_PEPPER_ROOT;10655;8;10652;22;;;10667;8;10669;22;;;10661.0;52100.0
-2;661000;ASH_COATED_OSMIUM;9987;23;;;;;;;;;;;9987.0;12202.0
-2;661000;INTARIAN_PEPPER_ROOT;10655;11;10653;25;;;10667;11;10669;25;;;10661.0;52100.0
-2;661100;ASH_COATED_OSMIUM;9990;13;9988;30;;;10006;13;10009;30;;;9998.0;12510.0
-2;661100;INTARIAN_PEPPER_ROOT;10658;6;10655;11;10653;20;10667;11;;;;;10662.5;52220.0
-2;661200;ASH_COATED_OSMIUM;9988;26;;;;;10006;15;10009;26;;;9997.0;12482.0
-2;661200;INTARIAN_PEPPER_ROOT;10655;9;10653;22;;;10667;9;10670;22;;;10661.0;52100.0
-2;661300;ASH_COATED_OSMIUM;10000;10;9990;13;9988;30;10006;13;;;;;10003.0;12620.0
-2;661300;INTARIAN_PEPPER_ROOT;10655;10;;;;;10667;10;;;;;10661.0;52100.0
-2;661400;ASH_COATED_OSMIUM;9990;13;9987;27;;;10008;27;;;;;9999.0;12548.0
-2;661400;INTARIAN_PEPPER_ROOT;10653;24;;;;;10667;9;10670;24;;;10660.0;52020.0
-2;661500;ASH_COATED_OSMIUM;9990;13;9987;22;;;10006;13;10008;22;;;9998.0;12530.0
-2;661500;INTARIAN_PEPPER_ROOT;10656;8;10653;24;;;10667;8;10670;24;;;10661.5;52140.0
-2;661600;ASH_COATED_OSMIUM;9990;13;9987;29;;;10006;13;;;;;9998.0;12530.0
-2;661600;INTARIAN_PEPPER_ROOT;10656;9;10653;15;;;10667;9;10670;15;;;10661.5;52140.0
-2;661700;ASH_COATED_OSMIUM;9989;10;9987;29;;;10008;29;;;;;9998.5;12539.0
-2;661700;INTARIAN_PEPPER_ROOT;10656;9;10653;18;;;10670;18;;;;;10663.0;52260.0
-2;661800;ASH_COATED_OSMIUM;9989;13;;;;;10005;13;10008;27;;;9997.0;12512.0
-2;661800;INTARIAN_PEPPER_ROOT;10653;19;;;;;10668;9;10670;19;;;10660.5;52060.0
-2;661900;ASH_COATED_OSMIUM;;;;;;;10005;11;10008;23;;;10005.0;12656.0
-2;661900;INTARIAN_PEPPER_ROOT;;;;;;;10668;8;;;;;10668.0;52660.0
-2;662000;ASH_COATED_OSMIUM;9989;11;;;;;10008;24;;;;;9998.5;12539.0
-2;662000;INTARIAN_PEPPER_ROOT;10656;10;;;;;10668;10;;;;;10662.0;52180.0
-2;662100;ASH_COATED_OSMIUM;9990;10;9987;28;;;10006;10;10008;28;;;9998.0;12530.0
-2;662100;INTARIAN_PEPPER_ROOT;10656;12;10654;24;;;10671;24;;;;;10663.5;52300.0
-2;662200;ASH_COATED_OSMIUM;9995;3;9990;10;9987;29;10006;10;10008;29;;;10000.5;12575.0
-2;662200;INTARIAN_PEPPER_ROOT;10656;12;10654;22;;;10668;12;10671;22;;;10662.0;52180.0
-2;662300;ASH_COATED_OSMIUM;9989;15;9987;25;;;10005;15;;;;;9997.0;12533.0
-2;662300;INTARIAN_PEPPER_ROOT;10665;3;10656;10;10654;25;10668;10;10671;25;;;10666.5;52540.0
-2;662400;ASH_COATED_OSMIUM;9989;11;;;;;10005;11;10007;20;;;9997.0;12533.0
-2;662400;INTARIAN_PEPPER_ROOT;10654;20;;;;;10668;12;;;;;10661.0;52100.0
-2;662500;ASH_COATED_OSMIUM;9987;27;;;;;10005;11;10008;27;;;9996.0;12518.0
-2;662500;INTARIAN_PEPPER_ROOT;10657;12;10654;23;;;10668;12;10671;23;;;10662.5;52220.0
-2;662600;ASH_COATED_OSMIUM;9989;15;9987;28;;;10008;28;;;;;9998.5;12555.5
-2;662600;INTARIAN_PEPPER_ROOT;10657;9;10654;23;;;10659;3;10668;9;;;10658.0;51860.0
-2;662700;ASH_COATED_OSMIUM;9987;30;;;;;9999;2;10005;10;;;9993.0;12473.0
-2;662700;INTARIAN_PEPPER_ROOT;10654;24;;;;;10669;11;10671;24;;;10661.5;52140.0
-2;662800;ASH_COATED_OSMIUM;9989;10;9987;27;;;10005;10;10008;27;;;9997.0;12533.0
-2;662800;INTARIAN_PEPPER_ROOT;10657;9;10654;25;;;10669;9;10671;25;;;10663.0;52260.0
-2;662900;ASH_COATED_OSMIUM;9989;10;;;;;10005;10;10008;28;;;9997.0;12533.0
-2;662900;INTARIAN_PEPPER_ROOT;10654;16;;;;;10669;11;10671;16;;;10661.5;52140.0
-2;663000;ASH_COATED_OSMIUM;9989;12;9987;24;;;10005;12;;;;;9997.0;12533.0
-2;663000;INTARIAN_PEPPER_ROOT;10657;11;;;;;10669;11;;;;;10663.0;52260.0
-2;663100;ASH_COATED_OSMIUM;9990;12;9987;29;;;10006;12;10008;29;;;9998.0;12548.0
-2;663100;INTARIAN_PEPPER_ROOT;10657;9;;;;;10669;9;10672;24;;;10663.0;52260.0
-2;663200;ASH_COATED_OSMIUM;9990;13;9987;23;;;10006;13;10008;23;;;9998.0;12548.0
-2;663200;INTARIAN_PEPPER_ROOT;10657;11;10655;18;;;10669;11;10672;18;;;10663.0;52260.0
-2;663300;ASH_COATED_OSMIUM;9987;24;;;;;10006;10;10008;24;;;9996.5;12525.5
-2;663300;INTARIAN_PEPPER_ROOT;10657;12;10655;15;;;10669;12;;;;;10663.0;52260.0
-2;663400;ASH_COATED_OSMIUM;9990;12;9988;28;;;10006;12;10009;28;;;9998.0;12548.0
-2;663400;INTARIAN_PEPPER_ROOT;10658;11;10655;17;;;10665;7;10669;11;10672;17;10661.5;52140.0
-2;663500;ASH_COATED_OSMIUM;9990;15;9987;20;;;10006;15;10008;20;;;9998.0;12548.0
-2;663500;INTARIAN_PEPPER_ROOT;10658;9;;;;;10669;9;10672;15;;;10663.5;52300.0
-2;663600;ASH_COATED_OSMIUM;9990;14;9987;28;;;10006;14;10008;28;;;9998.0;12548.0
-2;663600;INTARIAN_PEPPER_ROOT;10658;9;10655;19;;;10669;9;10672;19;;;10663.5;52300.0
-2;663700;ASH_COATED_OSMIUM;9989;13;;;;;10005;13;10008;26;;;9997.0;12533.0
-2;663700;INTARIAN_PEPPER_ROOT;10658;8;;;;;10665;11;10670;8;;;10661.5;52140.0
-2;663800;ASH_COATED_OSMIUM;9989;11;;;;;10008;26;;;;;9998.5;12555.5
-2;663800;INTARIAN_PEPPER_ROOT;;;;;;;10670;9;10672;15;;;10670.0;52820.0
-2;663900;ASH_COATED_OSMIUM;9990;14;9987;28;;;10006;14;10008;28;;;9998.0;12548.0
-2;663900;INTARIAN_PEPPER_ROOT;10658;10;10655;21;;;10670;10;10672;21;;;10664.0;52340.0
-2;664000;ASH_COATED_OSMIUM;9987;25;;;;;10005;15;10008;25;;;9996.0;12518.0
-2;664000;INTARIAN_PEPPER_ROOT;10658;11;10656;23;;;10670;11;10672;23;;;10664.0;52340.0
-2;664100;ASH_COATED_OSMIUM;9989;13;9987;24;;;10008;24;;;;;9998.5;12555.5
-2;664100;INTARIAN_PEPPER_ROOT;10658;8;10656;15;;;10673;15;;;;;10665.5;52460.0
-2;664200;ASH_COATED_OSMIUM;9989;14;9986;23;;;10007;23;;;;;9998.0;12548.0
-2;664200;INTARIAN_PEPPER_ROOT;10656;15;;;;;10670;12;10673;15;;;10663.0;52260.0
-2;664300;ASH_COATED_OSMIUM;9986;30;;;;;;;;;;;9986.0;12368.0
-2;664300;INTARIAN_PEPPER_ROOT;10658;8;10656;18;;;;;;;;;10658.0;51860.0
-2;664400;ASH_COATED_OSMIUM;9989;15;9987;21;;;10008;21;;;;;9998.5;12555.5
-2;664400;INTARIAN_PEPPER_ROOT;10659;11;10656;24;;;10670;11;10673;24;;;10664.5;52380.0
-2;664500;ASH_COATED_OSMIUM;9989;14;9986;30;;;10005;14;10007;30;;;9997.0;12533.0
-2;664500;INTARIAN_PEPPER_ROOT;10659;11;10656;21;;;10670;11;;;;;10664.5;52380.0
-2;664600;ASH_COATED_OSMIUM;9989;13;;;;;10005;13;10007;22;;;9997.0;12533.0
-2;664600;INTARIAN_PEPPER_ROOT;10659;10;10656;16;;;10670;10;10673;16;;;10664.5;52380.0
-2;664700;ASH_COATED_OSMIUM;9989;10;9986;22;;;10005;10;;;;;9997.0;12533.0
-2;664700;INTARIAN_PEPPER_ROOT;10656;24;;;;;10671;12;10673;24;;;10663.5;52300.0
-2;664800;ASH_COATED_OSMIUM;9988;10;;;;;10004;10;10007;22;;;9996.0;12546.0
-2;664800;INTARIAN_PEPPER_ROOT;10659;11;10656;21;;;10671;11;10673;21;;;10665.0;52420.0
-2;664900;ASH_COATED_OSMIUM;9989;10;9986;21;;;10005;10;10007;21;;;9997.0;12565.0
-2;664900;INTARIAN_PEPPER_ROOT;10659;11;;;;;10671;11;10673;19;;;10665.0;52420.0
-2;665000;ASH_COATED_OSMIUM;9985;25;;;;;9993;8;10004;13;10006;25;9989.0;12381.0
-2;665000;INTARIAN_PEPPER_ROOT;10659;8;10657;22;;;10671;8;;;;;10665.0;52420.0
-2;665100;ASH_COATED_OSMIUM;9988;13;9986;29;;;9994;5;10004;13;10007;29;9991.0;12420.0
-2;665100;INTARIAN_PEPPER_ROOT;10659;10;;;;;10674;20;;;;;10666.5;52540.0
-2;665200;ASH_COATED_OSMIUM;9994;4;9988;12;9986;21;10004;12;10007;21;;;9999.0;12676.0
-2;665200;INTARIAN_PEPPER_ROOT;10659;11;10657;25;;;10671;11;10674;25;;;10665.0;52420.0
-2;665300;ASH_COATED_OSMIUM;9988;13;9985;28;;;10004;13;;;;;9996.0;12580.0
-2;665300;INTARIAN_PEPPER_ROOT;10663;12;10659;11;10657;23;10674;23;;;;;10668.5;52700.0
-2;665400;ASH_COATED_OSMIUM;;;;;;;10004;15;10007;24;;;10004.0;12836.0
-2;665400;INTARIAN_PEPPER_ROOT;10660;12;10657;21;;;10671;12;10674;21;;;10665.5;52460.0
-2;665500;ASH_COATED_OSMIUM;9988;12;9985;24;;;10006;24;;;;;9997.0;12612.0
-2;665500;INTARIAN_PEPPER_ROOT;10660;11;10657;25;;;;;;;;;10660.0;52020.0
-2;665600;ASH_COATED_OSMIUM;9988;13;9985;21;;;10004;13;10006;21;;;9996.0;12580.0
-2;665600;INTARIAN_PEPPER_ROOT;10660;10;10657;24;;;;;;;;;10660.0;52020.0
-2;665700;ASH_COATED_OSMIUM;9986;30;;;;;10004;15;10007;30;;;9995.0;12548.0
-2;665700;INTARIAN_PEPPER_ROOT;10660;12;10657;19;;;10672;12;10674;19;;;10666.0;52500.0
-2;665800;ASH_COATED_OSMIUM;9986;30;;;;;10004;12;10007;30;;;9995.0;12548.0
-2;665800;INTARIAN_PEPPER_ROOT;10660;10;10657;15;;;10672;10;;;;;10666.0;52500.0
-2;665900;ASH_COATED_OSMIUM;9986;27;;;;;10007;27;;;;;9996.5;12596.0
-2;665900;INTARIAN_PEPPER_ROOT;10660;11;10657;24;;;10674;24;;;;;10667.0;52580.0
-2;666000;ASH_COATED_OSMIUM;9989;15;9986;21;;;10005;15;10007;21;;;9997.0;12612.0
-2;666000;INTARIAN_PEPPER_ROOT;10660;11;10658;24;;;10672;11;10674;24;;;10666.0;52500.0
-2;666100;ASH_COATED_OSMIUM;9989;12;9986;23;;;10005;12;10007;23;;;9997.0;12612.0
-2;666100;INTARIAN_PEPPER_ROOT;10660;12;10658;16;;;10672;12;10675;16;;;10666.0;52500.0
-2;666200;ASH_COATED_OSMIUM;9989;13;9986;22;;;10005;13;10007;22;;;9997.0;12612.0
-2;666200;INTARIAN_PEPPER_ROOT;10658;24;;;;;10672;11;10675;24;;;10665.0;52420.0
-2;666300;ASH_COATED_OSMIUM;9986;30;;;;;10007;30;;;;;9996.5;12596.0
-2;666300;INTARIAN_PEPPER_ROOT;10660;9;;;;;10672;9;10675;20;;;10666.0;52500.0
-2;666400;ASH_COATED_OSMIUM;9986;20;;;;;10005;13;10007;20;;;9995.5;12564.0
-2;666400;INTARIAN_PEPPER_ROOT;10661;12;10658;24;;;10672;12;10675;24;;;10666.5;52540.0
-2;666500;ASH_COATED_OSMIUM;9989;13;9986;26;;;10005;13;10007;26;;;9997.0;12612.0
-2;666500;INTARIAN_PEPPER_ROOT;10661;9;10658;20;;;10675;20;;;;;10668.0;52660.0
-2;666600;ASH_COATED_OSMIUM;9989;10;;;;;;;;;;;9989.0;12356.0
-2;666600;INTARIAN_PEPPER_ROOT;;;;;;;10672;12;;;;;10672.0;52980.0
-2;666700;ASH_COATED_OSMIUM;9988;11;9986;28;;;10004;11;10007;28;;;9996.0;12580.0
-2;666700;INTARIAN_PEPPER_ROOT;10661;10;;;;;10675;16;;;;;10668.0;52660.0
-2;666800;ASH_COATED_OSMIUM;9986;27;;;;;10004;13;;;;;9995.0;12548.0
-2;666800;INTARIAN_PEPPER_ROOT;10661;9;10658;20;;;10675;20;;;;;10668.0;52660.0
-2;666900;ASH_COATED_OSMIUM;9988;14;9986;30;;;10004;14;10007;30;;;9996.0;12580.0
-2;666900;INTARIAN_PEPPER_ROOT;10661;10;10658;19;;;10673;10;10675;19;;;10667.0;52580.0
-2;667000;ASH_COATED_OSMIUM;9989;13;;;;;10005;13;10007;28;;;9997.0;12612.0
-2;667000;INTARIAN_PEPPER_ROOT;10661;9;10659;19;;;10673;9;;;;;10667.0;52580.0
-2;667100;ASH_COATED_OSMIUM;9989;11;;;;;;;;;;;9989.0;12356.0
-2;667100;INTARIAN_PEPPER_ROOT;10661;11;10659;15;;;10676;15;;;;;10668.5;52700.0
-2;667200;ASH_COATED_OSMIUM;9989;15;9987;29;;;10005;15;;;;;9997.0;12612.0
-2;667200;INTARIAN_PEPPER_ROOT;10661;10;10659;24;;;10673;10;10676;24;;;10667.0;52580.0
-2;667300;ASH_COATED_OSMIUM;;;;;;;10005;12;10008;29;;;10005.0;12868.0
-2;667300;INTARIAN_PEPPER_ROOT;10659;16;;;;;10673;8;10676;16;;;10666.0;52500.0
-2;667400;ASH_COATED_OSMIUM;9989;15;9987;20;;;10005;15;10008;20;;;9997.0;12612.0
-2;667400;INTARIAN_PEPPER_ROOT;10662;8;10659;25;;;10673;8;10676;25;;;10667.5;52620.0
-2;667500;ASH_COATED_OSMIUM;9988;14;9986;24;;;10004;14;10007;24;;;9996.0;12580.0
-2;667500;INTARIAN_PEPPER_ROOT;10659;17;;;;;;;;;;;10659.0;51940.0
-2;667600;ASH_COATED_OSMIUM;9986;29;;;;;10004;15;10007;29;;;9995.0;12548.0
-2;667600;INTARIAN_PEPPER_ROOT;10659;25;;;;;10673;9;;;;;10666.0;52500.0
-2;667700;ASH_COATED_OSMIUM;9989;11;;;;;10007;30;;;;;9998.0;12644.0
-2;667700;INTARIAN_PEPPER_ROOT;10662;10;10659;25;;;10676;25;;;;;10669.0;52740.0
-2;667800;ASH_COATED_OSMIUM;9988;12;9986;27;;;10004;12;10007;27;;;9996.0;12580.0
-2;667800;INTARIAN_PEPPER_ROOT;10662;9;10659;22;;;10674;9;10676;22;;;10668.0;52660.0
-2;667900;ASH_COATED_OSMIUM;;;;;;;10005;12;10007;21;;;10005.0;12868.0
-2;667900;INTARIAN_PEPPER_ROOT;10662;11;10659;15;;;10674;11;10676;15;;;10668.0;52660.0
-2;668000;ASH_COATED_OSMIUM;;;;;;;;;;;;;0.0;-307292.0
-2;668000;INTARIAN_PEPPER_ROOT;10662;11;10659;20;;;10674;11;10676;20;;;10668.0;52660.0
-2;668100;ASH_COATED_OSMIUM;9986;20;;;;;10007;20;;;;;9996.5;12596.0
-2;668100;INTARIAN_PEPPER_ROOT;10662;12;10660;22;;;10674;12;10677;22;;;10668.0;52660.0
-2;668200;ASH_COATED_OSMIUM;9989;14;9986;22;;;10005;14;10007;22;;;9997.0;12612.0
-2;668200;INTARIAN_PEPPER_ROOT;10660;23;;;;;10674;9;10677;23;;;10667.0;52580.0
-2;668300;ASH_COATED_OSMIUM;9989;12;9986;29;;;10005;12;;;;;9997.0;12612.0
-2;668300;INTARIAN_PEPPER_ROOT;10662;12;10660;23;;;10674;12;;;;;10668.0;52660.0
-2;668400;ASH_COATED_OSMIUM;9987;28;;;;;10005;12;10008;28;;;9996.0;12580.0
-2;668400;INTARIAN_PEPPER_ROOT;10663;9;10660;17;;;10674;9;10677;17;;;10668.5;52700.0
-2;668500;ASH_COATED_OSMIUM;9990;12;9987;20;;;10006;12;10008;20;;;9998.0;12644.0
-2;668500;INTARIAN_PEPPER_ROOT;10663;10;10660;23;;;10674;10;10677;23;;;10668.5;52700.0
-2;668600;ASH_COATED_OSMIUM;9990;11;9988;30;;;10006;11;10009;30;;;9998.0;12644.0
-2;668600;INTARIAN_PEPPER_ROOT;10663;12;10660;16;;;10677;16;;;;;10670.0;52820.0
-2;668700;ASH_COATED_OSMIUM;9990;15;9988;21;;;10006;15;10009;21;;;9998.0;12644.0
-2;668700;INTARIAN_PEPPER_ROOT;10660;16;;;;;10675;9;10677;16;;;10667.5;52620.0
-2;668800;ASH_COATED_OSMIUM;9988;23;;;;;10006;12;10009;23;;;9997.0;12612.0
-2;668800;INTARIAN_PEPPER_ROOT;10660;20;;;;;10675;10;;;;;10667.5;52620.0
-2;668900;ASH_COATED_OSMIUM;9990;15;9988;29;;;10006;15;10009;29;;;9998.0;12644.0
-2;668900;INTARIAN_PEPPER_ROOT;10663;9;10660;23;;;;;;;;;10663.0;52260.0
-2;669000;ASH_COATED_OSMIUM;9990;10;9988;30;;;10009;30;;;;;9999.5;12692.0
-2;669000;INTARIAN_PEPPER_ROOT;10660;23;;;;;10675;8;;;;;10667.5;52620.0
-2;669100;ASH_COATED_OSMIUM;9988;29;;;;;10006;11;10009;29;;;9997.0;12612.0
-2;669100;INTARIAN_PEPPER_ROOT;10663;12;;;;;10675;12;10678;23;;;10669.0;52740.0
-2;669200;ASH_COATED_OSMIUM;9990;12;;;;;10009;22;;;;;9999.5;12692.0
-2;669200;INTARIAN_PEPPER_ROOT;10663;9;10661;19;;;10675;9;10678;19;;;10669.0;52740.0
-2;669300;ASH_COATED_OSMIUM;9990;11;9988;28;;;10006;11;10009;28;;;9998.0;12644.0
-2;669300;INTARIAN_PEPPER_ROOT;10663;10;10661;21;;;10675;10;10678;21;;;10669.0;52740.0
-2;669400;ASH_COATED_OSMIUM;9987;27;;;;;10006;15;;;;;9996.5;12596.0
-2;669400;INTARIAN_PEPPER_ROOT;10664;12;10661;25;;;10675;12;10678;25;;;10669.5;52780.0
-2;669500;ASH_COATED_OSMIUM;9990;11;9987;25;;;10006;11;10008;25;;;9998.0;12644.0
-2;669500;INTARIAN_PEPPER_ROOT;10664;12;;;;;10675;12;10678;16;;;10669.5;52780.0
-2;669600;ASH_COATED_OSMIUM;9987;29;;;;;;;;;;;9987.0;12292.0
-2;669600;INTARIAN_PEPPER_ROOT;10664;10;10661;18;;;10675;10;10678;18;;;10669.5;52780.0
-2;669700;ASH_COATED_OSMIUM;9989;11;9987;25;;;10005;11;10008;25;;;9997.0;12682.0
-2;669700;INTARIAN_PEPPER_ROOT;;;;;;;10676;12;10678;15;;;10676.0;53300.0
-2;669800;ASH_COATED_OSMIUM;;;;;;;10007;21;;;;;10007.0;12902.0
-2;669800;INTARIAN_PEPPER_ROOT;10664;9;10661;18;;;10676;9;10678;18;;;10670.0;52820.0
-2;669900;ASH_COATED_OSMIUM;9989;14;9986;29;;;10005;14;;;;;9997.0;12682.0
-2;669900;INTARIAN_PEPPER_ROOT;10664;12;10661;19;;;10676;12;10678;19;;;10670.0;52820.0
-2;670000;ASH_COATED_OSMIUM;9989;15;9987;25;;;10005;15;10008;25;;;9997.0;12682.0
-2;670000;INTARIAN_PEPPER_ROOT;10664;9;;;;;10679;19;;;;;10671.5;52940.0
-2;670100;ASH_COATED_OSMIUM;9989;11;9987;23;;;10008;23;;;;;9998.5;12715.0
-2;670100;INTARIAN_PEPPER_ROOT;10664;12;10662;15;;;10679;15;;;;;10671.5;52940.0
-2;670200;ASH_COATED_OSMIUM;9986;26;;;;;10005;11;10007;26;;;9995.5;12649.0
-2;670200;INTARIAN_PEPPER_ROOT;10664;9;10662;18;;;10676;9;10679;18;;;10670.0;52820.0
-2;670300;ASH_COATED_OSMIUM;9989;15;9986;25;;;10005;15;10007;25;;;9997.0;12682.0
-2;670300;INTARIAN_PEPPER_ROOT;10664;8;10662;16;;;10679;16;;;;;10671.5;52940.0
-2;670400;ASH_COATED_OSMIUM;9989;14;9986;23;;;10005;14;;;;;9997.0;12682.0
-2;670400;INTARIAN_PEPPER_ROOT;10662;19;;;;;10676;9;;;;;10669.0;52740.0
-2;670500;ASH_COATED_OSMIUM;9989;14;;;;;10007;26;;;;;9998.0;12704.0
-2;670500;INTARIAN_PEPPER_ROOT;10665;12;10662;21;;;10676;12;10679;21;;;10670.5;52860.0
-2;670600;ASH_COATED_OSMIUM;9986;20;;;;;10005;10;10007;20;;;9995.5;12649.0
-2;670600;INTARIAN_PEPPER_ROOT;;;;;;;10676;10;;;;;10676.0;53300.0
-2;670700;ASH_COATED_OSMIUM;9988;11;9985;25;;;10004;11;;;;;9996.0;12660.0
-2;670700;INTARIAN_PEPPER_ROOT;10665;11;10662;21;;;10677;11;10679;21;;;10671.0;52900.0
-2;670800;ASH_COATED_OSMIUM;9988;10;9986;25;;;10004;10;10007;25;;;9996.0;12660.0
-2;670800;INTARIAN_PEPPER_ROOT;10665;10;10662;17;;;10677;10;10679;17;;;10671.0;52900.0
-2;670900;ASH_COATED_OSMIUM;9998;9;9986;24;;;10004;13;10007;24;;;10001.0;12743.0
-2;670900;INTARIAN_PEPPER_ROOT;10665;9;10662;16;;;10677;9;10679;16;;;10671.0;52900.0
-2;671000;ASH_COATED_OSMIUM;9988;10;9986;25;;;10004;10;10007;25;;;9996.0;12678.0
-2;671000;INTARIAN_PEPPER_ROOT;10665;10;10662;15;;;10677;10;10680;15;;;10671.0;52900.0
-2;671100;ASH_COATED_OSMIUM;9988;12;9986;29;;;9998;4;10004;12;10007;29;9993.0;12639.0
-2;671100;INTARIAN_PEPPER_ROOT;10663;21;;;;;10677;9;10680;21;;;10670.0;52820.0
-2;671200;ASH_COATED_OSMIUM;9986;26;;;;;10005;15;10007;26;;;9995.5;12671.5
-2;671200;INTARIAN_PEPPER_ROOT;10665;8;10663;24;;;10677;8;10680;24;;;10671.0;52900.0
-2;671300;ASH_COATED_OSMIUM;9988;12;;;;;10004;12;10006;29;;;9996.0;12678.0
-2;671300;INTARIAN_PEPPER_ROOT;10665;8;10663;15;;;10668;5;10677;8;10680;15;10666.5;52540.0
-2;671400;ASH_COATED_OSMIUM;9988;13;9985;28;;;10004;13;;;;;9996.0;12678.0
-2;671400;INTARIAN_PEPPER_ROOT;10666;8;10663;16;;;10677;8;10680;16;;;10671.5;52940.0
-2;671500;ASH_COATED_OSMIUM;9988;15;9985;30;;;10004;15;10006;30;;;9996.0;12678.0
-2;671500;INTARIAN_PEPPER_ROOT;10669;8;10666;8;10663;18;10677;8;10680;18;;;10673.0;53060.0
-2;671600;ASH_COATED_OSMIUM;9987;15;9985;20;;;10003;15;10006;20;;;9995.0;12665.0
-2;671600;INTARIAN_PEPPER_ROOT;10666;8;10663;15;;;10677;8;;;;;10671.5;52940.0
-2;671700;ASH_COATED_OSMIUM;9985;26;;;;;10003;12;10006;26;;;9994.0;12652.0
-2;671700;INTARIAN_PEPPER_ROOT;10666;8;;;;;10678;8;;;;;10672.0;52980.0
-2;671800;ASH_COATED_OSMIUM;;;;;;;10003;10;10005;21;;;10003.0;12769.0
-2;671800;INTARIAN_PEPPER_ROOT;10666;12;10663;15;;;10678;12;10680;15;;;10672.0;52980.0
-2;671900;ASH_COATED_OSMIUM;9984;20;;;;;10003;10;10005;20;;;9993.5;12671.0
-2;671900;INTARIAN_PEPPER_ROOT;10663;20;;;;;10678;10;10680;20;;;10670.5;52860.0
-2;672000;ASH_COATED_OSMIUM;;;;;;;10003;13;10006;23;;;10003.0;12823.0
-2;672000;INTARIAN_PEPPER_ROOT;10666;12;10663;21;;;10678;12;10681;21;;;10672.0;52980.0
-2;672100;ASH_COATED_OSMIUM;9988;10;;;;;10004;10;10007;27;;;9996.0;12711.0
-2;672100;INTARIAN_PEPPER_ROOT;10666;9;10664;16;;;10678;9;;;;;10672.0;52980.0
-2;672200;ASH_COATED_OSMIUM;9985;21;;;;;10004;12;10006;21;;;9994.5;12687.0
-2;672200;INTARIAN_PEPPER_ROOT;10666;8;;;;;10678;8;;;;;10672.0;52980.0
-2;672300;ASH_COATED_OSMIUM;9988;11;9985;26;;;10006;26;;;;;9997.0;12727.0
-2;672300;INTARIAN_PEPPER_ROOT;10666;10;10664;22;;;10681;22;;;;;10673.5;53100.0
-2;672400;ASH_COATED_OSMIUM;9988;13;;;;;10004;13;10007;30;;;9996.0;12711.0
-2;672400;INTARIAN_PEPPER_ROOT;10667;11;10664;16;;;10681;16;;;;;10674.0;53140.0
-2;672500;ASH_COATED_OSMIUM;9988;13;9986;25;;;10004;13;10007;25;;;9996.0;12711.0
-2;672500;INTARIAN_PEPPER_ROOT;10667;9;10664;25;;;10678;9;;;;;10672.5;53020.0
-2;672600;ASH_COATED_OSMIUM;9988;12;9986;21;;;10004;12;10007;21;;;9996.0;12711.0
-2;672600;INTARIAN_PEPPER_ROOT;10664;22;;;;;10678;10;10681;22;;;10671.0;52900.0
-2;672700;ASH_COATED_OSMIUM;9988;12;9986;22;;;;;;;;;9988.0;12583.0
-2;672700;INTARIAN_PEPPER_ROOT;10667;11;10664;15;;;;;;;;;10667.0;52580.0
-2;672800;ASH_COATED_OSMIUM;9989;11;9986;26;;;10007;26;;;;;9998.0;12743.0
-2;672800;INTARIAN_PEPPER_ROOT;10667;10;10664;25;;;10679;10;10681;25;;;10673.0;53060.0
-2;672900;ASH_COATED_OSMIUM;9986;21;;;;;9994;5;10005;15;;;9990.0;12595.0
-2;672900;INTARIAN_PEPPER_ROOT;10667;8;10664;19;;;10679;8;10681;19;;;10673.0;53060.0
-2;673000;ASH_COATED_OSMIUM;9988;12;9986;22;;;10004;12;10007;22;;;9996.0;12721.0
-2;673000;INTARIAN_PEPPER_ROOT;10664;19;;;;;10679;8;;;;;10671.5;52940.0
-2;673100;ASH_COATED_OSMIUM;9988;12;9986;26;;;10004;12;10007;26;;;9996.0;12721.0
-2;673100;INTARIAN_PEPPER_ROOT;10667;10;10665;24;;;10682;24;;;;;10674.5;53180.0
-2;673200;ASH_COATED_OSMIUM;9988;14;9986;23;;;10007;23;;;;;9997.5;12752.5
-2;673200;INTARIAN_PEPPER_ROOT;10667;11;10665;22;;;10682;22;;;;;10674.5;53180.0
-2;673300;ASH_COATED_OSMIUM;9988;12;9986;21;;;;;;;;;9988.0;12553.0
-2;673300;INTARIAN_PEPPER_ROOT;10667;11;;;;;10679;11;10682;15;;;10673.0;53060.0
-2;673400;ASH_COATED_OSMIUM;9988;13;9985;24;;;10004;13;;;;;9996.0;12721.0
-2;673400;INTARIAN_PEPPER_ROOT;10671;11;10668;8;10665;21;10679;8;;;;;10675.0;53220.0
-2;673500;ASH_COATED_OSMIUM;9988;14;;;;;10004;14;10006;22;;;9996.0;12721.0
-2;673500;INTARIAN_PEPPER_ROOT;10668;12;10665;21;;;10679;12;10682;21;;;10673.5;53100.0
-2;673600;ASH_COATED_OSMIUM;9987;12;9985;21;;;9993;8;10003;12;10006;21;9990.0;12571.0
-2;673600;INTARIAN_PEPPER_ROOT;10668;12;10665;17;;;10679;12;10682;17;;;10673.5;53100.0
-2;673700;ASH_COATED_OSMIUM;9992;4;9987;15;9984;21;10003;15;10005;21;;;9997.5;12788.5
-2;673700;INTARIAN_PEPPER_ROOT;10668;10;10665;22;;;10680;10;10682;22;;;10674.0;53140.0
-2;673800;ASH_COATED_OSMIUM;9987;10;9984;21;;;10003;10;;;;;9995.0;12716.0
-2;673800;INTARIAN_PEPPER_ROOT;10668;8;10665;24;;;10680;8;10682;24;;;10674.0;53140.0
-2;673900;ASH_COATED_OSMIUM;9987;10;9985;22;;;9993;4;10003;10;;;9990.0;12559.0
-2;673900;INTARIAN_PEPPER_ROOT;10668;9;10665;19;;;;;;;;;10668.0;52660.0
-2;674000;ASH_COATED_OSMIUM;9987;13;9985;20;;;10003;13;10006;20;;;9995.0;12724.0
-2;674000;INTARIAN_PEPPER_ROOT;10668;10;10665;21;;;10680;10;10683;21;;;10674.0;53140.0
-2;674100;ASH_COATED_OSMIUM;9988;12;9985;28;;;10006;28;;;;;9997.0;12790.0
-2;674100;INTARIAN_PEPPER_ROOT;10668;8;10666;21;;;10680;8;;;;;10674.0;53140.0
-2;674200;ASH_COATED_OSMIUM;9988;15;9985;26;;;10004;15;10006;26;;;9996.0;12757.0
-2;674200;INTARIAN_PEPPER_ROOT;10668;12;10666;24;;;10680;12;;;;;10674.0;53140.0
-2;674300;ASH_COATED_OSMIUM;9985;28;;;;;10004;15;10006;28;;;9994.5;12707.5
-2;674300;INTARIAN_PEPPER_ROOT;10668;9;10666;17;;;;;;;;;10668.0;52660.0
-2;674400;ASH_COATED_OSMIUM;9988;15;9985;24;;;10004;15;10006;24;;;9996.0;12757.0
-2;674400;INTARIAN_PEPPER_ROOT;10669;11;10666;23;;;10680;11;10683;23;;;10674.5;53180.0
-2;674500;ASH_COATED_OSMIUM;;;;;;;10004;15;10006;25;;;10004.0;13021.0
-2;674500;INTARIAN_PEPPER_ROOT;10669;12;;;;;10680;12;10683;24;;;10674.5;53180.0
-2;674600;ASH_COATED_OSMIUM;9987;15;;;;;10003;15;;;;;9995.0;12724.0
-2;674600;INTARIAN_PEPPER_ROOT;10669;8;10666;16;;;10680;8;10683;16;;;10674.5;53180.0
-2;674700;ASH_COATED_OSMIUM;9987;11;;;;;10003;11;10006;27;;;9995.0;12759.0
-2;674700;INTARIAN_PEPPER_ROOT;10669;8;10666;22;;;10681;8;;;;;10675.0;53220.0
-2;674800;ASH_COATED_OSMIUM;9988;12;9985;25;;;10004;12;10006;25;;;9996.0;12787.0
-2;674800;INTARIAN_PEPPER_ROOT;10678;3;10669;8;10666;22;;;;;;;10678.0;53460.0
-2;674900;ASH_COATED_OSMIUM;9988;15;9985;20;;;10004;15;10006;20;;;9996.0;12787.0
-2;674900;INTARIAN_PEPPER_ROOT;10669;8;10666;18;;;10681;8;10683;18;;;10675.0;53220.0
-2;675000;ASH_COATED_OSMIUM;9988;12;9985;23;;;10004;12;;;;;9996.0;12787.0
-2;675000;INTARIAN_PEPPER_ROOT;10669;11;10666;16;;;10681;11;;;;;10675.0;53220.0
-2;675100;ASH_COATED_OSMIUM;9988;14;9985;22;;;10004;14;;;;;9996.0;12787.0
-2;675100;INTARIAN_PEPPER_ROOT;10669;8;10667;22;;;10684;22;;;;;10676.5;53340.0
-2;675200;ASH_COATED_OSMIUM;9988;12;;;;;10004;12;10006;30;;;9996.0;12787.0
-2;675200;INTARIAN_PEPPER_ROOT;10669;12;;;;;;;;;;;10669.0;52740.0
-2;675300;ASH_COATED_OSMIUM;9986;27;;;;;10004;15;10007;27;;;9995.0;12759.0
-2;675300;INTARIAN_PEPPER_ROOT;10669;10;;;;;10681;10;10684;20;;;10675.0;53220.0
-2;675400;ASH_COATED_OSMIUM;9988;10;9985;29;;;10004;10;10006;29;;;9996.0;12787.0
-2;675400;INTARIAN_PEPPER_ROOT;10670;11;10667;25;;;10681;11;10684;25;;;10675.5;53260.0
-2;675500;ASH_COATED_OSMIUM;9988;13;9986;30;;;10004;13;;;;;9996.0;12787.0
-2;675500;INTARIAN_PEPPER_ROOT;10670;11;10667;18;;;10684;18;;;;;10677.0;53380.0
-2;675600;ASH_COATED_OSMIUM;9986;20;;;;;10004;12;10007;20;;;9995.0;12759.0
-2;675600;INTARIAN_PEPPER_ROOT;10670;9;10667;17;;;10672;8;10681;9;;;10671.0;52900.0
-2;675700;ASH_COATED_OSMIUM;9988;15;;;;;10006;22;;;;;9997.0;12815.0
-2;675700;INTARIAN_PEPPER_ROOT;10670;8;10667;18;;;10682;8;10684;18;;;10676.0;53300.0
-2;675800;ASH_COATED_OSMIUM;9988;14;9985;28;;;10004;14;10006;28;;;9996.0;12787.0
-2;675800;INTARIAN_PEPPER_ROOT;10670;11;10667;24;;;10682;11;10684;24;;;10676.0;53300.0
-2;675900;ASH_COATED_OSMIUM;9988;11;9985;21;;;10004;11;10006;21;;;9996.0;12787.0
-2;675900;INTARIAN_PEPPER_ROOT;10667;25;;;;;10682;10;10684;25;;;10674.5;53180.0
-2;676000;ASH_COATED_OSMIUM;9988;13;9986;25;;;10004;13;10007;25;;;9996.0;12787.0
-2;676000;INTARIAN_PEPPER_ROOT;10667;20;;;;;10682;10;;;;;10674.5;53180.0
-2;676100;ASH_COATED_OSMIUM;9998;10;9988;13;9986;28;10004;13;10007;28;;;10001.0;12897.0
-2;676100;INTARIAN_PEPPER_ROOT;10670;11;10668;15;;;10682;11;;;;;10676.0;53300.0
-2;676200;ASH_COATED_OSMIUM;9988;13;9986;24;;;10007;24;;;;;9997.5;12834.0
-2;676200;INTARIAN_PEPPER_ROOT;10670;8;10668;15;;;10682;8;10685;15;;;10676.0;53300.0
-2;676300;ASH_COATED_OSMIUM;9988;10;9985;25;;;10004;10;10006;25;;;9996.0;12807.0
-2;676300;INTARIAN_PEPPER_ROOT;10670;12;10668;23;;;10682;12;10685;23;;;10676.0;53300.0
-2;676400;ASH_COATED_OSMIUM;9988;15;9986;23;;;10004;15;10007;23;;;9996.0;12807.0
-2;676400;INTARIAN_PEPPER_ROOT;10671;12;10668;22;;;10682;12;;;;;10676.5;53340.0
-2;676500;ASH_COATED_OSMIUM;9989;13;9986;21;;;10005;13;10007;21;;;9997.0;12825.0
-2;676500;INTARIAN_PEPPER_ROOT;10671;11;10668;19;;;10682;11;10685;19;;;10676.5;53340.0
-2;676600;ASH_COATED_OSMIUM;9989;10;9986;20;;;10005;10;10007;20;;;9997.0;12825.0
-2;676600;INTARIAN_PEPPER_ROOT;;;;;;;10682;11;10685;19;;;10682.0;53780.0
-2;676700;ASH_COATED_OSMIUM;;;;;;;10005;15;10008;20;;;10005.0;12969.0
-2;676700;INTARIAN_PEPPER_ROOT;10671;8;10668;19;;;10683;8;10685;19;;;10677.0;53380.0
-2;676800;ASH_COATED_OSMIUM;9989;12;9986;24;;;10005;12;10007;24;;;9997.0;12825.0
-2;676800;INTARIAN_PEPPER_ROOT;10671;11;10668;15;;;10683;11;10685;15;;;10677.0;53380.0
-2;676900;ASH_COATED_OSMIUM;9989;10;9986;25;;;10005;10;10007;25;;;9997.0;12825.0
-2;676900;INTARIAN_PEPPER_ROOT;10671;9;10668;18;;;10683;9;;;;;10677.0;53380.0
-2;677000;ASH_COATED_OSMIUM;9989;10;9987;26;;;10005;10;10008;26;;;9997.0;12825.0
-2;677000;INTARIAN_PEPPER_ROOT;10668;18;;;;;10683;10;10686;18;;;10675.5;53260.0
-2;677100;ASH_COATED_OSMIUM;9989;10;9987;22;;;10005;10;10008;22;;;9997.0;12825.0
-2;677100;INTARIAN_PEPPER_ROOT;10671;11;10669;19;;;10683;11;;;;;10677.0;53380.0
-2;677200;ASH_COATED_OSMIUM;9989;15;9987;26;;;10005;15;10008;26;;;9997.0;12825.0
-2;677200;INTARIAN_PEPPER_ROOT;10671;9;10669;22;;;10683;9;10686;22;;;10677.0;53380.0
-2;677300;ASH_COATED_OSMIUM;9986;23;;;;;10005;12;;;;;9995.5;12798.0
-2;677300;INTARIAN_PEPPER_ROOT;10671;12;10669;17;;;10683;12;10686;17;;;10677.0;53380.0
-2;677400;ASH_COATED_OSMIUM;;;;;;;10005;15;;;;;10005.0;12969.0
-2;677400;INTARIAN_PEPPER_ROOT;10672;12;10669;15;;;10683;12;10686;15;;;10677.5;53420.0
-2;677500;ASH_COATED_OSMIUM;9988;14;;;;;10004;14;10007;28;;;9996.0;12807.0
-2;677500;INTARIAN_PEPPER_ROOT;10669;24;;;;;10686;24;;;;;10677.5;53420.0
-2;677600;ASH_COATED_OSMIUM;9988;14;9986;20;;;10004;14;;;;;9996.0;12807.0
-2;677600;INTARIAN_PEPPER_ROOT;10672;10;10669;18;;;10683;10;;;;;10677.5;53420.0
-2;677700;ASH_COATED_OSMIUM;9988;14;9986;26;;;10004;14;10007;26;;;9996.0;12807.0
-2;677700;INTARIAN_PEPPER_ROOT;10672;12;;;;;10686;23;;;;;10679.0;53540.0
-2;677800;ASH_COATED_OSMIUM;9988;14;9986;27;;;10004;14;10006;27;;;9996.0;12807.0
-2;677800;INTARIAN_PEPPER_ROOT;10672;9;10669;25;;;10684;9;10686;25;;;10678.0;53460.0
-2;677900;ASH_COATED_OSMIUM;9988;15;9986;29;;;9998;2;10007;29;;;9993.0;12753.0
-2;677900;INTARIAN_PEPPER_ROOT;10672;11;;;;;10684;11;10686;24;;;10678.0;53460.0
-2;678000;ASH_COATED_OSMIUM;9988;10;;;;;10004;10;;;;;9996.0;12807.0
-2;678000;INTARIAN_PEPPER_ROOT;10669;24;;;;;10684;8;10687;24;;;10676.5;53340.0
-2;678100;ASH_COATED_OSMIUM;9987;11;;;;;10003;11;10006;29;;;9995.0;12789.0
-2;678100;INTARIAN_PEPPER_ROOT;10672;12;10670;20;;;10684;12;10687;20;;;10678.0;53460.0
-2;678200;ASH_COATED_OSMIUM;9987;14;9985;20;;;10006;20;;;;;9996.5;12816.0
-2;678200;INTARIAN_PEPPER_ROOT;10672;10;10670;18;;;10684;10;;;;;10678.0;53460.0
-2;678300;ASH_COATED_OSMIUM;9987;13;9985;29;;;10003;13;10006;29;;;9995.0;12789.0
-2;678300;INTARIAN_PEPPER_ROOT;10670;24;;;;;10684;10;10687;24;;;10677.0;53380.0
-2;678400;ASH_COATED_OSMIUM;9987;14;9985;25;;;10006;25;;;;;9996.5;12816.0
-2;678400;INTARIAN_PEPPER_ROOT;10673;12;10670;20;;;10684;12;10687;20;;;10678.5;53500.0
-2;678500;ASH_COATED_OSMIUM;9988;13;;;;;10006;22;;;;;9997.0;12825.0
-2;678500;INTARIAN_PEPPER_ROOT;10673;11;;;;;10684;11;10687;16;;;10678.5;53500.0
-2;678600;ASH_COATED_OSMIUM;9987;11;;;;;10003;11;10006;24;;;9995.0;12789.0
-2;678600;INTARIAN_PEPPER_ROOT;;;;;;;10684;12;;;;;10684.0;53940.0
-2;678700;ASH_COATED_OSMIUM;;;;;;;10003;14;;;;;10003.0;12933.0
-2;678700;INTARIAN_PEPPER_ROOT;;;;;;;10685;11;10687;20;;;10685.0;54020.0
-2;678800;ASH_COATED_OSMIUM;9987;12;9985;29;;;10003;12;10006;29;;;9995.0;12789.0
-2;678800;INTARIAN_PEPPER_ROOT;;;;;;;10685;10;10687;15;;;10685.0;54020.0
-2;678900;ASH_COATED_OSMIUM;9987;13;9985;25;;;10006;25;;;;;9996.5;12816.0
-2;678900;INTARIAN_PEPPER_ROOT;10673;12;;;;;10685;12;10687;25;;;10679.0;53540.0
-2;679000;ASH_COATED_OSMIUM;;;;;;;10004;10;10006;21;;;10004.0;12951.0
-2;679000;INTARIAN_PEPPER_ROOT;10673;10;10670;16;;;10685;10;;;;;10679.0;53540.0
-2;679100;ASH_COATED_OSMIUM;9988;11;9985;29;;;10004;11;10006;29;;;9996.0;12807.0
-2;679100;INTARIAN_PEPPER_ROOT;10673;8;;;;;10688;23;;;;;10680.5;53660.0
-2;679200;ASH_COATED_OSMIUM;9985;23;;;;;9997;3;10004;10;10006;23;9991.0;12752.0
-2;679200;INTARIAN_PEPPER_ROOT;10673;9;;;;;10685;9;10688;25;;;10679.0;53540.0
-2;679300;ASH_COATED_OSMIUM;9988;11;;;;;10004;11;10007;29;;;9996.0;12877.0
-2;679300;INTARIAN_PEPPER_ROOT;10673;9;10671;23;;;10685;9;10688;23;;;10679.0;53540.0
-2;679400;ASH_COATED_OSMIUM;9989;15;9986;24;;;10007;24;;;;;9998.0;12927.0
-2;679400;INTARIAN_PEPPER_ROOT;10674;9;10671;19;;;10685;9;10688;19;;;10679.5;53580.0
-2;679500;ASH_COATED_OSMIUM;9988;11;9986;22;;;10004;11;10007;22;;;9996.0;12877.0
-2;679500;INTARIAN_PEPPER_ROOT;10674;10;10671;15;;;10685;10;10688;15;;;10679.5;53580.0
-2;679600;ASH_COATED_OSMIUM;9986;24;;;;;10004;10;10007;24;;;9995.0;12852.0
-2;679600;INTARIAN_PEPPER_ROOT;10674;9;10671;25;;;10685;9;10688;25;;;10679.5;53580.0
-2;679700;ASH_COATED_OSMIUM;9986;30;;;;;10004;12;10007;30;;;9995.0;12852.0
-2;679700;INTARIAN_PEPPER_ROOT;10674;11;10671;24;;;10686;11;10688;24;;;10680.0;53620.0
-2;679800;ASH_COATED_OSMIUM;9988;12;9985;26;;;10004;12;10006;26;;;9996.0;12877.0
-2;679800;INTARIAN_PEPPER_ROOT;10674;12;10671;21;;;10688;21;;;;;10681.0;53700.0
-2;679900;ASH_COATED_OSMIUM;9985;24;;;;;10003;14;10006;24;;;9994.0;12827.0
-2;679900;INTARIAN_PEPPER_ROOT;10674;11;10671;23;;;10686;11;10688;23;;;10680.0;53620.0
-2;680000;ASH_COATED_OSMIUM;9986;22;;;;;10004;14;10007;22;;;9995.0;12900.0
-2;680000;INTARIAN_PEPPER_ROOT;10674;8;10671;22;;;10689;22;;;;;10681.5;53740.0
-2;680100;ASH_COATED_OSMIUM;9988;13;9986;27;;;10004;13;;;;;9996.0;12919.0
-2;680100;INTARIAN_PEPPER_ROOT;;;;;;;10686;8;10689;25;;;10686.0;54100.0
-2;680200;ASH_COATED_OSMIUM;9988;10;9986;26;;;10004;10;10007;26;;;9996.0;12919.0
-2;680200;INTARIAN_PEPPER_ROOT;10674;12;10672;19;;;10686;12;10689;19;;;10680.0;53620.0
-2;680300;ASH_COATED_OSMIUM;9988;10;9986;26;;;10004;10;;;;;9996.0;12919.0
-2;680300;INTARIAN_PEPPER_ROOT;10672;23;;;;;10689;23;;;;;10680.5;53660.0
-2;680400;ASH_COATED_OSMIUM;9989;14;;;;;10005;14;10007;28;;;9997.0;12938.0
-2;680400;INTARIAN_PEPPER_ROOT;10675;9;10672;22;;;10686;9;10689;22;;;10680.5;53660.0
-2;680500;ASH_COATED_OSMIUM;9988;11;9986;28;;;10007;28;;;;;9997.5;12947.5
-2;680500;INTARIAN_PEPPER_ROOT;10675;8;10672;18;;;10686;8;;;;;10680.5;53660.0
-2;680600;ASH_COATED_OSMIUM;9988;15;9986;22;;;10004;15;10007;22;;;9996.0;12919.0
-2;680600;INTARIAN_PEPPER_ROOT;10675;12;10672;21;;;10686;12;10689;21;;;10680.5;53660.0
-2;680700;ASH_COATED_OSMIUM;9989;12;9986;23;;;9998;5;10005;12;10007;23;9993.5;12871.5
-2;680700;INTARIAN_PEPPER_ROOT;10672;16;;;;;10687;12;;;;;10679.5;53580.0
-2;680800;ASH_COATED_OSMIUM;9989;15;;;;;10005;15;10008;23;;;9997.0;12938.0
-2;680800;INTARIAN_PEPPER_ROOT;10675;8;;;;;10687;8;10689;18;;;10681.0;53700.0
-2;680900;ASH_COATED_OSMIUM;9989;11;9986;20;;;10005;11;10007;20;;;9997.0;12938.0
-2;680900;INTARIAN_PEPPER_ROOT;10675;12;;;;;10689;17;;;;;10682.0;53780.0
-2;681000;ASH_COATED_OSMIUM;9989;13;9986;20;;;10007;20;;;;;9998.0;12957.0
-2;681000;INTARIAN_PEPPER_ROOT;10675;9;10672;15;;;10690;15;;;;;10682.5;53820.0
-2;681100;ASH_COATED_OSMIUM;9989;15;;;;;10005;15;10007;30;;;9997.0;12938.0
-2;681100;INTARIAN_PEPPER_ROOT;10673;24;;;;;10687;10;10690;24;;;10680.0;53620.0
-2;681200;ASH_COATED_OSMIUM;;;;;;;;;;;;;0.0;-177005.0
-2;681200;INTARIAN_PEPPER_ROOT;10675;10;10673;22;;;10687;10;10690;22;;;10681.0;53700.0
-2;681300;ASH_COATED_OSMIUM;9987;26;;;;;10005;15;10008;26;;;9996.0;12919.0
-2;681300;INTARIAN_PEPPER_ROOT;10679;7;10675;11;10673;22;10687;11;;;;;10683.0;53860.0
-2;681400;ASH_COATED_OSMIUM;9989;13;9987;23;;;10005;13;;;;;9997.0;12938.0
-2;681400;INTARIAN_PEPPER_ROOT;10676;8;10673;17;;;10687;8;10690;17;;;10681.5;53740.0
-2;681500;ASH_COATED_OSMIUM;9987;28;;;;;10006;13;;;;;9996.5;12928.5
-2;681500;INTARIAN_PEPPER_ROOT;10676;10;10673;21;;;10687;10;10690;21;;;10681.5;53740.0
-2;681600;ASH_COATED_OSMIUM;9990;15;9987;26;;;10006;15;10008;26;;;9998.0;12957.0
-2;681600;INTARIAN_PEPPER_ROOT;;;;;;;10687;12;;;;;10687.0;54180.0
-2;681700;ASH_COATED_OSMIUM;9990;13;9987;29;;;10008;29;;;;;9999.0;12976.0
-2;681700;INTARIAN_PEPPER_ROOT;10676;11;10673;23;;;10688;11;10690;23;;;10682.0;53780.0
-2;681800;ASH_COATED_OSMIUM;9990;14;9988;26;;;10006;14;10009;26;;;9998.0;12957.0
-2;681800;INTARIAN_PEPPER_ROOT;10676;11;10673;25;;;10688;11;10690;25;;;10682.0;53780.0
-2;681900;ASH_COATED_OSMIUM;9988;29;;;;;10006;13;;;;;9997.0;12938.0
-2;681900;INTARIAN_PEPPER_ROOT;10676;10;;;;;10688;10;;;;;10682.0;53780.0
-2;682000;ASH_COATED_OSMIUM;9990;11;9988;27;;;10006;11;10009;27;;;9998.0;12957.0
-2;682000;INTARIAN_PEPPER_ROOT;10676;12;10673;24;;;10688;12;10691;24;;;10682.0;53780.0
-2;682100;ASH_COATED_OSMIUM;9987;23;;;;;10008;23;;;;;9997.5;12947.5
-2;682100;INTARIAN_PEPPER_ROOT;10676;11;10674;19;;;10688;11;10691;19;;;10682.0;53780.0
-2;682200;ASH_COATED_OSMIUM;9990;13;9988;29;;;10009;29;;;;;9999.5;12985.5
-2;682200;INTARIAN_PEPPER_ROOT;10676;9;10674;21;;;10688;9;10691;21;;;10682.0;53780.0
-2;682300;ASH_COATED_OSMIUM;9990;15;9988;23;;;10009;23;;;;;9999.5;12985.5
-2;682300;INTARIAN_PEPPER_ROOT;10676;12;10674;18;;;10688;12;10691;18;;;10682.0;53780.0
-2;682400;ASH_COATED_OSMIUM;9990;14;9988;29;;;10006;14;;;;;9998.0;12957.0
-2;682400;INTARIAN_PEPPER_ROOT;10677;10;;;;;10688;10;10691;15;;;10682.5;53820.0
-2;682500;ASH_COATED_OSMIUM;9999;5;9990;12;9987;29;10006;12;10008;29;;;10002.5;13025.0
-2;682500;INTARIAN_PEPPER_ROOT;10677;8;10674;21;;;10688;8;;;;;10682.5;53820.0
-2;682600;ASH_COATED_OSMIUM;9990;11;9987;20;;;10006;11;10008;20;;;9998.0;12962.0
-2;682600;INTARIAN_PEPPER_ROOT;10677;11;10674;17;;;;;;;;;10677.0;53380.0
-2;682700;ASH_COATED_OSMIUM;9990;11;9988;29;;;10006;11;10009;29;;;9998.0;12962.0
-2;682700;INTARIAN_PEPPER_ROOT;10677;11;10674;19;;;10689;11;10691;19;;;10683.0;53860.0
-2;682800;ASH_COATED_OSMIUM;9991;12;9989;27;;;10007;12;;;;;9999.0;12976.0
-2;682800;INTARIAN_PEPPER_ROOT;10677;12;10674;20;;;10689;12;10691;20;;;10683.0;53860.0
-2;682900;ASH_COATED_OSMIUM;9996;3;9991;15;9988;23;10007;15;;;;;10001.5;13011.0
-2;682900;INTARIAN_PEPPER_ROOT;10677;8;10674;20;;;;;;;;;10677.0;53380.0
-2;683000;ASH_COATED_OSMIUM;9989;22;;;;;10007;11;10010;22;;;9998.0;12962.0
-2;683000;INTARIAN_PEPPER_ROOT;10677;11;10674;22;;;10692;22;;;;;10684.5;53980.0
-2;683100;ASH_COATED_OSMIUM;9991;15;;;;;10007;15;10010;27;;;9999.0;12976.0
-2;683100;INTARIAN_PEPPER_ROOT;10677;8;10675;17;;;10689;8;10692;17;;;10683.0;53860.0
-2;683200;ASH_COATED_OSMIUM;9992;11;9989;28;;;10008;11;10010;28;;;10000.0;12990.0
-2;683200;INTARIAN_PEPPER_ROOT;10677;12;;;;;10689;12;10692;25;;;10683.0;53860.0
-2;683300;ASH_COATED_OSMIUM;9989;28;;;;;10008;13;10010;28;;;9998.5;12969.0
-2;683300;INTARIAN_PEPPER_ROOT;10677;11;10675;22;;;10689;11;10692;22;;;10683.0;53860.0
-2;683400;ASH_COATED_OSMIUM;9992;13;9989;21;;;10010;21;;;;;10001.0;13004.0
-2;683400;INTARIAN_PEPPER_ROOT;10678;10;;;;;10689;10;;;;;10683.5;53900.0
-2;683500;ASH_COATED_OSMIUM;9991;11;9989;20;;;10007;11;;;;;9999.0;12976.0
-2;683500;INTARIAN_PEPPER_ROOT;10678;8;10675;17;;;10689;8;10692;17;;;10683.5;53900.0
-2;683600;ASH_COATED_OSMIUM;9991;10;9988;30;;;10009;30;;;;;10000.0;12990.0
-2;683600;INTARIAN_PEPPER_ROOT;10678;12;10675;21;;;10689;12;10692;21;;;10683.5;53900.0
-2;683700;ASH_COATED_OSMIUM;9990;11;9988;26;;;10006;11;10009;26;;;9998.0;12962.0
-2;683700;INTARIAN_PEPPER_ROOT;10678;10;10675;19;;;10680;6;10690;10;;;10679.0;53540.0
-2;683800;ASH_COATED_OSMIUM;9990;14;;;;;10006;14;10009;29;;;9998.0;12962.0
-2;683800;INTARIAN_PEPPER_ROOT;10678;8;;;;;10692;21;;;;;10685.0;54020.0
-2;683900;ASH_COATED_OSMIUM;9990;13;9988;23;;;10006;13;10009;23;;;9998.0;12962.0
-2;683900;INTARIAN_PEPPER_ROOT;10678;8;10675;17;;;10690;8;;;;;10684.0;53940.0
-2;684000;ASH_COATED_OSMIUM;9990;11;9988;21;;;10009;21;;;;;9999.5;12983.0
-2;684000;INTARIAN_PEPPER_ROOT;10678;9;;;;;10690;9;10693;25;;;10684.0;53940.0
-2;684100;ASH_COATED_OSMIUM;;;;;;;10006;12;10009;27;;;10006.0;13074.0
-2;684100;INTARIAN_PEPPER_ROOT;10678;10;;;;;10680;4;10693;20;;;10679.0;53540.0
-2;684200;ASH_COATED_OSMIUM;9990;10;9987;23;;;10006;10;10008;23;;;9998.0;12962.0
-2;684200;INTARIAN_PEPPER_ROOT;10678;9;10676;15;;;10693;15;;;;;10685.5;54060.0
-2;684300;ASH_COATED_OSMIUM;9990;15;9987;28;;;10008;28;;;;;9999.0;12976.0
-2;684300;INTARIAN_PEPPER_ROOT;10678;11;10676;21;;;10690;11;;;;;10684.0;53940.0
-2;684400;ASH_COATED_OSMIUM;9990;11;9987;21;;;10006;11;10008;21;;;9998.0;12962.0
-2;684400;INTARIAN_PEPPER_ROOT;10679;8;10676;23;;;10690;8;10693;23;;;10684.5;53980.0
-2;684500;ASH_COATED_OSMIUM;;;;;;;10006;14;;;;;10006.0;13074.0
-2;684500;INTARIAN_PEPPER_ROOT;10679;10;10676;25;;;10693;25;;;;;10686.0;54100.0
-2;684600;ASH_COATED_OSMIUM;9989;13;9987;25;;;10005;13;10008;25;;;9997.0;12948.0
-2;684600;INTARIAN_PEPPER_ROOT;10679;11;;;;;10690;11;;;;;10684.5;53980.0
-2;684700;ASH_COATED_OSMIUM;9989;15;9987;21;;;10005;15;10008;21;;;9997.0;12948.0
-2;684700;INTARIAN_PEPPER_ROOT;10679;8;10676;20;;;10691;8;10693;20;;;10685.0;54020.0
-2;684800;ASH_COATED_OSMIUM;9989;14;9987;24;;;10005;14;10008;24;;;9997.0;12948.0
-2;684800;INTARIAN_PEPPER_ROOT;10679;10;;;;;10691;10;;;;;10685.0;54020.0
-2;684900;ASH_COATED_OSMIUM;9989;11;9987;25;;;10005;11;10008;25;;;9997.0;12948.0
-2;684900;INTARIAN_PEPPER_ROOT;10679;11;10676;21;;;10691;11;;;;;10685.0;54020.0
-2;685000;ASH_COATED_OSMIUM;9987;26;;;;;9999;5;10005;11;10008;26;9993.0;12892.0
-2;685000;INTARIAN_PEPPER_ROOT;10679;11;10676;21;;;10691;11;10694;21;;;10685.0;54020.0
-2;685100;ASH_COATED_OSMIUM;9990;14;9987;22;;;10008;22;;;;;9999.0;12976.0
-2;685100;INTARIAN_PEPPER_ROOT;10679;10;10677;24;;;10691;10;10694;24;;;10685.0;54020.0
-2;685200;ASH_COATED_OSMIUM;9988;20;;;;;10006;15;10009;20;;;9997.0;12948.0
-2;685200;INTARIAN_PEPPER_ROOT;10679;12;;;;;10691;12;10694;16;;;10685.0;54020.0
-2;685300;ASH_COATED_OSMIUM;;;;;;;10006;13;10008;25;;;10006.0;13074.0
-2;685300;INTARIAN_PEPPER_ROOT;10679;10;10677;22;;;10691;10;;;;;10685.0;54020.0
-2;685400;ASH_COATED_OSMIUM;9990;13;9987;27;;;10006;13;10008;27;;;9998.0;12962.0
-2;685400;INTARIAN_PEPPER_ROOT;;;;;;;10691;10;;;;;10691.0;54500.0
-2;685500;ASH_COATED_OSMIUM;9990;13;9988;24;;;10006;13;10009;24;;;9998.0;12962.0
-2;685500;INTARIAN_PEPPER_ROOT;10677;16;;;;;10691;11;10694;16;;;10684.0;53940.0
-2;685600;ASH_COATED_OSMIUM;9990;10;9987;22;;;10006;10;10008;22;;;9998.0;12962.0
-2;685600;INTARIAN_PEPPER_ROOT;10680;10;10677;21;;;10691;10;10694;21;;;10685.5;54060.0
-2;685700;ASH_COATED_OSMIUM;9990;13;;;;;10006;13;10008;21;;;9998.0;12962.0
-2;685700;INTARIAN_PEPPER_ROOT;10680;11;10677;21;;;10692;11;;;;;10686.0;54100.0
-2;685800;ASH_COATED_OSMIUM;9987;27;;;;;10005;14;10008;27;;;9996.0;12934.0
-2;685800;INTARIAN_PEPPER_ROOT;10680;11;10677;24;;;10692;11;10694;24;;;10686.0;54100.0
-2;685900;ASH_COATED_OSMIUM;9990;13;9987;23;;;10006;13;;;;;9998.0;12962.0
-2;685900;INTARIAN_PEPPER_ROOT;10680;12;10677;17;;;;;;;;;10680.0;53620.0
-2;686000;ASH_COATED_OSMIUM;9989;11;9987;27;;;10005;11;10008;27;;;9997.0;12948.0
-2;686000;INTARIAN_PEPPER_ROOT;10680;8;10677;18;;;10692;8;10695;18;;;10686.0;54100.0
-2;686100;ASH_COATED_OSMIUM;9989;14;9987;20;;;10005;14;10008;20;;;9997.0;12948.0
-2;686100;INTARIAN_PEPPER_ROOT;10680;12;10678;19;;;10692;12;10695;19;;;10686.0;54100.0
-2;686200;ASH_COATED_OSMIUM;9989;13;9987;28;;;10005;13;10008;28;;;9997.0;12948.0
-2;686200;INTARIAN_PEPPER_ROOT;10680;8;;;;;10692;8;10695;24;;;10686.0;54100.0
-2;686300;ASH_COATED_OSMIUM;9989;11;9986;23;;;10005;11;10007;23;;;9997.0;12948.0
-2;686300;INTARIAN_PEPPER_ROOT;10680;12;10678;18;;;10692;12;10695;18;;;10686.0;54100.0
-2;686400;ASH_COATED_OSMIUM;9989;12;9987;24;;;10005;12;10008;24;;;9997.0;12948.0
-2;686400;INTARIAN_PEPPER_ROOT;10681;8;10678;21;;;10692;8;10695;21;;;10686.5;54140.0
-2;686500;ASH_COATED_OSMIUM;9989;13;9986;26;;;;;;;;;9989.0;12836.0
-2;686500;INTARIAN_PEPPER_ROOT;10681;9;;;;;10692;9;;;;;10686.5;54140.0
-2;686600;ASH_COATED_OSMIUM;9989;14;;;;;10005;14;10008;30;;;9997.0;12948.0
-2;686600;INTARIAN_PEPPER_ROOT;10681;8;;;;;10692;8;10695;24;;;10686.5;54140.0
-2;686700;ASH_COATED_OSMIUM;9987;29;;;;;10005;15;10008;29;;;9996.0;12934.0
-2;686700;INTARIAN_PEPPER_ROOT;10681;8;10678;19;;;10693;8;;;;;10687.0;54180.0
-2;686800;ASH_COATED_OSMIUM;9990;13;9987;23;;;10006;13;10008;23;;;9998.0;12962.0
-2;686800;INTARIAN_PEPPER_ROOT;10681;10;10678;21;;;10693;10;10695;21;;;10687.0;54180.0
-2;686900;ASH_COATED_OSMIUM;9989;12;9987;25;;;10005;12;;;;;9997.0;12948.0
-2;686900;INTARIAN_PEPPER_ROOT;10678;24;;;;;10693;11;10695;24;;;10685.5;54060.0
-2;687000;ASH_COATED_OSMIUM;9989;10;;;;;10005;10;10008;25;;;9997.0;13004.0
-2;687000;INTARIAN_PEPPER_ROOT;10681;11;10678;20;;;10696;20;;;;;10688.5;54300.0
-2;687100;ASH_COATED_OSMIUM;9989;15;;;;;10005;15;10008;26;;;9997.0;13004.0
-2;687100;INTARIAN_PEPPER_ROOT;10679;23;;;;;10696;23;;;;;10687.5;54220.0
-2;687200;ASH_COATED_OSMIUM;9989;14;;;;;10005;14;;;;;9997.0;13004.0
-2;687200;INTARIAN_PEPPER_ROOT;10681;8;10679;15;;;10693;8;10696;15;;;10687.0;54180.0
-2;687300;ASH_COATED_OSMIUM;9989;11;9986;26;;;10005;11;10007;26;;;9997.0;13004.0
-2;687300;INTARIAN_PEPPER_ROOT;10685;8;10681;10;10679;16;10693;10;10696;16;;;10689.0;54340.0
-2;687400;ASH_COATED_OSMIUM;9989;13;9986;25;;;10005;13;10007;25;;;9997.0;13004.0
-2;687400;INTARIAN_PEPPER_ROOT;10682;9;10679;15;;;10696;15;;;;;10689.0;54340.0
-2;687500;ASH_COATED_OSMIUM;9989;10;;;;;10005;10;;;;;9997.0;13004.0
-2;687500;INTARIAN_PEPPER_ROOT;10682;9;10679;22;;;;;;;;;10682.0;53780.0
-2;687600;ASH_COATED_OSMIUM;9990;14;9987;23;;;10008;23;;;;;9999.0;13016.0
-2;687600;INTARIAN_PEPPER_ROOT;10682;8;10679;22;;;10693;8;10696;22;;;10687.5;54220.0
-2;687700;ASH_COATED_OSMIUM;9990;10;9987;30;;;10006;10;10008;30;;;9998.0;13010.0
-2;687700;INTARIAN_PEPPER_ROOT;10682;9;10679;23;;;10694;9;10696;23;;;10688.0;54260.0
-2;687800;ASH_COATED_OSMIUM;9990;14;9988;27;;;10009;27;;;;;9999.5;13019.0
-2;687800;INTARIAN_PEPPER_ROOT;10691;5;10682;11;10679;22;10696;22;;;;;10693.5;54700.0
-2;687900;ASH_COATED_OSMIUM;9990;13;9987;23;;;10006;13;10008;23;;;9998.0;13038.0
-2;687900;INTARIAN_PEPPER_ROOT;10682;10;10679;19;;;10694;10;10696;19;;;10688.0;54260.0
-2;688000;ASH_COATED_OSMIUM;9990;11;9987;21;;;10006;11;10008;21;;;9998.0;13038.0
-2;688000;INTARIAN_PEPPER_ROOT;10682;10;10679;20;;;10697;20;;;;;10689.5;54380.0
-2;688100;ASH_COATED_OSMIUM;9990;12;9988;20;;;10006;12;10009;20;;;9998.0;13038.0
-2;688100;INTARIAN_PEPPER_ROOT;10682;8;10680;15;;;10697;15;;;;;10689.5;54380.0
-2;688200;ASH_COATED_OSMIUM;9991;11;9988;29;;;10007;11;;;;;9999.0;13048.0
-2;688200;INTARIAN_PEPPER_ROOT;10680;17;;;;;10694;11;10697;17;;;10687.0;54180.0
-2;688300;ASH_COATED_OSMIUM;;;;;;;10007;15;10010;28;;;10007.0;13128.0
-2;688300;INTARIAN_PEPPER_ROOT;10682;12;10680;21;;;10694;12;10697;21;;;10688.0;54260.0
-2;688400;ASH_COATED_OSMIUM;9991;11;9989;20;;;10007;11;10010;20;;;9999.0;13048.0
-2;688400;INTARIAN_PEPPER_ROOT;10683;9;10680;17;;;10694;9;10697;17;;;10688.5;54300.0
-2;688500;ASH_COATED_OSMIUM;9991;10;;;;;10009;25;;;;;10000.0;13058.0
-2;688500;INTARIAN_PEPPER_ROOT;10683;8;;;;;10694;8;;;;;10688.5;54300.0
-2;688600;ASH_COATED_OSMIUM;9991;12;9989;26;;;10009;26;;;;;10000.0;13058.0
-2;688600;INTARIAN_PEPPER_ROOT;10680;24;;;;;10697;24;;;;;10688.5;54300.0
-2;688700;ASH_COATED_OSMIUM;9989;21;;;;;10007;11;10010;21;;;9998.0;13038.0
-2;688700;INTARIAN_PEPPER_ROOT;10683;8;;;;;10695;8;10697;24;;;10689.0;54340.0
-2;688800;ASH_COATED_OSMIUM;9991;12;9988;20;;;10007;12;10009;20;;;9999.0;13048.0
-2;688800;INTARIAN_PEPPER_ROOT;10683;12;10680;21;;;10695;12;10697;21;;;10689.0;54340.0
-2;688900;ASH_COATED_OSMIUM;9996;5;9991;14;9988;20;10007;14;10009;20;;;10001.5;13073.0
-2;688900;INTARIAN_PEPPER_ROOT;10683;10;10680;18;;;10695;10;10697;18;;;10689.0;54340.0
-2;689000;ASH_COATED_OSMIUM;9991;10;9988;30;;;10007;10;10009;30;;;9999.0;13048.0
-2;689000;INTARIAN_PEPPER_ROOT;10683;11;10680;22;;;10698;22;;;;;10690.5;54460.0
-2;689100;ASH_COATED_OSMIUM;9991;14;9988;27;;;10007;14;10009;27;;;9999.0;13048.0
-2;689100;INTARIAN_PEPPER_ROOT;10681;24;;;;;10695;11;;;;;10688.0;54260.0
-2;689200;ASH_COATED_OSMIUM;10000;7;9991;12;9988;27;10007;12;10009;27;;;10003.5;13068.5
-2;689200;INTARIAN_PEPPER_ROOT;10683;10;10681;15;;;10695;10;10698;15;;;10689.0;54340.0
-2;689300;ASH_COATED_OSMIUM;9991;14;;;;;10007;14;10010;23;;;9999.0;13055.0
-2;689300;INTARIAN_PEPPER_ROOT;10683;9;;;;;10698;16;;;;;10690.5;54460.0
-2;689400;ASH_COATED_OSMIUM;9991;12;9988;22;;;;;;;;;9991.0;13031.0
-2;689400;INTARIAN_PEPPER_ROOT;10684;10;10681;24;;;10695;10;10698;24;;;10689.5;54380.0
-2;689500;ASH_COATED_OSMIUM;9991;10;9988;25;;;10007;10;;;;;9999.0;13055.0
-2;689500;INTARIAN_PEPPER_ROOT;10684;8;;;;;10698;25;;;;;10691.0;54500.0
-2;689600;ASH_COATED_OSMIUM;9991;13;9988;20;;;10009;20;;;;;10000.0;13058.0
-2;689600;INTARIAN_PEPPER_ROOT;10684;12;10681;16;;;10695;12;10698;16;;;10689.5;54380.0
-2;689700;ASH_COATED_OSMIUM;9991;13;9989;28;;;10007;13;10010;28;;;9999.0;13055.0
-2;689700;INTARIAN_PEPPER_ROOT;10684;10;10681;19;;;10696;10;10698;19;;;10690.0;54420.0
-2;689800;ASH_COATED_OSMIUM;9991;13;;;;;10007;13;10009;23;;;9999.0;13055.0
-2;689800;INTARIAN_PEPPER_ROOT;10684;10;10681;18;;;10696;10;10698;18;;;10690.0;54420.0
-2;689900;ASH_COATED_OSMIUM;9991;10;;;;;9997;9;10007;10;10010;29;9994.0;13013.0
-2;689900;INTARIAN_PEPPER_ROOT;10684;9;;;;;10696;9;;;;;10690.0;54420.0
-2;690000;ASH_COATED_OSMIUM;;;;;;;10006;11;10009;23;;;10006.0;13157.0
-2;690000;INTARIAN_PEPPER_ROOT;10684;10;10681;19;;;10696;10;10699;19;;;10690.0;54420.0
-2;690100;ASH_COATED_OSMIUM;9990;14;9987;20;;;10006;14;10008;20;;;9998.0;13061.0
-2;690100;INTARIAN_PEPPER_ROOT;10684;11;10682;16;;;10696;11;;;;;10690.0;54420.0
-2;690200;ASH_COATED_OSMIUM;9995;4;9990;15;9987;27;10006;15;10008;27;;;10000.5;13091.0
-2;690200;INTARIAN_PEPPER_ROOT;10684;8;10682;25;;;10696;8;10699;25;;;10690.0;54420.0
-2;690300;ASH_COATED_OSMIUM;9990;12;9987;25;;;;;;;;;9990.0;12965.0
-2;690300;INTARIAN_PEPPER_ROOT;10684;11;10682;22;;;10696;11;;;;;10690.0;54420.0
-2;690400;ASH_COATED_OSMIUM;9990;13;9987;20;;;10006;13;10008;20;;;9998.0;13061.0
-2;690400;INTARIAN_PEPPER_ROOT;10685;12;;;;;10696;12;10699;19;;;10690.5;54460.0
-2;690500;ASH_COATED_OSMIUM;9990;15;;;;;10006;15;10008;29;;;9998.0;13061.0
-2;690500;INTARIAN_PEPPER_ROOT;;;;;;;10696;11;;;;;10696.0;54900.0
-2;690600;ASH_COATED_OSMIUM;9990;14;;;;;10006;14;10008;30;;;9998.0;13061.0
-2;690600;INTARIAN_PEPPER_ROOT;10685;8;10682;15;;;10699;15;;;;;10692.0;54580.0
-2;690700;ASH_COATED_OSMIUM;9989;13;9987;29;;;10008;29;;;;;9998.5;13067.0
-2;690700;INTARIAN_PEPPER_ROOT;10685;10;10682;17;;;10697;10;10699;17;;;10691.0;54500.0
-2;690800;ASH_COATED_OSMIUM;9989;14;;;;;10005;14;10008;29;;;9997.0;13049.0
-2;690800;INTARIAN_PEPPER_ROOT;10682;19;;;;;10699;19;;;;;10690.5;54460.0
-2;690900;ASH_COATED_OSMIUM;9986;25;;;;;10005;12;10007;25;;;9995.5;13031.0
-2;690900;INTARIAN_PEPPER_ROOT;10685;12;10682;25;;;10697;12;10699;25;;;10691.0;54500.0
-2;691000;ASH_COATED_OSMIUM;9986;22;;;;;10004;11;10007;22;;;9995.0;13025.0
-2;691000;INTARIAN_PEPPER_ROOT;10682;19;;;;;10697;8;10700;19;;;10689.5;54380.0
-2;691100;ASH_COATED_OSMIUM;9986;27;;;;;10007;27;;;;;9996.5;13043.0
-2;691100;INTARIAN_PEPPER_ROOT;10685;10;10683;18;;;10697;10;;;;;10691.0;54500.0
-2;691200;ASH_COATED_OSMIUM;9989;14;9986;24;;;10005;14;;;;;9997.0;13049.0
-2;691200;INTARIAN_PEPPER_ROOT;10685;8;10683;17;;;10697;8;10700;17;;;10691.0;54500.0
-2;691300;ASH_COATED_OSMIUM;9988;11;9986;20;;;10004;11;10007;20;;;9996.0;13037.0
-2;691300;INTARIAN_PEPPER_ROOT;10685;11;10683;15;;;10697;11;10700;15;;;10691.0;54500.0
-2;691400;ASH_COATED_OSMIUM;9989;12;;;;;10005;12;10008;26;;;9997.0;13049.0
-2;691400;INTARIAN_PEPPER_ROOT;10683;23;;;;;;;;;;;10683.0;53860.0
-2;691500;ASH_COATED_OSMIUM;9989;15;9987;29;;;10005;15;10008;29;;;9997.0;13049.0
-2;691500;INTARIAN_PEPPER_ROOT;10683;22;;;;;10697;12;10700;22;;;10690.0;54420.0
-2;691600;ASH_COATED_OSMIUM;9990;15;9988;27;;;10006;15;10009;27;;;9998.0;13061.0
-2;691600;INTARIAN_PEPPER_ROOT;10686;12;10683;23;;;10697;12;10700;23;;;10691.5;54540.0
-2;691700;ASH_COATED_OSMIUM;9989;10;9987;22;;;10005;10;;;;;9997.0;13049.0
-2;691700;INTARIAN_PEPPER_ROOT;;;;;;;10698;9;10700;25;;;10698.0;55060.0
-2;691800;ASH_COATED_OSMIUM;9989;12;9987;26;;;10005;12;;;;;9997.0;13049.0
-2;691800;INTARIAN_PEPPER_ROOT;10686;12;10683;18;;;10700;18;;;;;10693.0;54660.0
-2;691900;ASH_COATED_OSMIUM;9989;13;;;;;10005;13;10007;30;;;9997.0;13049.0
-2;691900;INTARIAN_PEPPER_ROOT;10686;9;10683;24;;;10700;24;;;;;10693.0;54660.0
-2;692000;ASH_COATED_OSMIUM;;;;;;;;;;;;;0.0;-106915.0
-2;692000;INTARIAN_PEPPER_ROOT;10686;12;10683;19;;;10698;12;10701;19;;;10692.0;54580.0
-2;692100;ASH_COATED_OSMIUM;9987;21;;;;;10005;13;10008;21;;;9996.0;13037.0
-2;692100;INTARIAN_PEPPER_ROOT;10686;8;10684;17;;;10698;8;10701;17;;;10692.0;54580.0
-2;692200;ASH_COATED_OSMIUM;9989;11;9987;21;;;10005;11;10008;21;;;9997.0;13049.0
-2;692200;INTARIAN_PEPPER_ROOT;10686;9;;;;;10688;5;10698;9;;;10687.0;54180.0
-2;692300;ASH_COATED_OSMIUM;9990;11;9987;30;;;10008;30;;;;;9999.0;13073.0
-2;692300;INTARIAN_PEPPER_ROOT;10686;11;10684;19;;;10698;11;10701;19;;;10692.0;54580.0
-2;692400;ASH_COATED_OSMIUM;9990;13;;;;;10006;13;;;;;9998.0;13061.0
-2;692400;INTARIAN_PEPPER_ROOT;10684;16;;;;;10698;12;10701;16;;;10691.0;54500.0
-2;692500;ASH_COATED_OSMIUM;9990;15;9988;22;;;10006;15;10009;22;;;9998.0;13061.0
-2;692500;INTARIAN_PEPPER_ROOT;10687;11;10684;18;;;;;;;;;10687.0;54180.0
-2;692600;ASH_COATED_OSMIUM;9991;12;;;;;10007;12;10009;22;;;9999.0;13073.0
-2;692600;INTARIAN_PEPPER_ROOT;10684;23;;;;;10698;12;10701;23;;;10691.0;54500.0
-2;692700;ASH_COATED_OSMIUM;9990;12;9988;21;;;10006;12;;;;;9998.0;13061.0
-2;692700;INTARIAN_PEPPER_ROOT;10684;18;;;;;10699;10;10701;18;;;10691.5;54540.0
-2;692800;ASH_COATED_OSMIUM;9990;12;;;;;10006;12;10009;26;;;9998.0;13061.0
-2;692800;INTARIAN_PEPPER_ROOT;10687;8;10684;19;;;10689;6;10699;8;10701;19;10688.0;54260.0
-2;692900;ASH_COATED_OSMIUM;9990;12;9988;23;;;10006;12;10009;23;;;9998.0;13061.0
-2;692900;INTARIAN_PEPPER_ROOT;10687;12;10684;15;;;10699;12;10701;15;;;10693.0;54660.0
-2;693000;ASH_COATED_OSMIUM;9991;14;9988;20;;;10009;20;;;;;10000.0;13085.0
-2;693000;INTARIAN_PEPPER_ROOT;;;;;;;10699;10;10702;21;;;10699.0;55140.0
-2;693100;ASH_COATED_OSMIUM;9996;2;9988;29;;;10007;11;10009;29;;;10001.5;13103.0
-2;693100;INTARIAN_PEPPER_ROOT;10685;25;;;;;10699;8;10702;25;;;10692.0;54580.0
-2;693200;ASH_COATED_OSMIUM;9990;15;9988;27;;;10006;15;10009;27;;;9998.0;13061.0
-2;693200;INTARIAN_PEPPER_ROOT;10685;18;;;;;10689;5;10699;12;10702;18;10687.0;54180.0
-2;693300;ASH_COATED_OSMIUM;9991;12;;;;;10007;12;10009;26;;;9999.0;13073.0
-2;693300;INTARIAN_PEPPER_ROOT;10687;12;10685;16;;;10699;12;;;;;10693.0;54660.0
-2;693400;ASH_COATED_OSMIUM;9988;20;;;;;10007;12;;;;;9997.5;13055.0
-2;693400;INTARIAN_PEPPER_ROOT;10688;8;10685;19;;;10699;8;10702;19;;;10693.5;54700.0
-2;693500;ASH_COATED_OSMIUM;9991;12;9988;29;;;10009;29;;;;;10000.0;13085.0
-2;693500;INTARIAN_PEPPER_ROOT;10688;8;10685;15;;;10699;8;10702;15;;;10693.5;54700.0
-2;693600;ASH_COATED_OSMIUM;9991;12;;;;;10007;12;10010;25;;;9999.0;13073.0
-2;693600;INTARIAN_PEPPER_ROOT;10688;11;10685;18;;;10699;11;10702;18;;;10693.5;54700.0
-2;693700;ASH_COATED_OSMIUM;9992;11;9989;22;;;10008;11;10010;22;;;10000.0;13085.0
-2;693700;INTARIAN_PEPPER_ROOT;10685;21;;;;;10700;10;10702;21;;;10692.5;54620.0
-2;693800;ASH_COATED_OSMIUM;;;;;;;10008;13;10010;26;;;10008.0;13181.0
-2;693800;INTARIAN_PEPPER_ROOT;10688;12;10685;22;;;10700;12;10702;22;;;10694.0;54740.0
-2;693900;ASH_COATED_OSMIUM;9992;15;9989;23;;;10008;15;10010;23;;;10000.0;13085.0
-2;693900;INTARIAN_PEPPER_ROOT;10688;8;10685;24;;;;;;;;;10688.0;54260.0
-2;694000;ASH_COATED_OSMIUM;9992;14;9989;26;;;10008;14;10010;26;;;10000.0;13085.0
-2;694000;INTARIAN_PEPPER_ROOT;10688;8;10685;17;;;10700;8;10703;17;;;10694.0;54740.0
-2;694100;ASH_COATED_OSMIUM;9992;14;9989;26;;;10008;14;10010;26;;;10000.0;13085.0
-2;694100;INTARIAN_PEPPER_ROOT;;;;;;;10700;12;10703;19;;;10700.0;55220.0
-2;694200;ASH_COATED_OSMIUM;9992;14;;;;;10008;14;10010;26;;;10000.0;13106.0
-2;694200;INTARIAN_PEPPER_ROOT;10688;11;10686;20;;;10700;11;10703;20;;;10694.0;54740.0
-2;694300;ASH_COATED_OSMIUM;9992;11;;;;;10008;11;10011;29;;;10000.0;13106.0
-2;694300;INTARIAN_PEPPER_ROOT;;;;;;;10700;8;10703;25;;;10700.0;55220.0
-2;694400;ASH_COATED_OSMIUM;9992;15;;;;;10011;23;;;;;10001.5;13128.5
-2;694400;INTARIAN_PEPPER_ROOT;10689;11;10686;25;;;10703;25;;;;;10696.0;54900.0
-2;694500;ASH_COATED_OSMIUM;9992;13;9990;24;;;10008;13;10011;24;;;10000.0;13106.0
-2;694500;INTARIAN_PEPPER_ROOT;10689;11;10686;20;;;10700;11;10703;20;;;10694.5;54780.0
-2;694600;ASH_COATED_OSMIUM;9992;12;9990;26;;;10008;12;10011;26;;;10000.0;13106.0
-2;694600;INTARIAN_PEPPER_ROOT;10689;12;;;;;10700;12;10703;23;;;10694.5;54780.0
-2;694700;ASH_COATED_OSMIUM;9992;14;9990;29;;;10008;14;;;;;10000.0;13106.0
-2;694700;INTARIAN_PEPPER_ROOT;10689;12;;;;;10701;12;10703;23;;;10695.0;54820.0
-2;694800;ASH_COATED_OSMIUM;9992;14;9989;20;;;10008;14;;;;;10000.0;13106.0
-2;694800;INTARIAN_PEPPER_ROOT;10689;9;10686;16;;;10701;9;10703;16;;;10695.0;54820.0
-2;694900;ASH_COATED_OSMIUM;9992;14;;;;;10008;14;10010;24;;;10000.0;13106.0
-2;694900;INTARIAN_PEPPER_ROOT;10689;11;;;;;10701;11;10703;25;;;10695.0;54820.0
-2;695000;ASH_COATED_OSMIUM;9991;14;9989;28;;;10010;28;;;;;10000.5;13113.5
-2;695000;INTARIAN_PEPPER_ROOT;10689;10;;;;;10704;16;;;;;10696.5;54940.0
-2;695100;ASH_COATED_OSMIUM;9991;10;;;;;10010;25;;;;;10000.5;13113.5
-2;695100;INTARIAN_PEPPER_ROOT;10689;9;10687;20;;;10701;9;10704;20;;;10695.0;54820.0
-2;695200;ASH_COATED_OSMIUM;9991;13;9989;27;;;10007;13;10010;27;;;9999.0;13091.0
-2;695200;INTARIAN_PEPPER_ROOT;10689;12;10687;18;;;10701;12;10704;18;;;10695.0;54820.0
-2;695300;ASH_COATED_OSMIUM;9991;12;9989;27;;;10007;12;10010;27;;;9999.0;13091.0
-2;695300;INTARIAN_PEPPER_ROOT;10689;9;10687;23;;;10701;9;10704;23;;;10695.0;54820.0
-2;695400;ASH_COATED_OSMIUM;9988;26;;;;;10007;14;10009;26;;;9997.5;13068.5
-2;695400;INTARIAN_PEPPER_ROOT;10690;8;10687;24;;;10701;8;10704;24;;;10695.5;54860.0
-2;695500;ASH_COATED_OSMIUM;9991;14;9989;24;;;10007;14;10010;24;;;9999.0;13091.0
-2;695500;INTARIAN_PEPPER_ROOT;10690;12;;;;;10701;12;10704;24;;;10695.5;54860.0
-2;695600;ASH_COATED_OSMIUM;9989;25;;;;;10007;15;10010;25;;;9998.0;13076.0
-2;695600;INTARIAN_PEPPER_ROOT;10690;11;;;;;10701;11;;;;;10695.5;54860.0
-2;695700;ASH_COATED_OSMIUM;9992;11;;;;;10008;11;10010;21;;;10000.0;13106.0
-2;695700;INTARIAN_PEPPER_ROOT;10687;25;;;;;10702;10;10704;25;;;10694.5;54780.0
-2;695800;ASH_COATED_OSMIUM;9991;15;9989;27;;;10007;15;10010;27;;;9999.0;13091.0
-2;695800;INTARIAN_PEPPER_ROOT;10690;8;;;;;10702;8;10704;15;;;10696.0;54900.0
-2;695900;ASH_COATED_OSMIUM;9992;12;;;;;10008;12;10010;29;;;10000.0;13106.0
-2;695900;INTARIAN_PEPPER_ROOT;10687;15;;;;;10702;10;10704;15;;;10694.5;54780.0
-2;696000;ASH_COATED_OSMIUM;9997;3;9989;27;;;10007;11;10010;27;;;10002.0;13136.0
-2;696000;INTARIAN_PEPPER_ROOT;10690;11;;;;;10702;11;;;;;10696.0;54900.0
-2;696100;ASH_COATED_OSMIUM;9992;11;;;;;10010;30;;;;;10001.0;13121.0
-2;696100;INTARIAN_PEPPER_ROOT;10690;9;10688;17;;;10705;17;;;;;10697.5;55020.0
-2;696200;ASH_COATED_OSMIUM;9997;4;9992;10;9989;27;10008;10;10010;27;;;10002.5;13143.5
-2;696200;INTARIAN_PEPPER_ROOT;10690;8;10688;23;;;10702;8;10705;23;;;10696.0;54900.0
-2;696300;ASH_COATED_OSMIUM;;;;;;;10010;28;;;;;10010.0;13256.0
-2;696300;INTARIAN_PEPPER_ROOT;10690;11;10688;17;;;10702;11;10705;17;;;10696.0;54900.0
-2;696400;ASH_COATED_OSMIUM;9992;12;9990;22;;;;;;;;;9992.0;12986.0
-2;696400;INTARIAN_PEPPER_ROOT;10688;17;;;;;10702;10;10705;17;;;10695.0;54820.0
-2;696500;ASH_COATED_OSMIUM;9992;10;9989;28;;;10008;10;10010;28;;;10000.0;13106.0
-2;696500;INTARIAN_PEPPER_ROOT;10691;10;10688;16;;;10705;16;;;;;10698.0;55060.0
-2;696600;ASH_COATED_OSMIUM;9992;14;9989;20;;;10008;14;10010;20;;;10000.0;13106.0
-2;696600;INTARIAN_PEPPER_ROOT;10691;8;10688;25;;;;;;;;;10691.0;54500.0
-2;696700;ASH_COATED_OSMIUM;9992;14;9989;21;;;10008;14;10010;21;;;10000.0;13106.0
-2;696700;INTARIAN_PEPPER_ROOT;10691;8;10688;16;;;10703;8;;;;;10697.0;54980.0
-2;696800;ASH_COATED_OSMIUM;9992;13;;;;;10008;13;10010;22;;;10000.0;13106.0
-2;696800;INTARIAN_PEPPER_ROOT;10691;9;10688;18;;;10703;9;;;;;10697.0;54980.0
-2;696900;ASH_COATED_OSMIUM;9990;29;;;;;10008;15;;;;;9999.0;13091.0
-2;696900;INTARIAN_PEPPER_ROOT;10691;9;10688;19;;;10703;9;10705;19;;;10697.0;54980.0
-2;697000;ASH_COATED_OSMIUM;9992;14;;;;;10008;14;10011;25;;;10000.0;13106.0
-2;697000;INTARIAN_PEPPER_ROOT;10691;9;10688;18;;;10703;9;10706;18;;;10697.0;54980.0
-2;697100;ASH_COATED_OSMIUM;9992;13;9990;20;;;10011;20;;;;;10001.5;13128.5
-2;697100;INTARIAN_PEPPER_ROOT;10689;19;;;;;10703;11;10706;19;;;10696.0;54900.0
-2;697200;ASH_COATED_OSMIUM;9992;15;9990;23;;;10008;15;10011;23;;;10000.0;13106.0
-2;697200;INTARIAN_PEPPER_ROOT;10691;11;;;;;;;;;;;10691.0;54500.0
-2;697300;ASH_COATED_OSMIUM;;;;;;;10008;15;10011;21;;;10008.0;13226.0
-2;697300;INTARIAN_PEPPER_ROOT;10691;9;10689;22;;;10703;9;10706;22;;;10697.0;54980.0
-2;697400;ASH_COATED_OSMIUM;9998;2;9992;12;9990;21;10008;12;10011;21;;;10003.0;13151.0
-2;697400;INTARIAN_PEPPER_ROOT;10692;8;10689;24;;;10703;8;;;;;10697.5;55020.0
-2;697500;ASH_COATED_OSMIUM;9992;11;9990;25;;;10002;5;10008;11;;;9997.0;13061.0
-2;697500;INTARIAN_PEPPER_ROOT;10692;11;10689;23;;;10706;23;;;;;10699.0;55140.0
-2;697600;ASH_COATED_OSMIUM;9992;12;9990;20;;;10002;4;10008;12;10011;20;9997.0;13061.0
-2;697600;INTARIAN_PEPPER_ROOT;10692;11;10689;17;;;10703;11;10706;17;;;10697.5;55020.0
-2;697700;ASH_COATED_OSMIUM;9992;13;;;;;10010;26;;;;;10001.0;13121.0
-2;697700;INTARIAN_PEPPER_ROOT;10689;22;;;;;10704;11;10706;22;;;10696.5;54940.0
-2;697800;ASH_COATED_OSMIUM;9991;13;9989;27;;;;;;;;;9991.0;12971.0
-2;697800;INTARIAN_PEPPER_ROOT;10692;8;10689;15;;;10699;11;10704;8;;;10695.5;54860.0
-2;697900;ASH_COATED_OSMIUM;9991;12;9989;25;;;10007;12;;;;;9999.0;13091.0
-2;697900;INTARIAN_PEPPER_ROOT;10692;11;10689;20;;;10706;20;;;;;10699.0;55140.0
-2;698000;ASH_COATED_OSMIUM;9989;21;;;;;;;;;;;9989.0;12941.0
-2;698000;INTARIAN_PEPPER_ROOT;10692;8;10689;21;;;10704;8;;;;;10698.0;55060.0
-2;698100;ASH_COATED_OSMIUM;9991;14;9989;29;;;10007;14;10010;29;;;9999.0;13105.0
-2;698100;INTARIAN_PEPPER_ROOT;10692;8;10690;22;;;;;;;;;10692.0;54580.0
-2;698200;ASH_COATED_OSMIUM;9991;11;9988;26;;;10007;11;10009;26;;;9999.0;13105.0
-2;698200;INTARIAN_PEPPER_ROOT;10692;9;10690;25;;;10704;9;10707;25;;;10698.0;55060.0
-2;698300;ASH_COATED_OSMIUM;9990;11;9988;20;;;10009;20;;;;;9999.5;13113.5
-2;698300;INTARIAN_PEPPER_ROOT;10692;11;10690;25;;;10704;11;10707;25;;;10698.0;55060.0
-2;698400;ASH_COATED_OSMIUM;9990;13;9988;29;;;9996;5;10006;13;10009;29;9993.0;12988.0
-2;698400;INTARIAN_PEPPER_ROOT;10693;9;10690;21;;;10704;9;;;;;10698.5;55100.0
-2;698500;ASH_COATED_OSMIUM;9991;12;9988;24;;;10007;12;10009;24;;;9999.0;13120.0
-2;698500;INTARIAN_PEPPER_ROOT;10693;8;10690;15;;;10704;8;10707;15;;;10698.5;55100.0
-2;698600;ASH_COATED_OSMIUM;9991;10;9988;25;;;10007;10;10009;25;;;9999.0;13120.0
-2;698600;INTARIAN_PEPPER_ROOT;10693;11;10690;17;;;10704;11;10707;17;;;10698.5;55100.0
-2;698700;ASH_COATED_OSMIUM;9991;10;9989;24;;;10010;24;;;;;10000.5;13153.0
-2;698700;INTARIAN_PEPPER_ROOT;10693;10;10690;20;;;10705;10;10707;20;;;10699.0;55140.0
-2;698800;ASH_COATED_OSMIUM;9991;14;9988;22;;;10007;14;10009;22;;;9999.0;13120.0
-2;698800;INTARIAN_PEPPER_ROOT;10693;11;;;;;10705;11;;;;;10699.0;55140.0
-2;698900;ASH_COATED_OSMIUM;9991;15;9988;27;;;10009;27;;;;;10000.0;13142.0
-2;698900;INTARIAN_PEPPER_ROOT;10693;10;10690;17;;;10705;10;;;;;10699.0;55140.0
-2;699000;ASH_COATED_OSMIUM;9991;11;9988;20;;;10007;11;10009;20;;;9999.0;13120.0
-2;699000;INTARIAN_PEPPER_ROOT;10693;11;10690;24;;;10708;24;;;;;10700.5;55260.0
-2;699100;ASH_COATED_OSMIUM;9990;10;9988;27;;;10006;10;10009;27;;;9998.0;13098.0
-2;699100;INTARIAN_PEPPER_ROOT;10693;12;10691;21;;;10705;12;10708;21;;;10699.0;55140.0
-2;699200;ASH_COATED_OSMIUM;9988;30;;;;;10007;11;10009;30;;;9997.5;13087.0
-2;699200;INTARIAN_PEPPER_ROOT;10693;8;10691;23;;;10705;8;10708;23;;;10699.0;55140.0
-2;699300;ASH_COATED_OSMIUM;9990;15;9988;23;;;10009;23;;;;;9999.5;13131.0
-2;699300;INTARIAN_PEPPER_ROOT;10693;11;10691;17;;;10708;17;;;;;10700.5;55260.0
-2;699400;ASH_COATED_OSMIUM;9991;14;9988;27;;;10007;14;10009;27;;;9999.0;13120.0
-2;699400;INTARIAN_PEPPER_ROOT;10694;12;10691;23;;;10705;12;10708;23;;;10699.5;55180.0
-2;699500;ASH_COATED_OSMIUM;9991;11;9988;23;;;10007;11;10009;23;;;9999.0;13120.0
-2;699500;INTARIAN_PEPPER_ROOT;10694;10;;;;;10705;10;10708;15;;;10699.5;55180.0
-2;699600;ASH_COATED_OSMIUM;9991;13;9988;26;;;10007;13;10009;26;;;9999.0;13120.0
-2;699600;INTARIAN_PEPPER_ROOT;10694;9;10691;18;;;10705;9;10708;18;;;10699.5;55180.0
-2;699700;ASH_COATED_OSMIUM;9988;22;;;;;10007;14;10009;22;;;9997.5;13087.0
-2;699700;INTARIAN_PEPPER_ROOT;10694;9;;;;;10706;9;;;;;10700.0;55220.0
-2;699800;ASH_COATED_OSMIUM;9991;11;9988;28;;;10007;11;10009;28;;;9999.0;13120.0
-2;699800;INTARIAN_PEPPER_ROOT;10691;15;;;;;10706;10;10708;15;;;10698.5;55100.0
-2;699900;ASH_COATED_OSMIUM;9991;10;;;;;10010;23;;;;;10000.5;13229.5
-2;699900;INTARIAN_PEPPER_ROOT;10691;16;;;;;10706;11;10708;16;;;10698.5;55100.0
-2;700000;ASH_COATED_OSMIUM;9991;10;9988;30;;;10007;10;10009;30;;;9999.0;13183.0
-2;700000;INTARIAN_PEPPER_ROOT;10694;10;10691;25;;;10706;10;;;;;10700.0;55220.0
-2;700100;ASH_COATED_OSMIUM;9991;15;;;;;10007;15;10009;28;;;9999.0;13183.0
-2;700100;INTARIAN_PEPPER_ROOT;10694;11;;;;;;;;;;;10694.0;54740.0
-2;700200;ASH_COATED_OSMIUM;9991;14;9988;26;;;10007;14;10009;26;;;9999.0;13183.0
-2;700200;INTARIAN_PEPPER_ROOT;10694;12;;;;;10706;12;10709;24;;;10700.0;55220.0
-2;700300;ASH_COATED_OSMIUM;9991;15;9988;29;;;10007;15;10009;29;;;9999.0;13183.0
-2;700300;INTARIAN_PEPPER_ROOT;10694;9;10692;21;;;10706;9;10709;21;;;10700.0;55220.0
-2;700400;ASH_COATED_OSMIUM;9991;12;9989;29;;;10010;29;;;;;10000.5;13229.5
-2;700400;INTARIAN_PEPPER_ROOT;10695;11;10692;18;;;10706;11;10709;18;;;10700.5;55260.0
-2;700500;ASH_COATED_OSMIUM;9991;13;9988;25;;;10007;13;10009;25;;;9999.0;13183.0
-2;700500;INTARIAN_PEPPER_ROOT;10695;11;10692;20;;;10706;11;10709;20;;;10700.5;55260.0
-2;700600;ASH_COATED_OSMIUM;9991;10;9988;22;;;10007;10;10009;22;;;9999.0;13204.0
-2;700600;INTARIAN_PEPPER_ROOT;10695;11;10692;22;;;10706;11;;;;;10700.5;55260.0
-2;700700;ASH_COATED_OSMIUM;9991;14;9988;30;;;10007;14;10009;30;;;9999.0;13204.0
-2;700700;INTARIAN_PEPPER_ROOT;10695;12;10692;19;;;10707;12;10709;19;;;10701.0;55300.0
-2;700800;ASH_COATED_OSMIUM;9991;15;9988;20;;;10000;5;10007;15;10009;20;9995.5;13085.0
-2;700800;INTARIAN_PEPPER_ROOT;10695;9;;;;;10709;16;;;;;10702.0;55380.0
-2;700900;ASH_COATED_OSMIUM;9990;15;9988;28;;;10006;15;10009;28;;;9998.0;13170.0
-2;700900;INTARIAN_PEPPER_ROOT;10692;21;;;;;10707;12;10709;21;;;10699.5;55180.0
-2;701000;ASH_COATED_OSMIUM;9988;28;;;;;10006;11;10009;28;;;9997.0;13136.0
-2;701000;INTARIAN_PEPPER_ROOT;10695;10;10692;20;;;10707;10;10710;20;;;10701.0;55300.0
-2;701100;ASH_COATED_OSMIUM;9990;14;9988;28;;;;;;;;;9990.0;12898.0
-2;701100;INTARIAN_PEPPER_ROOT;10695;11;;;;;10707;11;10710;17;;;10701.0;55300.0
-2;701200;ASH_COATED_OSMIUM;9988;23;;;;;10007;15;10009;23;;;9997.5;13153.0
-2;701200;INTARIAN_PEPPER_ROOT;10695;12;10693;16;;;10707;12;10710;16;;;10701.0;55300.0
-2;701300;ASH_COATED_OSMIUM;9989;29;;;;;10007;12;10010;29;;;9998.0;13170.0
-2;701300;INTARIAN_PEPPER_ROOT;10699;11;10695;11;10693;19;10707;11;10710;19;;;10703.0;55460.0
-2;701400;ASH_COATED_OSMIUM;9991;11;9989;30;;;10007;11;10010;30;;;9999.0;13204.0
-2;701400;INTARIAN_PEPPER_ROOT;10693;20;;;;;10707;8;10710;20;;;10700.0;55220.0
-2;701500;ASH_COATED_OSMIUM;9991;13;9988;28;;;10007;13;10009;28;;;9999.0;13204.0
-2;701500;INTARIAN_PEPPER_ROOT;10696;12;10693;25;;;10707;12;10710;25;;;10701.5;55340.0
-2;701600;ASH_COATED_OSMIUM;9991;10;9988;21;;;10009;21;;;;;10000.0;13238.0
-2;701600;INTARIAN_PEPPER_ROOT;10693;18;;;;;10707;9;10710;18;;;10700.0;55220.0
-2;701700;ASH_COATED_OSMIUM;9991;12;9989;21;;;10007;12;10010;21;;;9999.0;13204.0
-2;701700;INTARIAN_PEPPER_ROOT;10696;12;;;;;10708;12;10710;23;;;10702.0;55380.0
-2;701800;ASH_COATED_OSMIUM;9988;27;;;;;10007;11;;;;;9997.5;13153.0
-2;701800;INTARIAN_PEPPER_ROOT;10693;24;;;;;10708;10;10710;24;;;10700.5;55260.0
-2;701900;ASH_COATED_OSMIUM;9990;10;9988;28;;;10006;10;;;;;9998.0;13170.0
-2;701900;INTARIAN_PEPPER_ROOT;10696;12;;;;;10708;12;10710;21;;;10702.0;55380.0
-2;702000;ASH_COATED_OSMIUM;9990;13;9987;25;;;10006;13;10008;25;;;9998.0;13170.0
-2;702000;INTARIAN_PEPPER_ROOT;10696;10;10693;18;;;10708;10;;;;;10702.0;55380.0
-2;702100;ASH_COATED_OSMIUM;9990;14;9987;28;;;10006;14;10008;28;;;9998.0;13170.0
-2;702100;INTARIAN_PEPPER_ROOT;10696;10;10694;21;;;10708;10;10711;21;;;10702.0;55380.0
-2;702200;ASH_COATED_OSMIUM;9990;10;;;;;10006;10;10009;30;;;9998.0;13170.0
-2;702200;INTARIAN_PEPPER_ROOT;10696;10;;;;;10708;10;;;;;10702.0;55380.0
-2;702300;ASH_COATED_OSMIUM;9990;12;9988;21;;;10006;12;10009;21;;;9998.0;13170.0
-2;702300;INTARIAN_PEPPER_ROOT;10696;11;10694;16;;;10708;11;10711;16;;;10702.0;55380.0
-2;702400;ASH_COATED_OSMIUM;9991;13;9988;26;;;10007;13;10009;26;;;9999.0;13204.0
-2;702400;INTARIAN_PEPPER_ROOT;10697;9;10694;23;;;10711;23;;;;;10704.0;55540.0
-2;702500;ASH_COATED_OSMIUM;9990;11;;;;;10006;11;10009;21;;;9998.0;13170.0
-2;702500;INTARIAN_PEPPER_ROOT;10697;9;10694;16;;;10708;9;;;;;10702.5;55420.0
-2;702600;ASH_COATED_OSMIUM;9990;14;9988;30;;;10006;14;10009;30;;;9998.0;13170.0
-2;702600;INTARIAN_PEPPER_ROOT;10697;8;10694;24;;;10711;24;;;;;10704.0;55540.0
-2;702700;ASH_COATED_OSMIUM;9990;14;9988;28;;;10009;28;;;;;9999.5;13221.0
-2;702700;INTARIAN_PEPPER_ROOT;10697;11;10694;25;;;10699;6;10709;11;10711;25;10698.0;55060.0
-2;702800;ASH_COATED_OSMIUM;9990;13;9988;29;;;10006;13;10009;29;;;9998.0;13170.0
-2;702800;INTARIAN_PEPPER_ROOT;10697;9;10694;25;;;10711;25;;;;;10704.0;55540.0
-2;702900;ASH_COATED_OSMIUM;9988;22;;;;;10009;22;;;;;9998.5;13187.0
-2;702900;INTARIAN_PEPPER_ROOT;10697;10;;;;;10709;10;10711;20;;;10703.0;55460.0
-2;703000;ASH_COATED_OSMIUM;;;;;;;10006;11;10009;26;;;10006.0;13442.0
-2;703000;INTARIAN_PEPPER_ROOT;10697;8;;;;;10709;8;10712;25;;;10703.0;55460.0
-2;703100;ASH_COATED_OSMIUM;9990;14;;;;;10009;20;;;;;9999.5;13221.0
-2;703100;INTARIAN_PEPPER_ROOT;10697;8;10695;24;;;10709;8;10712;24;;;10703.0;55460.0
-2;703200;ASH_COATED_OSMIUM;;;;;;;10009;27;;;;;10009.0;13544.0
-2;703200;INTARIAN_PEPPER_ROOT;10697;10;10695;18;;;10709;10;;;;;10703.0;55460.0
-2;703300;ASH_COATED_OSMIUM;9990;11;9988;20;;;10006;11;;;;;9998.0;13170.0
-2;703300;INTARIAN_PEPPER_ROOT;10697;11;;;;;10709;11;10712;18;;;10703.0;55460.0
-2;703400;ASH_COATED_OSMIUM;9990;12;9988;25;;;10006;12;10009;25;;;9998.0;13170.0
-2;703400;INTARIAN_PEPPER_ROOT;10698;9;10695;15;;;10709;9;10712;15;;;10703.5;55500.0
-2;703500;ASH_COATED_OSMIUM;9990;14;;;;;10006;14;10008;24;;;9998.0;13170.0
-2;703500;INTARIAN_PEPPER_ROOT;10698;12;;;;;10709;12;10712;25;;;10703.5;55500.0
-2;703600;ASH_COATED_OSMIUM;9990;12;9987;25;;;10006;12;10008;25;;;9998.0;13170.0
-2;703600;INTARIAN_PEPPER_ROOT;10698;9;;;;;10709;9;10712;22;;;10703.5;55500.0
-2;703700;ASH_COATED_OSMIUM;9996;2;9990;13;9988;30;10006;13;10009;30;;;10001.0;13272.0
-2;703700;INTARIAN_PEPPER_ROOT;10698;9;10695;23;;;10710;9;10712;23;;;10704.0;55540.0
-2;703800;ASH_COATED_OSMIUM;9990;13;9988;26;;;10009;26;;;;;9999.5;13221.0
-2;703800;INTARIAN_PEPPER_ROOT;10698;9;10695;24;;;10710;9;10712;24;;;10704.0;55540.0
-2;703900;ASH_COATED_OSMIUM;9990;13;9988;30;;;10006;13;10009;30;;;9998.0;13170.0
-2;703900;INTARIAN_PEPPER_ROOT;10698;10;10695;16;;;10710;10;10712;16;;;10704.0;55540.0
-2;704000;ASH_COATED_OSMIUM;9987;24;;;;;10006;14;10008;24;;;9996.5;13119.0
-2;704000;INTARIAN_PEPPER_ROOT;10698;12;10695;16;;;10710;12;10713;16;;;10704.0;55540.0
-2;704100;ASH_COATED_OSMIUM;9990;10;9987;29;;;10008;29;;;;;9999.0;13204.0
-2;704100;INTARIAN_PEPPER_ROOT;10698;11;10696;20;;;10710;11;10713;20;;;10704.0;55540.0
-2;704200;ASH_COATED_OSMIUM;9990;12;9987;25;;;10006;12;10008;25;;;9998.0;13170.0
-2;704200;INTARIAN_PEPPER_ROOT;10698;11;10696;19;;;10710;11;10713;19;;;10704.0;55540.0
-2;704300;ASH_COATED_OSMIUM;;;;;;;10009;30;;;;;10009.0;13544.0
-2;704300;INTARIAN_PEPPER_ROOT;10698;9;10696;20;;;10713;20;;;;;10705.5;55660.0
-2;704400;ASH_COATED_OSMIUM;9996;3;9990;11;9988;24;10006;11;;;;;10001.0;13272.0
-2;704400;INTARIAN_PEPPER_ROOT;10699;12;10696;19;;;10713;19;;;;;10706.0;55700.0
-2;704500;ASH_COATED_OSMIUM;9990;11;9987;24;;;10006;11;10008;24;;;9998.0;13170.0
-2;704500;INTARIAN_PEPPER_ROOT;10699;9;;;;;10713;24;;;;;10706.0;55700.0
-2;704600;ASH_COATED_OSMIUM;9990;10;9987;23;;;10006;10;;;;;9998.0;13170.0
-2;704600;INTARIAN_PEPPER_ROOT;10696;22;;;;;10710;9;10713;22;;;10703.0;55460.0
-2;704700;ASH_COATED_OSMIUM;9990;12;9988;21;;;10006;12;;;;;9998.0;13170.0
-2;704700;INTARIAN_PEPPER_ROOT;10699;8;10696;24;;;10711;8;10713;24;;;10705.0;55620.0
-2;704800;ASH_COATED_OSMIUM;9990;12;9988;25;;;10006;12;10009;25;;;9998.0;13170.0
-2;704800;INTARIAN_PEPPER_ROOT;10699;8;10696;25;;;10711;8;10713;25;;;10705.0;55620.0
-2;704900;ASH_COATED_OSMIUM;9990;10;9988;27;;;10006;10;10009;27;;;9998.0;13170.0
-2;704900;INTARIAN_PEPPER_ROOT;10699;9;10696;18;;;10713;18;;;;;10706.0;55700.0
-2;705000;ASH_COATED_OSMIUM;9988;23;;;;;10006;10;10009;23;;;9997.0;13136.0
-2;705000;INTARIAN_PEPPER_ROOT;10696;22;;;;;10711;8;10714;22;;;10703.5;55500.0
-2;705100;ASH_COATED_OSMIUM;9990;14;9988;22;;;10006;14;10009;22;;;9998.0;13170.0
-2;705100;INTARIAN_PEPPER_ROOT;10699;9;10697;20;;;10711;9;10714;20;;;10705.0;55620.0
-2;705200;ASH_COATED_OSMIUM;9991;15;9988;24;;;10009;24;;;;;10000.0;13238.0
-2;705200;INTARIAN_PEPPER_ROOT;10699;9;10697;15;;;10711;9;;;;;10705.0;55620.0
-2;705300;ASH_COATED_OSMIUM;9991;14;9988;30;;;10007;14;;;;;9999.0;13204.0
-2;705300;INTARIAN_PEPPER_ROOT;10699;12;10697;15;;;10714;15;;;;;10706.5;55740.0
-2;705400;ASH_COATED_OSMIUM;;;;;;;10007;14;10009;23;;;10007.0;13476.0
-2;705400;INTARIAN_PEPPER_ROOT;10700;12;10697;15;;;10711;12;10714;15;;;10705.5;55660.0
-2;705500;ASH_COATED_OSMIUM;9988;21;;;;;10007;12;10009;21;;;9997.5;13153.0
-2;705500;INTARIAN_PEPPER_ROOT;10700;12;;;;;10711;12;10714;25;;;10705.5;55660.0
-2;705600;ASH_COATED_OSMIUM;9988;23;;;;;10006;12;10009;23;;;9997.0;13136.0
-2;705600;INTARIAN_PEPPER_ROOT;10700;9;10697;18;;;10711;9;10714;18;;;10705.5;55660.0
-2;705700;ASH_COATED_OSMIUM;9990;10;9988;30;;;10006;10;10009;30;;;9998.0;13170.0
-2;705700;INTARIAN_PEPPER_ROOT;10700;8;10697;22;;;10714;22;;;;;10707.0;55780.0
-2;705800;ASH_COATED_OSMIUM;9990;12;9988;27;;;10000;3;10006;12;10009;27;9995.0;13068.0
-2;705800;INTARIAN_PEPPER_ROOT;10700;9;10697;21;;;10712;9;10714;21;;;10706.0;55700.0
-2;705900;ASH_COATED_OSMIUM;9990;14;9987;25;;;9995;7;10006;14;10008;25;9992.5;12965.5
-2;705900;INTARIAN_PEPPER_ROOT;10700;10;;;;;10714;16;;;;;10707.0;55780.0
-2;706000;ASH_COATED_OSMIUM;9990;11;9987;23;;;10006;11;10008;23;;;9998.0;13191.0
-2;706000;INTARIAN_PEPPER_ROOT;;;;;;;10712;10;10715;21;;;10712.0;56180.0
-2;706100;ASH_COATED_OSMIUM;9995;4;9990;12;9987;21;10006;12;;;;;10000.5;13293.5
-2;706100;INTARIAN_PEPPER_ROOT;10700;10;10698;22;;;10712;10;10715;22;;;10706.0;55700.0
-2;706200;ASH_COATED_OSMIUM;9991;10;9988;29;;;10007;10;10009;29;;;9999.0;13232.0
-2;706200;INTARIAN_PEPPER_ROOT;10700;12;;;;;10712;12;10715;24;;;10706.0;55700.0
-2;706300;ASH_COATED_OSMIUM;9991;13;;;;;10007;13;10010;30;;;9999.0;13232.0
-2;706300;INTARIAN_PEPPER_ROOT;10700;10;10698;20;;;10712;10;;;;;10706.0;55700.0
-2;706400;ASH_COATED_OSMIUM;9997;3;9992;11;9989;26;10008;11;10010;26;;;10002.5;13375.5
-2;706400;INTARIAN_PEPPER_ROOT;10701;9;;;;;10715;17;;;;;10708.0;55860.0
-2;706500;ASH_COATED_OSMIUM;9992;10;9990;29;;;10011;29;;;;;10001.5;13334.5
-2;706500;INTARIAN_PEPPER_ROOT;10698;25;;;;;10712;9;10715;25;;;10705.0;55620.0
-2;706600;ASH_COATED_OSMIUM;9992;14;9990;27;;;10011;27;;;;;10001.5;13411.0
-2;706600;INTARIAN_PEPPER_ROOT;10701;11;;;;;10715;19;;;;;10708.0;55860.0
-2;706700;ASH_COATED_OSMIUM;9992;13;;;;;10008;13;10011;23;;;10000.0;13363.0
-2;706700;INTARIAN_PEPPER_ROOT;10701;12;10698;25;;;10713;12;10715;25;;;10707.0;55780.0
-2;706800;ASH_COATED_OSMIUM;9993;11;9990;26;;;9998;10;10009;11;10011;26;9995.5;13194.0
-2;706800;INTARIAN_PEPPER_ROOT;10701;8;10698;18;;;10713;8;;;;;10707.0;55780.0
-2;706900;ASH_COATED_OSMIUM;9993;12;9990;21;;;10009;12;10011;21;;;10001.0;13425.0
-2;706900;INTARIAN_PEPPER_ROOT;10701;10;10698;18;;;10713;10;;;;;10707.0;55780.0
-2;707000;ASH_COATED_OSMIUM;9993;12;9990;29;;;10011;29;;;;;10002.0;13467.0
-2;707000;INTARIAN_PEPPER_ROOT;10701;10;10698;19;;;10713;10;10716;19;;;10707.0;55780.0
-2;707100;ASH_COATED_OSMIUM;9993;12;9990;28;;;10009;12;10011;28;;;10001.0;13425.0
-2;707100;INTARIAN_PEPPER_ROOT;10701;10;10699;18;;;10713;10;10716;18;;;10707.0;55780.0
-2;707200;ASH_COATED_OSMIUM;9991;26;;;;;10009;11;10012;26;;;10000.0;13383.0
-2;707200;INTARIAN_PEPPER_ROOT;;;;;;;10713;9;10716;18;;;10713.0;56260.0
-2;707300;ASH_COATED_OSMIUM;9993;15;;;;;10009;15;10011;26;;;10001.0;13425.0
-2;707300;INTARIAN_PEPPER_ROOT;10701;8;10699;19;;;10713;8;10716;19;;;10707.0;55780.0
-2;707400;ASH_COATED_OSMIUM;9993;11;9991;24;;;10003;2;10009;11;;;9998.0;13299.0
-2;707400;INTARIAN_PEPPER_ROOT;10699;25;;;;;10713;12;10716;25;;;10706.0;55700.0
-2;707500;ASH_COATED_OSMIUM;9993;11;9991;24;;;10009;11;10012;24;;;10001.0;13425.0
-2;707500;INTARIAN_PEPPER_ROOT;10702;9;10699;20;;;10713;9;10716;20;;;10707.5;55820.0
-2;707600;ASH_COATED_OSMIUM;9994;14;;;;;10010;14;10012;23;;;10002.0;13467.0
-2;707600;INTARIAN_PEPPER_ROOT;10702;12;;;;;10716;15;;;;;10709.0;55940.0
-2;707700;ASH_COATED_OSMIUM;9994;13;9991;27;;;10010;13;10012;27;;;10002.0;13467.0
-2;707700;INTARIAN_PEPPER_ROOT;10702;12;;;;;10714;12;10716;22;;;10708.0;55860.0
-2;707800;ASH_COATED_OSMIUM;9999;4;9994;15;9991;30;10010;15;10012;30;;;10004.5;13572.0
-2;707800;INTARIAN_PEPPER_ROOT;10702;9;;;;;10716;20;;;;;10709.0;55940.0
-2;707900;ASH_COATED_OSMIUM;9994;10;9991;21;;;10010;10;10012;21;;;10002.0;13467.0
-2;707900;INTARIAN_PEPPER_ROOT;10702;9;10699;18;;;10714;9;10716;18;;;10708.0;55860.0
-2;708000;ASH_COATED_OSMIUM;9992;29;;;;;10010;13;10013;29;;;10001.0;13425.0
-2;708000;INTARIAN_PEPPER_ROOT;10702;11;10699;15;;;10714;11;10717;15;;;10708.0;55860.0
-2;708100;ASH_COATED_OSMIUM;9992;20;;;;;;;;;;;9992.0;13047.0
-2;708100;INTARIAN_PEPPER_ROOT;10702;8;10700;20;;;10714;8;;;;;10708.0;55860.0
-2;708200;ASH_COATED_OSMIUM;9991;30;;;;;10012;30;;;;;10001.5;13446.0
-2;708200;INTARIAN_PEPPER_ROOT;10702;9;;;;;10714;9;;;;;10708.0;55860.0
-2;708300;ASH_COATED_OSMIUM;9994;10;;;;;10010;10;10012;26;;;10002.0;13467.0
-2;708300;INTARIAN_PEPPER_ROOT;10700;23;;;;;10714;9;10717;23;;;10707.0;55780.0
-2;708400;ASH_COATED_OSMIUM;;;;;;;10010;11;;;;;10010.0;13803.0
-2;708400;INTARIAN_PEPPER_ROOT;10703;11;10700;23;;;10714;11;10717;23;;;10708.5;55900.0
-2;708500;ASH_COATED_OSMIUM;9993;14;;;;;10009;14;10012;27;;;10001.0;13425.0
-2;708500;INTARIAN_PEPPER_ROOT;10700;20;;;;;10714;11;10717;20;;;10707.0;55780.0
-2;708600;ASH_COATED_OSMIUM;9993;15;9990;22;;;10009;15;10011;22;;;10001.0;13425.0
-2;708600;INTARIAN_PEPPER_ROOT;10703;9;10700;24;;;10714;9;10717;24;;;10708.5;55900.0
-2;708700;ASH_COATED_OSMIUM;9993;15;;;;;10009;15;;;;;10001.0;13425.0
-2;708700;INTARIAN_PEPPER_ROOT;10700;19;;;;;10715;9;10717;19;;;10707.5;55820.0
-2;708800;ASH_COATED_OSMIUM;9993;11;9990;21;;;10009;11;10011;21;;;10001.0;13425.0
-2;708800;INTARIAN_PEPPER_ROOT;10703;9;10700;19;;;10715;9;;;;;10709.0;55940.0
-2;708900;ASH_COATED_OSMIUM;9993;14;9991;29;;;10009;14;10012;29;;;10001.0;13425.0
-2;708900;INTARIAN_PEPPER_ROOT;10703;12;10700;17;;;10715;12;;;;;10709.0;55940.0
-2;709000;ASH_COATED_OSMIUM;9993;15;9991;30;;;10009;15;10012;30;;;10001.0;13425.0
-2;709000;INTARIAN_PEPPER_ROOT;10703;11;;;;;10715;11;10718;23;;;10709.0;55940.0
-2;709100;ASH_COATED_OSMIUM;9993;14;9991;29;;;;;;;;;9993.0;13089.0
-2;709100;INTARIAN_PEPPER_ROOT;;;;;;;10715;12;;;;;10715.0;56420.0
-2;709200;ASH_COATED_OSMIUM;9994;15;9991;23;;;10010;15;10012;23;;;10002.0;13467.0
-2;709200;INTARIAN_PEPPER_ROOT;10701;18;;;;;10718;18;;;;;10709.5;55980.0
-2;709300;ASH_COATED_OSMIUM;9993;11;9991;26;;;10009;11;10012;26;;;10001.0;13425.0
-2;709300;INTARIAN_PEPPER_ROOT;10703;8;10701;18;;;10715;8;10718;18;;;10709.0;55940.0
-2;709400;ASH_COATED_OSMIUM;9994;13;9991;30;;;10010;13;;;;;10002.0;13467.0
-2;709400;INTARIAN_PEPPER_ROOT;10704;9;;;;;10715;9;10718;25;;;10709.5;55980.0
-2;709500;ASH_COATED_OSMIUM;9993;13;;;;;10009;13;;;;;10001.0;13425.0
-2;709500;INTARIAN_PEPPER_ROOT;10704;12;10701;24;;;10715;12;;;;;10709.5;55980.0
-2;709600;ASH_COATED_OSMIUM;9993;12;;;;;10009;12;10012;22;;;10001.0;13425.0
-2;709600;INTARIAN_PEPPER_ROOT;10701;20;;;;;10715;9;10718;20;;;10708.0;55860.0
-2;709700;ASH_COATED_OSMIUM;9993;11;9990;24;;;10009;11;10011;24;;;10001.0;13425.0
-2;709700;INTARIAN_PEPPER_ROOT;10704;9;10701;21;;;10716;9;10718;21;;;10710.0;56020.0
-2;709800;ASH_COATED_OSMIUM;9993;14;9990;26;;;10009;14;10011;26;;;10001.0;13425.0
-2;709800;INTARIAN_PEPPER_ROOT;10704;8;10701;22;;;10718;22;;;;;10711.0;56100.0
-2;709900;ASH_COATED_OSMIUM;9993;12;9990;30;;;10009;12;10011;30;;;10001.0;13425.0
-2;709900;INTARIAN_PEPPER_ROOT;10704;8;10701;20;;;10716;8;10718;20;;;10710.0;56020.0
-2;710000;ASH_COATED_OSMIUM;9990;25;;;;;10008;14;10011;25;;;9999.0;13341.0
-2;710000;INTARIAN_PEPPER_ROOT;10704;8;10701;20;;;10716;8;10719;20;;;10710.0;56020.0
-2;710100;ASH_COATED_OSMIUM;9992;12;;;;;10008;12;10011;25;;;10000.0;13404.0
-2;710100;INTARIAN_PEPPER_ROOT;10704;8;10702;19;;;10716;8;10719;19;;;10710.0;56020.0
-2;710200;ASH_COATED_OSMIUM;;;;;;;10002;4;10008;14;10011;30;10002.0;13494.0
-2;710200;INTARIAN_PEPPER_ROOT;10704;9;10702;23;;;10716;9;10719;23;;;10710.0;56020.0
-2;710300;ASH_COATED_OSMIUM;9990;28;;;;;10008;15;10011;28;;;9999.0;13359.0
-2;710300;INTARIAN_PEPPER_ROOT;10702;15;;;;;10719;15;;;;;10710.5;56060.0
-2;710400;ASH_COATED_OSMIUM;9992;10;9989;21;;;10008;10;;;;;10000.0;13404.0
-2;710400;INTARIAN_PEPPER_ROOT;10702;19;;;;;10716;12;;;;;10709.0;55940.0
-2;710500;ASH_COATED_OSMIUM;9992;11;9989;21;;;10008;11;;;;;10000.0;13446.0
-2;710500;INTARIAN_PEPPER_ROOT;10705;11;10702;17;;;10719;17;;;;;10712.0;56180.0
-2;710600;ASH_COATED_OSMIUM;;;;;;;10008;13;10011;26;;;10008.0;13758.0
-2;710600;INTARIAN_PEPPER_ROOT;10705;9;;;;;10716;9;10719;24;;;10710.5;56060.0
-2;710700;ASH_COATED_OSMIUM;9992;11;;;;;10008;11;;;;;10000.0;13446.0
-2;710700;INTARIAN_PEPPER_ROOT;10702;18;;;;;10717;11;10719;18;;;10709.5;55980.0
-2;710800;ASH_COATED_OSMIUM;9992;13;;;;;10008;13;10011;23;;;10000.0;13446.0
-2;710800;INTARIAN_PEPPER_ROOT;10705;11;;;;;10719;24;;;;;10712.0;56180.0
-2;710900;ASH_COATED_OSMIUM;9991;14;9989;22;;;10007;14;10010;22;;;9999.0;13407.0
-2;710900;INTARIAN_PEPPER_ROOT;;;;;;;10719;22;;;;;10719.0;56740.0
-2;711000;ASH_COATED_OSMIUM;9992;15;;;;;10008;15;10010;26;;;10000.0;13446.0
-2;711000;INTARIAN_PEPPER_ROOT;10705;8;;;;;10720;18;;;;;10712.5;56220.0
-2;711100;ASH_COATED_OSMIUM;;;;;;;10008;11;;;;;10008.0;13758.0
-2;711100;INTARIAN_PEPPER_ROOT;10705;8;;;;;10717;8;;;;;10711.0;56100.0
-2;711200;ASH_COATED_OSMIUM;9991;11;9989;23;;;10007;11;10010;23;;;9999.0;13407.0
-2;711200;INTARIAN_PEPPER_ROOT;10705;9;10703;15;;;10717;9;10720;15;;;10711.0;56100.0
-2;711300;ASH_COATED_OSMIUM;9991;15;9989;26;;;10007;15;10010;26;;;9999.0;13407.0
-2;711300;INTARIAN_PEPPER_ROOT;10703;22;;;;;10720;22;;;;;10711.5;56140.0
-2;711400;ASH_COATED_OSMIUM;9992;13;9989;26;;;10008;13;10010;26;;;10000.0;13446.0
-2;711400;INTARIAN_PEPPER_ROOT;10706;8;10703;24;;;10717;8;10720;24;;;10711.5;56140.0
-2;711500;ASH_COATED_OSMIUM;9992;13;9990;30;;;10008;13;10011;30;;;10000.0;13446.0
-2;711500;INTARIAN_PEPPER_ROOT;10706;11;10703;16;;;10717;11;10720;16;;;10711.5;56140.0
-2;711600;ASH_COATED_OSMIUM;9992;10;9990;20;;;10008;10;10011;20;;;10000.0;13446.0
-2;711600;INTARIAN_PEPPER_ROOT;10706;8;10703;15;;;10717;8;10720;15;;;10711.5;56140.0
-2;711700;ASH_COATED_OSMIUM;9992;12;9990;27;;;10008;12;10011;27;;;10000.0;13446.0
-2;711700;INTARIAN_PEPPER_ROOT;10706;9;10703;25;;;10718;9;10720;25;;;10712.0;56180.0
-2;711800;ASH_COATED_OSMIUM;9992;12;9990;20;;;10008;12;;;;;10000.0;13446.0
-2;711800;INTARIAN_PEPPER_ROOT;10706;9;10703;22;;;10720;22;;;;;10713.0;56260.0
-2;711900;ASH_COATED_OSMIUM;9992;10;9989;22;;;10008;10;10010;22;;;10000.0;13446.0
-2;711900;INTARIAN_PEPPER_ROOT;10706;8;;;;;10718;8;10720;17;;;10712.0;56180.0
-2;712000;ASH_COATED_OSMIUM;9992;10;9989;20;;;;;;;;;9992.0;13134.0
-2;712000;INTARIAN_PEPPER_ROOT;10703;25;;;;;10721;25;;;;;10712.0;56180.0
-2;712100;ASH_COATED_OSMIUM;9989;29;;;;;10007;14;10010;29;;;9998.0;13368.0
-2;712100;INTARIAN_PEPPER_ROOT;;;;;;;10718;12;10721;15;;;10718.0;56660.0
-2;712200;ASH_COATED_OSMIUM;9989;29;;;;;10007;10;10010;29;;;9998.0;13368.0
-2;712200;INTARIAN_PEPPER_ROOT;10706;11;10704;18;;;10718;11;;;;;10712.0;56180.0
-2;712300;ASH_COATED_OSMIUM;9991;15;9989;25;;;10001;5;10007;15;10010;25;9996.0;13290.0
-2;712300;INTARIAN_PEPPER_ROOT;10706;10;10704;23;;;10718;10;;;;;10712.0;56180.0
-2;712400;ASH_COATED_OSMIUM;9991;10;;;;;10007;10;10010;20;;;9999.0;13442.0
-2;712400;INTARIAN_PEPPER_ROOT;10707;10;10704;17;;;10718;10;10721;17;;;10712.5;56220.0
-2;712500;ASH_COATED_OSMIUM;9991;13;9988;24;;;10007;13;10009;24;;;9999.0;13442.0
-2;712500;INTARIAN_PEPPER_ROOT;10707;12;10704;21;;;10718;12;10721;21;;;10712.5;56220.0
-2;712600;ASH_COATED_OSMIUM;9990;11;9988;26;;;10006;11;10009;26;;;9998.0;13398.0
-2;712600;INTARIAN_PEPPER_ROOT;10704;18;;;;;10718;11;10721;18;;;10711.0;56100.0
-2;712700;ASH_COATED_OSMIUM;9988;22;;;;;10006;11;;;;;9997.0;13354.0
-2;712700;INTARIAN_PEPPER_ROOT;10707;8;10704;15;;;10719;8;;;;;10713.0;56260.0
-2;712800;ASH_COATED_OSMIUM;9990;11;9988;23;;;10006;11;10009;23;;;9998.0;13398.0
-2;712800;INTARIAN_PEPPER_ROOT;10707;9;10704;17;;;;;;;;;10707.0;55780.0
-2;712900;ASH_COATED_OSMIUM;9988;20;;;;;10006;10;;;;;9997.0;13354.0
-2;712900;INTARIAN_PEPPER_ROOT;10707;11;10704;18;;;10719;11;10721;18;;;10713.0;56260.0
-2;713000;ASH_COATED_OSMIUM;9988;30;;;;;10009;30;;;;;9998.5;13420.0
-2;713000;INTARIAN_PEPPER_ROOT;10707;9;;;;;10719;9;10722;17;;;10713.0;56260.0
-2;713100;ASH_COATED_OSMIUM;9990;12;;;;;;;;;;;9990.0;13046.0
-2;713100;INTARIAN_PEPPER_ROOT;10707;12;10705;17;;;10719;12;10722;17;;;10713.0;56260.0
-2;713200;ASH_COATED_OSMIUM;9990;13;9988;22;;;10006;13;10009;22;;;9998.0;13398.0
-2;713200;INTARIAN_PEPPER_ROOT;10707;8;10705;20;;;10719;8;;;;;10713.0;56260.0
-2;713300;ASH_COATED_OSMIUM;9990;15;;;;;10006;15;10009;21;;;9998.0;13398.0
-2;713300;INTARIAN_PEPPER_ROOT;10705;18;;;;;10719;11;10722;18;;;10712.0;56180.0
-2;713400;ASH_COATED_OSMIUM;9990;10;;;;;10006;10;10009;29;;;9998.0;13398.0
-2;713400;INTARIAN_PEPPER_ROOT;10708;12;10705;18;;;10719;12;;;;;10713.5;56300.0
-2;713500;ASH_COATED_OSMIUM;9987;22;;;;;10006;14;10008;22;;;9996.5;13332.0
-2;713500;INTARIAN_PEPPER_ROOT;10708;10;;;;;10722;24;;;;;10715.0;56420.0
-2;713600;ASH_COATED_OSMIUM;9988;29;;;;;10006;15;10009;29;;;9997.0;13354.0
-2;713600;INTARIAN_PEPPER_ROOT;10708;10;10705;25;;;10719;10;10722;25;;;10713.5;56300.0
-2;713700;ASH_COATED_OSMIUM;9990;11;9987;30;;;10006;11;10008;30;;;9998.0;13426.0
-2;713700;INTARIAN_PEPPER_ROOT;10708;11;10705;22;;;10720;11;10722;22;;;10714.0;56340.0
-2;713800;ASH_COATED_OSMIUM;9987;29;;;;;10005;14;;;;;9996.0;13330.0
-2;713800;INTARIAN_PEPPER_ROOT;10708;11;10705;21;;;10722;21;;;;;10715.0;56420.0
-2;713900;ASH_COATED_OSMIUM;9989;12;9986;23;;;10005;12;10007;23;;;9997.0;13378.0
-2;713900;INTARIAN_PEPPER_ROOT;10708;10;10705;20;;;10720;10;;;;;10714.0;56340.0
-2;714000;ASH_COATED_OSMIUM;9988;13;9986;28;;;10004;13;10007;28;;;9996.0;13379.0
-2;714000;INTARIAN_PEPPER_ROOT;10708;9;10705;24;;;10720;9;10723;24;;;10714.0;56340.0
-2;714100;ASH_COATED_OSMIUM;9988;14;9986;29;;;10004;14;;;;;9996.0;13379.0
-2;714100;INTARIAN_PEPPER_ROOT;10708;8;10706;25;;;10720;8;10723;25;;;10714.0;56340.0
-2;714200;ASH_COATED_OSMIUM;9989;15;;;;;10007;29;;;;;9998.0;13461.0
-2;714200;INTARIAN_PEPPER_ROOT;10708;12;10706;24;;;10720;12;10723;24;;;10714.0;56340.0
-2;714300;ASH_COATED_OSMIUM;9986;22;;;;;10004;11;10007;22;;;9995.0;13338.0
-2;714300;INTARIAN_PEPPER_ROOT;10708;11;10706;21;;;10720;11;10723;21;;;10714.0;56340.0
-2;714400;ASH_COATED_OSMIUM;9988;10;9986;20;;;10004;10;10007;20;;;9996.0;13379.0
-2;714400;INTARIAN_PEPPER_ROOT;10709;9;;;;;10723;20;;;;;10716.0;56500.0
-2;714500;ASH_COATED_OSMIUM;9989;15;9986;28;;;9994;10;;;;;9991.5;13169.5
-2;714500;INTARIAN_PEPPER_ROOT;;;;;;;10720;11;10723;15;;;10720.0;56820.0
-2;714600;ASH_COATED_OSMIUM;9986;23;;;;;;;;;;;9986.0;12889.0
-2;714600;INTARIAN_PEPPER_ROOT;10709;10;10706;16;;;10720;10;10723;16;;;10714.5;56380.0
-2;714700;ASH_COATED_OSMIUM;9988;13;9986;25;;;10004;13;10007;25;;;9996.0;13399.0
-2;714700;INTARIAN_PEPPER_ROOT;10706;17;;;;;10721;10;10723;17;;;10713.5;56300.0
-2;714800;ASH_COATED_OSMIUM;;;;;;;9999;3;10005;15;10008;24;9999.0;13552.0
-2;714800;INTARIAN_PEPPER_ROOT;10709;9;10706;17;;;;;;;;;10709.0;55940.0
-2;714900;ASH_COATED_OSMIUM;9989;15;9987;25;;;10005;15;10007;25;;;9997.0;13450.0
-2;714900;INTARIAN_PEPPER_ROOT;10712;7;10709;11;10706;17;10723;17;;;;;10717.5;56620.0
-2;715000;ASH_COATED_OSMIUM;9989;13;9987;28;;;10005;13;;;;;9997.0;13485.0
-2;715000;INTARIAN_PEPPER_ROOT;10709;8;10706;22;;;10721;8;;;;;10715.0;56420.0
-2;715100;ASH_COATED_OSMIUM;9989;12;9986;21;;;;;;;;;9989.0;13037.0
-2;715100;INTARIAN_PEPPER_ROOT;10709;10;10707;24;;;10721;10;10724;24;;;10715.0;56420.0
-2;715200;ASH_COATED_OSMIUM;9989;11;9987;24;;;10005;11;;;;;9997.0;13485.0
-2;715200;INTARIAN_PEPPER_ROOT;10709;12;10707;21;;;10724;21;;;;;10716.5;56540.0
-2;715300;ASH_COATED_OSMIUM;9989;11;9986;30;;;10005;11;;;;;9997.0;13485.0
-2;715300;INTARIAN_PEPPER_ROOT;10709;8;10707;25;;;10721;8;10724;25;;;10715.0;56420.0
-2;715400;ASH_COATED_OSMIUM;9989;14;9986;23;;;10005;14;;;;;9997.0;13485.0
-2;715400;INTARIAN_PEPPER_ROOT;10710;11;10707;15;;;10721;11;;;;;10715.5;56460.0
-2;715500;ASH_COATED_OSMIUM;9989;15;9986;23;;;10005;15;;;;;9997.0;13485.0
-2;715500;INTARIAN_PEPPER_ROOT;10707;19;;;;;10721;8;10724;19;;;10714.0;56340.0
-2;715600;ASH_COATED_OSMIUM;9989;14;9987;24;;;10005;14;10008;24;;;9997.0;13485.0
-2;715600;INTARIAN_PEPPER_ROOT;10710;11;10707;20;;;10721;11;10724;20;;;10715.5;56460.0
-2;715700;ASH_COATED_OSMIUM;9986;28;;;;;9998;3;10005;10;10007;28;9992.0;13220.0
-2;715700;INTARIAN_PEPPER_ROOT;10707;20;;;;;10724;20;;;;;10715.5;56460.0
-2;715800;ASH_COATED_OSMIUM;9989;10;9986;21;;;10005;10;10007;21;;;9997.0;13485.0
-2;715800;INTARIAN_PEPPER_ROOT;10710;12;10707;20;;;10722;12;10724;20;;;10716.0;56500.0
-2;715900;ASH_COATED_OSMIUM;9986;22;;;;;10005;15;10007;22;;;9995.5;13405.5
-2;715900;INTARIAN_PEPPER_ROOT;10710;9;10707;25;;;10722;9;;;;;10716.0;56500.0
-2;716000;ASH_COATED_OSMIUM;9989;14;9987;29;;;10005;14;10008;29;;;9997.0;13485.0
-2;716000;INTARIAN_PEPPER_ROOT;10710;8;10707;24;;;10722;8;10725;24;;;10716.0;56500.0
-2;716100;ASH_COATED_OSMIUM;;;;;;;10005;11;10008;23;;;10005.0;13909.0
-2;716100;INTARIAN_PEPPER_ROOT;10710;8;10708;18;;;10722;8;10725;18;;;10716.0;56500.0
-2;716200;ASH_COATED_OSMIUM;9986;29;;;;;10005;10;10007;29;;;9995.5;13405.5
-2;716200;INTARIAN_PEPPER_ROOT;10710;8;10708;15;;;10722;8;10725;15;;;10716.0;56500.0
-2;716300;ASH_COATED_OSMIUM;9988;12;9986;23;;;10004;12;10007;23;;;9996.0;13432.0
-2;716300;INTARIAN_PEPPER_ROOT;10710;8;10708;15;;;10722;8;10725;15;;;10716.0;56500.0
-2;716400;ASH_COATED_OSMIUM;9989;12;9986;21;;;10005;12;10007;21;;;9997.0;13485.0
-2;716400;INTARIAN_PEPPER_ROOT;10708;22;;;;;10722;8;10725;22;;;10715.0;56420.0
-2;716500;ASH_COATED_OSMIUM;9989;15;9986;24;;;10005;15;10007;24;;;9997.0;13485.0
-2;716500;INTARIAN_PEPPER_ROOT;10711;12;10708;25;;;10722;12;10725;25;;;10716.5;56540.0
-2;716600;ASH_COATED_OSMIUM;;;;;;;10005;15;10007;26;;;10005.0;13909.0
-2;716600;INTARIAN_PEPPER_ROOT;10711;11;;;;;10722;11;;;;;10716.5;56540.0
-2;716700;ASH_COATED_OSMIUM;9986;20;;;;;10005;13;10007;20;;;9995.5;13405.5
-2;716700;INTARIAN_PEPPER_ROOT;10708;23;;;;;10725;23;;;;;10716.5;56540.0
-2;716800;ASH_COATED_OSMIUM;9989;10;9986;25;;;10007;25;;;;;9998.0;13538.0
-2;716800;INTARIAN_PEPPER_ROOT;10711;8;;;;;10723;8;10725;18;;;10717.0;56580.0
-2;716900;ASH_COATED_OSMIUM;9986;28;;;;;10005;15;10007;28;;;9995.5;13405.5
-2;716900;INTARIAN_PEPPER_ROOT;10711;8;10708;19;;;10723;8;10725;19;;;10717.0;56580.0
-2;717000;ASH_COATED_OSMIUM;9989;14;;;;;10005;14;;;;;9997.0;13485.0
-2;717000;INTARIAN_PEPPER_ROOT;10711;12;10708;25;;;10723;12;10726;25;;;10717.0;56580.0
-2;717100;ASH_COATED_OSMIUM;9989;13;9987;26;;;10005;13;;;;;9997.0;13485.0
-2;717100;INTARIAN_PEPPER_ROOT;10711;12;10709;19;;;10713;6;10723;12;10726;19;10712.0;56180.0
-2;717200;ASH_COATED_OSMIUM;9990;15;9987;22;;;10006;15;10008;22;;;9998.0;13538.0
-2;717200;INTARIAN_PEPPER_ROOT;10711;11;;;;;10723;11;10726;19;;;10717.0;56580.0
-2;717300;ASH_COATED_OSMIUM;9990;11;;;;;10006;11;10009;25;;;9998.0;13538.0
-2;717300;INTARIAN_PEPPER_ROOT;10711;9;10709;23;;;;;;;;;10711.0;56100.0
-2;717400;ASH_COATED_OSMIUM;9990;10;9988;26;;;10006;10;10009;26;;;9998.0;13538.0
-2;717400;INTARIAN_PEPPER_ROOT;10712;9;;;;;10726;24;;;;;10719.0;56740.0
-2;717500;ASH_COATED_OSMIUM;9990;11;9988;24;;;10006;11;10009;24;;;9998.0;13538.0
-2;717500;INTARIAN_PEPPER_ROOT;10712;11;10709;19;;;10723;11;10726;19;;;10717.5;56620.0
-2;717600;ASH_COATED_OSMIUM;9990;14;9988;24;;;10006;14;10009;24;;;9998.0;13538.0
-2;717600;INTARIAN_PEPPER_ROOT;10712;9;;;;;10726;19;;;;;10719.0;56740.0
-2;717700;ASH_COATED_OSMIUM;9990;14;9988;23;;;10009;23;;;;;9999.5;13617.5
-2;717700;INTARIAN_PEPPER_ROOT;;;;;;;10724;8;10726;21;;;10724.0;57140.0
-2;717800;ASH_COATED_OSMIUM;9990;11;9987;28;;;10006;11;10008;28;;;9998.0;13538.0
-2;717800;INTARIAN_PEPPER_ROOT;10712;8;10709;17;;;10724;8;10726;17;;;10718.0;56660.0
-2;717900;ASH_COATED_OSMIUM;9990;14;9987;25;;;10006;14;;;;;9998.0;13538.0
-2;717900;INTARIAN_PEPPER_ROOT;10709;25;;;;;10724;8;10726;25;;;10716.5;56540.0
-2;718000;ASH_COATED_OSMIUM;9990;13;9987;20;;;10006;13;10008;20;;;9998.0;13538.0
-2;718000;INTARIAN_PEPPER_ROOT;10709;20;;;;;10724;10;;;;;10716.5;56540.0
-2;718100;ASH_COATED_OSMIUM;9990;15;9987;25;;;10008;25;;;;;9999.0;13591.0
-2;718100;INTARIAN_PEPPER_ROOT;10712;10;10710;20;;;10724;10;10727;20;;;10718.0;56660.0
-2;718200;ASH_COATED_OSMIUM;9990;10;9987;20;;;;;;;;;9990.0;13114.0
-2;718200;INTARIAN_PEPPER_ROOT;10712;10;10710;24;;;10724;10;;;;;10718.0;56660.0
-2;718300;ASH_COATED_OSMIUM;9990;13;;;;;10006;13;;;;;9998.0;13538.0
-2;718300;INTARIAN_PEPPER_ROOT;10710;18;;;;;10724;9;10727;18;;;10717.0;56580.0
-2;718400;ASH_COATED_OSMIUM;9990;12;9987;22;;;10006;12;10008;22;;;9998.0;13538.0
-2;718400;INTARIAN_PEPPER_ROOT;10713;8;10710;19;;;10724;8;;;;;10718.5;56700.0
-2;718500;ASH_COATED_OSMIUM;9990;12;9987;26;;;10006;12;;;;;9998.0;13538.0
-2;718500;INTARIAN_PEPPER_ROOT;10713;9;;;;;10724;9;;;;;10718.5;56700.0
-2;718600;ASH_COATED_OSMIUM;9989;13;9987;21;;;10005;13;10008;21;;;9997.0;13485.0
-2;718600;INTARIAN_PEPPER_ROOT;10713;8;10710;24;;;10724;8;10727;24;;;10718.5;56700.0
-2;718700;ASH_COATED_OSMIUM;9990;12;9987;24;;;10008;24;;;;;9999.0;13591.0
-2;718700;INTARIAN_PEPPER_ROOT;10713;9;10710;18;;;10725;9;10727;18;;;10719.0;56740.0
-2;718800;ASH_COATED_OSMIUM;9989;13;9987;22;;;;;;;;;9989.0;13061.0
-2;718800;INTARIAN_PEPPER_ROOT;10713;9;10710;23;;;10727;23;;;;;10720.0;56820.0
-2;718900;ASH_COATED_OSMIUM;9990;14;9987;21;;;10006;14;10008;21;;;9998.0;13538.0
-2;718900;INTARIAN_PEPPER_ROOT;10713;10;;;;;;;;;;;10713.0;56260.0
-2;719000;ASH_COATED_OSMIUM;9995;4;9990;10;;;10006;10;;;;;10000.5;13670.5
-2;719000;INTARIAN_PEPPER_ROOT;10713;12;10710;22;;;10725;12;;;;;10719.0;56740.0
-2;719100;ASH_COATED_OSMIUM;9990;15;9987;22;;;10006;15;10008;22;;;9998.0;13538.0
-2;719100;INTARIAN_PEPPER_ROOT;10713;9;;;;;10725;9;10728;19;;;10719.0;56740.0
-2;719200;ASH_COATED_OSMIUM;9990;13;9987;30;;;10006;13;10008;30;;;9998.0;13538.0
-2;719200;INTARIAN_PEPPER_ROOT;10713;11;10711;20;;;10725;11;;;;;10719.0;56740.0
-2;719300;ASH_COATED_OSMIUM;9990;13;9987;27;;;10008;27;;;;;9999.0;13591.0
-2;719300;INTARIAN_PEPPER_ROOT;10713;10;10711;18;;;10725;10;10728;18;;;10719.0;56740.0
-2;719400;ASH_COATED_OSMIUM;9990;12;;;;;10009;24;;;;;9999.5;13617.5
-2;719400;INTARIAN_PEPPER_ROOT;10714;9;10711;24;;;10725;9;10728;24;;;10719.5;56780.0
-2;719500;ASH_COATED_OSMIUM;9990;10;;;;;10006;10;10009;21;;;9998.0;13538.0
-2;719500;INTARIAN_PEPPER_ROOT;10714;9;10711;18;;;10725;9;10728;18;;;10719.5;56780.0
-2;719600;ASH_COATED_OSMIUM;9990;12;9988;28;;;10009;28;;;;;9999.5;13617.5
-2;719600;INTARIAN_PEPPER_ROOT;10714;11;;;;;10725;11;10728;20;;;10719.5;56780.0
-2;719700;ASH_COATED_OSMIUM;9990;14;9988;28;;;10006;14;;;;;9998.0;13538.0
-2;719700;INTARIAN_PEPPER_ROOT;10714;11;10711;18;;;;;;;;;10714.0;56340.0
-2;719800;ASH_COATED_OSMIUM;9990;10;9987;28;;;10006;10;;;;;9998.0;13538.0
-2;719800;INTARIAN_PEPPER_ROOT;10714;8;10711;17;;;10726;8;;;;;10720.0;56820.0
-2;719900;ASH_COATED_OSMIUM;9990;13;;;;;10006;13;10008;30;;;9998.0;13538.0
-2;719900;INTARIAN_PEPPER_ROOT;10714;12;10711;25;;;10726;12;10728;25;;;10720.0;56820.0
-2;720000;ASH_COATED_OSMIUM;9990;14;9987;24;;;10008;24;;;;;9999.0;13591.0
-2;720000;INTARIAN_PEPPER_ROOT;10714;10;10711;25;;;10726;10;10729;25;;;10720.0;56820.0
-2;720100;ASH_COATED_OSMIUM;9990;12;9987;21;;;10006;12;10008;21;;;9998.0;13538.0
-2;720100;INTARIAN_PEPPER_ROOT;10714;10;10712;20;;;10729;20;;;;;10721.5;56940.0
-2;720200;ASH_COATED_OSMIUM;9989;15;9987;20;;;10005;15;10008;20;;;9997.0;13485.0
-2;720200;INTARIAN_PEPPER_ROOT;10712;17;;;;;10726;12;10729;17;;;10719.0;56740.0
-2;720300;ASH_COATED_OSMIUM;9989;14;9987;22;;;10005;14;10008;22;;;9997.0;13485.0
-2;720300;INTARIAN_PEPPER_ROOT;10723;3;10714;9;10712;25;10726;9;10729;25;;;10724.5;57180.0
-2;720400;ASH_COATED_OSMIUM;9987;20;;;;;10005;12;10008;20;;;9996.0;13432.0
-2;720400;INTARIAN_PEPPER_ROOT;10723;8;10715;12;10712;15;10726;12;10729;15;;;10724.5;57180.0
-2;720500;ASH_COATED_OSMIUM;9989;15;9987;28;;;10005;15;;;;;9997.0;13485.0
-2;720500;INTARIAN_PEPPER_ROOT;10715;9;10712;15;;;10729;15;;;;;10722.0;56980.0
-2;720600;ASH_COATED_OSMIUM;9989;11;;;;;10005;11;10008;23;;;9997.0;13485.0
-2;720600;INTARIAN_PEPPER_ROOT;;;;;;;10726;11;10729;18;;;10726.0;57300.0
-2;720700;ASH_COATED_OSMIUM;9990;15;9987;20;;;;;;;;;9990.0;13114.0
-2;720700;INTARIAN_PEPPER_ROOT;10715;11;;;;;10727;11;;;;;10721.0;56900.0
-2;720800;ASH_COATED_OSMIUM;9990;15;9987;29;;;10006;15;10008;29;;;9998.0;13538.0
-2;720800;INTARIAN_PEPPER_ROOT;10715;12;10712;15;;;10727;12;10729;15;;;10721.0;56900.0
-2;720900;ASH_COATED_OSMIUM;9990;12;9987;28;;;10006;12;;;;;9998.0;13538.0
-2;720900;INTARIAN_PEPPER_ROOT;10712;20;;;;;10727;12;10729;20;;;10719.5;56780.0
-2;721000;ASH_COATED_OSMIUM;9991;14;9988;29;;;10007;14;10009;29;;;9999.0;13591.0
-2;721000;INTARIAN_PEPPER_ROOT;10715;9;10712;21;;;10727;9;10730;21;;;10721.0;56900.0
-2;721100;ASH_COATED_OSMIUM;9989;12;9987;29;;;10005;12;10008;29;;;9997.0;13485.0
-2;721100;INTARIAN_PEPPER_ROOT;10715;11;;;;;10727;11;10730;25;;;10721.0;56900.0
-2;721200;ASH_COATED_OSMIUM;9990;15;;;;;10006;15;10008;20;;;9998.0;13538.0
-2;721200;INTARIAN_PEPPER_ROOT;10715;9;10713;18;;;10727;9;10730;18;;;10721.0;56900.0
-2;721300;ASH_COATED_OSMIUM;;;;;;;10005;13;10008;20;;;10005.0;13909.0
-2;721300;INTARIAN_PEPPER_ROOT;10715;11;;;;;10727;11;10730;16;;;10721.0;56900.0
-2;721400;ASH_COATED_OSMIUM;9990;12;;;;;10008;21;;;;;9999.0;13591.0
-2;721400;INTARIAN_PEPPER_ROOT;10716;11;;;;;10727;11;10730;19;;;10721.5;56940.0
-2;721500;ASH_COATED_OSMIUM;9990;14;9987;24;;;10006;14;10008;24;;;9998.0;13538.0
-2;721500;INTARIAN_PEPPER_ROOT;10716;12;;;;;10727;12;10730;20;;;10721.5;56940.0
-2;721600;ASH_COATED_OSMIUM;9990;12;;;;;10006;12;10008;25;;;9998.0;13573.0
-2;721600;INTARIAN_PEPPER_ROOT;10716;12;10713;25;;;10718;3;10730;25;;;10717.0;56580.0
-2;721700;ASH_COATED_OSMIUM;9989;12;9987;29;;;10005;12;10008;29;;;9997.0;13525.0
-2;721700;INTARIAN_PEPPER_ROOT;;;;;;;10728;9;;;;;10728.0;57460.0
-2;721800;ASH_COATED_OSMIUM;9987;30;;;;;10008;30;;;;;9997.5;13549.0
-2;721800;INTARIAN_PEPPER_ROOT;10716;11;10713;18;;;10728;11;10730;18;;;10722.0;56980.0
-2;721900;ASH_COATED_OSMIUM;9990;15;9987;20;;;10006;15;;;;;9998.0;13573.0
-2;721900;INTARIAN_PEPPER_ROOT;10716;8;10713;19;;;10728;8;;;;;10722.0;56980.0
-2;722000;ASH_COATED_OSMIUM;9990;12;9987;28;;;10008;28;;;;;9999.0;13621.0
-2;722000;INTARIAN_PEPPER_ROOT;10713;25;;;;;10728;12;10731;25;;;10720.5;56860.0
-2;722100;ASH_COATED_OSMIUM;9989;10;;;;;9999;2;;;;;9994.0;13381.0
-2;722100;INTARIAN_PEPPER_ROOT;10714;15;;;;;10728;10;;;;;10721.0;56900.0
-2;722200;ASH_COATED_OSMIUM;9990;10;;;;;10006;10;10008;22;;;9998.0;13573.0
-2;722200;INTARIAN_PEPPER_ROOT;10716;8;;;;;10728;8;;;;;10722.0;56980.0
-2;722300;ASH_COATED_OSMIUM;9990;13;9987;28;;;9995;8;10006;13;10008;28;9992.5;13296.5
-2;722300;INTARIAN_PEPPER_ROOT;10714;21;;;;;10728;10;10731;21;;;10721.0;56900.0
-2;722400;ASH_COATED_OSMIUM;9995;4;9987;30;;;10006;11;10008;30;;;10000.5;13784.5
-2;722400;INTARIAN_PEPPER_ROOT;10717;9;10714;15;;;10728;9;;;;;10722.5;57020.0
-2;722500;ASH_COATED_OSMIUM;9987;20;;;;;10008;20;;;;;9997.5;13601.5
-2;722500;INTARIAN_PEPPER_ROOT;10717;9;10714;15;;;10728;9;10731;15;;;10722.5;57020.0
-2;722600;ASH_COATED_OSMIUM;9990;11;9987;23;;;10008;23;;;;;9999.0;13693.0
-2;722600;INTARIAN_PEPPER_ROOT;10717;9;;;;;10728;9;10731;21;;;10722.5;57020.0
-2;722700;ASH_COATED_OSMIUM;9990;15;9988;28;;;10006;15;;;;;9998.0;13632.0
-2;722700;INTARIAN_PEPPER_ROOT;10717;9;10714;24;;;10729;9;10731;24;;;10723.0;57060.0
-2;722800;ASH_COATED_OSMIUM;9990;13;9988;25;;;10009;25;;;;;9999.5;13740.5
-2;722800;INTARIAN_PEPPER_ROOT;10717;10;10714;16;;;10729;10;10731;16;;;10723.0;57060.0
-2;722900;ASH_COATED_OSMIUM;9990;13;9988;25;;;10006;13;10009;25;;;9998.0;13652.0
-2;722900;INTARIAN_PEPPER_ROOT;10717;8;;;;;10729;8;10731;20;;;10723.0;57060.0
-2;723000;ASH_COATED_OSMIUM;9988;20;;;;;;;;;;;9988.0;13062.0
-2;723000;INTARIAN_PEPPER_ROOT;10717;11;;;;;10729;11;10732;19;;;10723.0;57060.0
-2;723100;ASH_COATED_OSMIUM;9991;11;9988;27;;;10009;27;;;;;10000.0;13770.0
-2;723100;INTARIAN_PEPPER_ROOT;10717;9;10715;16;;;10729;9;10732;16;;;10723.0;57060.0
-2;723200;ASH_COATED_OSMIUM;9989;29;;;;;10007;13;10010;29;;;9998.0;13652.0
-2;723200;INTARIAN_PEPPER_ROOT;10717;9;10715;19;;;10732;19;;;;;10724.5;57180.0
-2;723300;ASH_COATED_OSMIUM;9989;25;;;;;10007;13;10010;25;;;9998.0;13652.0
-2;723300;INTARIAN_PEPPER_ROOT;10717;9;10715;15;;;10729;9;10732;15;;;10723.0;57060.0
-2;723400;ASH_COATED_OSMIUM;9991;13;;;;;10007;13;10010;21;;;9999.0;13711.0
-2;723400;INTARIAN_PEPPER_ROOT;10715;15;;;;;10729;9;;;;;10722.0;56980.0
-2;723500;ASH_COATED_OSMIUM;9991;13;9988;21;;;10009;21;;;;;10000.0;13770.0
-2;723500;INTARIAN_PEPPER_ROOT;10718;8;10715;21;;;10732;21;;;;;10725.0;57220.0
-2;723600;ASH_COATED_OSMIUM;9991;13;9989;23;;;10007;13;10010;23;;;9999.0;13753.0
-2;723600;INTARIAN_PEPPER_ROOT;10718;12;10715;22;;;10720;8;10729;12;10732;22;10719.0;56740.0
-2;723700;ASH_COATED_OSMIUM;9992;14;;;;;;;;;;;9992.0;13298.0
-2;723700;INTARIAN_PEPPER_ROOT;10718;10;10715;16;;;10730;10;10732;16;;;10724.0;57140.0
-2;723800;ASH_COATED_OSMIUM;9993;12;9990;23;;;10009;12;10011;23;;;10001.0;13883.0
-2;723800;INTARIAN_PEPPER_ROOT;;;;;;;10730;11;10732;22;;;10730.0;57620.0
-2;723900;ASH_COATED_OSMIUM;9993;15;9990;29;;;10009;15;10011;29;;;10001.0;13883.0
-2;723900;INTARIAN_PEPPER_ROOT;10718;12;10715;16;;;10730;12;10732;16;;;10724.0;57140.0
-2;724000;ASH_COATED_OSMIUM;9993;11;9990;28;;;10009;11;10011;28;;;10001.0;13883.0
-2;724000;INTARIAN_PEPPER_ROOT;10718;9;10715;22;;;10730;9;10733;22;;;10724.0;57140.0
-2;724100;ASH_COATED_OSMIUM;9993;12;9990;30;;;10009;12;10011;30;;;10001.0;13883.0
-2;724100;INTARIAN_PEPPER_ROOT;10718;8;;;;;10720;8;10730;8;10733;24;10719.0;56740.0
-2;724200;ASH_COATED_OSMIUM;9993;10;9991;27;;;10009;10;;;;;10001.0;13883.0
-2;724200;INTARIAN_PEPPER_ROOT;10718;10;10716;22;;;10726;7;10730;10;10733;22;10722.0;56980.0
-2;724300;ASH_COATED_OSMIUM;9993;15;9990;29;;;9998;4;10009;15;;;9995.5;13515.5
-2;724300;INTARIAN_PEPPER_ROOT;10718;12;10716;16;;;10730;12;10733;16;;;10724.0;57140.0
-2;724400;ASH_COATED_OSMIUM;9993;10;9991;29;;;10009;10;10012;29;;;10001.0;13895.0
-2;724400;INTARIAN_PEPPER_ROOT;10722;8;10719;10;;;10733;18;;;;;10727.5;57420.0
-2;724500;ASH_COATED_OSMIUM;9992;10;9990;22;;;10011;22;;;;;10001.5;13929.5
-2;724500;INTARIAN_PEPPER_ROOT;10719;11;;;;;10730;11;10733;16;;;10724.5;57180.0
-2;724600;ASH_COATED_OSMIUM;9992;14;;;;;;;;;;;9992.0;13274.0
-2;724600;INTARIAN_PEPPER_ROOT;10719;11;10716;22;;;10730;11;;;;;10724.5;57180.0
-2;724700;ASH_COATED_OSMIUM;9989;24;;;;;10008;14;10010;24;;;9998.5;13722.5
-2;724700;INTARIAN_PEPPER_ROOT;10716;21;;;;;10731;10;10733;21;;;10723.5;57100.0
-2;724800;ASH_COATED_OSMIUM;;;;;;;;;;;;;0.0;-676174.0
-2;724800;INTARIAN_PEPPER_ROOT;10719;10;10716;22;;;10731;10;10733;22;;;10725.0;57220.0
-2;724900;ASH_COATED_OSMIUM;;;;;;;10008;11;10011;29;;;10008.0;14378.0
-2;724900;INTARIAN_PEPPER_ROOT;10716;18;;;;;10731;11;;;;;10723.5;57100.0
-2;725000;ASH_COATED_OSMIUM;9990;29;;;;;10009;15;10011;29;;;9999.5;13791.5
-2;725000;INTARIAN_PEPPER_ROOT;10716;21;;;;;10734;21;;;;;10725.0;57220.0
-2;725100;ASH_COATED_OSMIUM;9992;14;9990;27;;;10008;14;;;;;10000.0;13826.0
-2;725100;INTARIAN_PEPPER_ROOT;10719;10;10717;15;;;10734;15;;;;;10726.5;57340.0
-2;725200;ASH_COATED_OSMIUM;9992;15;9989;27;;;10008;15;10010;27;;;10000.0;13826.0
-2;725200;INTARIAN_PEPPER_ROOT;10719;12;10717;23;;;10731;12;;;;;10725.0;57220.0
-2;725300;ASH_COATED_OSMIUM;9989;26;;;;;10008;12;10010;26;;;9998.5;13722.5
-2;725300;INTARIAN_PEPPER_ROOT;10719;10;10717;19;;;10734;19;;;;;10726.5;57340.0
-2;725400;ASH_COATED_OSMIUM;9991;10;9989;20;;;10007;10;10010;20;;;9999.0;13757.0
-2;725400;INTARIAN_PEPPER_ROOT;10720;9;10717;24;;;10731;9;10734;24;;;10725.5;57260.0
-2;725500;ASH_COATED_OSMIUM;9992;11;9990;28;;;;;;;;;9992.0;13274.0
-2;725500;INTARIAN_PEPPER_ROOT;10720;9;10717;20;;;10731;9;10734;20;;;10725.5;57260.0
-2;725600;ASH_COATED_OSMIUM;9993;12;9990;24;;;;;;;;;9993.0;13343.0
-2;725600;INTARIAN_PEPPER_ROOT;10720;9;10717;18;;;10731;9;10734;18;;;10725.5;57260.0
-2;725700;ASH_COATED_OSMIUM;9991;26;;;;;10009;14;10012;26;;;10000.0;13826.0
-2;725700;INTARIAN_PEPPER_ROOT;10720;11;10717;24;;;10732;11;10734;24;;;10726.0;57300.0
-2;725800;ASH_COATED_OSMIUM;9990;25;;;;;10009;13;10011;25;;;9999.5;13791.5
-2;725800;INTARIAN_PEPPER_ROOT;10720;10;;;;;10732;10;10734;21;;;10726.0;57300.0
-2;725900;ASH_COATED_OSMIUM;9993;12;9990;21;;;10011;21;;;;;10002.0;13964.0
-2;725900;INTARIAN_PEPPER_ROOT;10720;11;10717;22;;;10734;22;;;;;10727.0;57380.0
-2;726000;ASH_COATED_OSMIUM;9992;11;;;;;10008;11;10011;30;;;10000.0;13826.0
-2;726000;INTARIAN_PEPPER_ROOT;10720;11;10717;15;;;10732;11;10735;15;;;10726.0;57300.0
-2;726100;ASH_COATED_OSMIUM;9992;14;9990;23;;;10008;14;;;;;10000.0;13826.0
-2;726100;INTARIAN_PEPPER_ROOT;10720;12;10718;19;;;10732;12;10735;19;;;10726.0;57300.0
-2;726200;ASH_COATED_OSMIUM;9992;13;9990;25;;;10008;13;;;;;10000.0;13826.0
-2;726200;INTARIAN_PEPPER_ROOT;10720;11;;;;;10732;11;10735;15;;;10726.0;57300.0
-2;726300;ASH_COATED_OSMIUM;9992;12;9989;29;;;10008;12;10010;29;;;10000.0;13826.0
-2;726300;INTARIAN_PEPPER_ROOT;10720;9;10718;19;;;10732;9;10735;19;;;10726.0;57300.0
-2;726400;ASH_COATED_OSMIUM;9992;14;9990;22;;;10008;14;10011;22;;;10000.0;13826.0
-2;726400;INTARIAN_PEPPER_ROOT;10721;8;10718;21;;;10732;8;10735;21;;;10726.5;57340.0
-2;726500;ASH_COATED_OSMIUM;9993;15;9990;28;;;10009;15;;;;;10001.0;13895.0
-2;726500;INTARIAN_PEPPER_ROOT;10721;12;10718;17;;;10732;12;10735;17;;;10726.5;57340.0
-2;726600;ASH_COATED_OSMIUM;9993;12;;;;;10009;12;10011;20;;;10001.0;13895.0
-2;726600;INTARIAN_PEPPER_ROOT;10721;8;10718;17;;;10735;17;;;;;10728.0;57460.0
-2;726700;ASH_COATED_OSMIUM;9992;10;;;;;10008;10;10010;20;;;10000.0;13826.0
-2;726700;INTARIAN_PEPPER_ROOT;10721;9;;;;;10733;9;;;;;10727.0;57380.0
-2;726800;ASH_COATED_OSMIUM;9993;12;9990;23;;;10009;12;10011;23;;;10001.0;13895.0
-2;726800;INTARIAN_PEPPER_ROOT;10721;9;10718;20;;;10735;20;;;;;10728.0;57460.0
-2;726900;ASH_COATED_OSMIUM;9992;15;9989;24;;;10008;15;;;;;10000.0;13826.0
-2;726900;INTARIAN_PEPPER_ROOT;10721;11;10718;21;;;10733;11;10735;21;;;10727.0;57380.0
-2;727000;ASH_COATED_OSMIUM;9990;29;;;;;10008;14;10011;29;;;9999.0;13757.0
-2;727000;INTARIAN_PEPPER_ROOT;10721;8;10718;15;;;10733;8;;;;;10727.0;57380.0
-2;727100;ASH_COATED_OSMIUM;9992;10;9989;22;;;10008;10;10010;22;;;10000.0;13826.0
-2;727100;INTARIAN_PEPPER_ROOT;10721;10;10719;20;;;10733;10;;;;;10727.0;57380.0
-2;727200;ASH_COATED_OSMIUM;9992;10;;;;;10008;10;;;;;10000.0;13826.0
-2;727200;INTARIAN_PEPPER_ROOT;10721;9;10719;18;;;10733;9;;;;;10727.0;57380.0
-2;727300;ASH_COATED_OSMIUM;10002;9;9990;26;;;10008;14;10011;26;;;10005.0;14144.0
-2;727300;INTARIAN_PEPPER_ROOT;10721;12;;;;;10729;7;10733;12;10736;16;10725.0;57220.0
-2;727400;ASH_COATED_OSMIUM;;;;;;;;;;;;;0.0;-586156.0
-2;727400;INTARIAN_PEPPER_ROOT;10722;10;10719;23;;;10733;10;10736;23;;;10727.5;57420.0
-2;727500;ASH_COATED_OSMIUM;9993;13;9990;28;;;10011;28;;;;;10002.0;13964.0
-2;727500;INTARIAN_PEPPER_ROOT;10719;22;;;;;10733;11;10736;22;;;10726.0;57300.0
-2;727600;ASH_COATED_OSMIUM;9993;14;9990;26;;;10011;26;;;;;10002.0;13964.0
-2;727600;INTARIAN_PEPPER_ROOT;10722;11;10719;19;;;10733;11;10736;19;;;10727.5;57420.0
-2;727700;ASH_COATED_OSMIUM;9992;12;9990;26;;;10011;26;;;;;10001.5;13934.0
-2;727700;INTARIAN_PEPPER_ROOT;10722;11;10719;21;;;;;;;;;10722.0;56980.0
-2;727800;ASH_COATED_OSMIUM;9992;10;9989;24;;;10001;2;10008;10;10010;24;9996.5;13634.0
-2;727800;INTARIAN_PEPPER_ROOT;10722;9;10719;23;;;10734;9;10736;23;;;10728.0;57460.0
-2;727900;ASH_COATED_OSMIUM;9992;15;9989;25;;;10008;15;10010;25;;;10000.0;13844.0
-2;727900;INTARIAN_PEPPER_ROOT;10722;12;10719;22;;;10734;12;10736;22;;;10728.0;57460.0
-2;728000;ASH_COATED_OSMIUM;9992;10;9990;28;;;10008;10;10011;28;;;10000.0;13844.0
-2;728000;INTARIAN_PEPPER_ROOT;10722;8;10719;16;;;10734;8;10737;16;;;10728.0;57460.0
-2;728100;ASH_COATED_OSMIUM;9992;10;9989;24;;;10010;24;;;;;10001.0;13904.0
-2;728100;INTARIAN_PEPPER_ROOT;10722;9;10720;22;;;10734;9;;;;;10728.0;57460.0
-2;728200;ASH_COATED_OSMIUM;9997;3;9991;12;9989;24;10007;12;10010;24;;;10002.0;13964.0
-2;728200;INTARIAN_PEPPER_ROOT;10722;10;10720;25;;;10734;10;10737;25;;;10728.0;57460.0
-2;728300;ASH_COATED_OSMIUM;9991;11;9989;27;;;10007;11;;;;;9999.0;13784.0
-2;728300;INTARIAN_PEPPER_ROOT;10722;11;10720;15;;;10734;11;10737;15;;;10728.0;57460.0
-2;728400;ASH_COATED_OSMIUM;9989;26;;;;;10007;14;10010;26;;;9998.0;13724.0
-2;728400;INTARIAN_PEPPER_ROOT;10723;9;10720;19;;;10734;9;10737;19;;;10728.5;57500.0
-2;728500;ASH_COATED_OSMIUM;9991;12;;;;;10010;21;;;;;10000.5;13874.0
-2;728500;INTARIAN_PEPPER_ROOT;10723;10;10720;20;;;10734;10;10737;20;;;10728.5;57500.0
-2;728600;ASH_COATED_OSMIUM;9992;10;9989;29;;;10010;29;;;;;10001.0;13904.0
-2;728600;INTARIAN_PEPPER_ROOT;10723;11;10720;19;;;10725;3;10737;19;;;10724.0;57140.0
-2;728700;ASH_COATED_OSMIUM;9992;14;9989;29;;;10008;14;;;;;10000.0;13844.0
-2;728700;INTARIAN_PEPPER_ROOT;10720;18;;;;;10735;10;10737;18;;;10727.5;57420.0
-2;728800;ASH_COATED_OSMIUM;9991;15;9989;21;;;10007;15;10010;21;;;9999.0;13784.0
-2;728800;INTARIAN_PEPPER_ROOT;10720;16;;;;;10737;16;;;;;10728.5;57500.0
-2;728900;ASH_COATED_OSMIUM;9991;13;;;;;10007;13;10010;24;;;9999.0;13784.0
-2;728900;INTARIAN_PEPPER_ROOT;10723;12;10720;17;;;10735;12;10737;17;;;10729.0;57540.0
-2;729000;ASH_COATED_OSMIUM;9991;11;9989;30;;;10007;11;10010;30;;;9999.0;13784.0
-2;729000;INTARIAN_PEPPER_ROOT;10720;18;;;;;10735;8;10738;18;;;10727.5;57420.0
-2;729100;ASH_COATED_OSMIUM;9991;13;9989;27;;;10007;13;10010;27;;;9999.0;13784.0
-2;729100;INTARIAN_PEPPER_ROOT;10723;12;10721;16;;;10738;16;;;;;10730.5;57660.0
-2;729200;ASH_COATED_OSMIUM;9989;25;;;;;10010;25;;;;;9999.5;13814.0
-2;729200;INTARIAN_PEPPER_ROOT;10723;9;10721;22;;;10735;9;10738;22;;;10729.0;57540.0
-2;729300;ASH_COATED_OSMIUM;9991;11;9988;23;;;10007;11;;;;;9999.0;13784.0
-2;729300;INTARIAN_PEPPER_ROOT;10723;11;10721;15;;;10735;11;10738;15;;;10729.0;57540.0
-2;729400;ASH_COATED_OSMIUM;9990;10;9988;26;;;10006;10;;;;;9998.0;13724.0
-2;729400;INTARIAN_PEPPER_ROOT;10724;11;10721;19;;;10738;19;;;;;10731.0;57700.0
-2;729500;ASH_COATED_OSMIUM;9990;12;9988;29;;;10006;12;10009;29;;;9998.0;13724.0
-2;729500;INTARIAN_PEPPER_ROOT;10724;10;10721;16;;;10735;10;10738;16;;;10729.5;57580.0
-2;729600;ASH_COATED_OSMIUM;9990;11;9988;28;;;10006;11;10009;28;;;9998.0;13724.0
-2;729600;INTARIAN_PEPPER_ROOT;10724;9;;;;;10735;9;10738;17;;;10729.5;57580.0
-2;729700;ASH_COATED_OSMIUM;9990;15;;;;;10008;23;;;;;9999.0;13816.0
-2;729700;INTARIAN_PEPPER_ROOT;10724;9;10721;22;;;10736;9;10738;22;;;10730.0;57620.0
-2;729800;ASH_COATED_OSMIUM;9990;11;9987;27;;;10006;11;10008;27;;;9998.0;13760.0
-2;729800;INTARIAN_PEPPER_ROOT;10724;8;10721;22;;;10738;22;;;;;10731.0;57700.0
-2;729900;ASH_COATED_OSMIUM;9990;10;9987;23;;;10006;10;10008;23;;;9998.0;13760.0
-2;729900;INTARIAN_PEPPER_ROOT;10724;9;;;;;10736;9;10738;22;;;10730.0;57620.0
-2;730000;ASH_COATED_OSMIUM;9987;20;;;;;10006;15;10008;20;;;9996.5;13676.0
-2;730000;INTARIAN_PEPPER_ROOT;10724;10;10721;23;;;10739;23;;;;;10731.5;57740.0
-2;730100;ASH_COATED_OSMIUM;9989;14;9987;20;;;10005;14;10007;20;;;9997.0;13704.0
-2;730100;INTARIAN_PEPPER_ROOT;10722;24;;;;;10736;10;;;;;10729.0;57540.0
-2;730200;ASH_COATED_OSMIUM;9986;26;;;;;10005;15;10007;26;;;9995.5;13620.0
-2;730200;INTARIAN_PEPPER_ROOT;10724;12;10722;19;;;10736;12;10739;19;;;10730.0;57620.0
-2;730300;ASH_COATED_OSMIUM;;;;;;;10005;12;10008;23;;;10005.0;14152.0
-2;730300;INTARIAN_PEPPER_ROOT;10724;11;10722;21;;;10736;11;10739;21;;;10730.0;57620.0
-2;730400;ASH_COATED_OSMIUM;9989;11;;;;;10005;11;10007;23;;;9997.0;13704.0
-2;730400;INTARIAN_PEPPER_ROOT;10725;10;10722;20;;;10736;10;10739;20;;;10730.5;57660.0
-2;730500;ASH_COATED_OSMIUM;9989;13;;;;;10005;13;10008;21;;;9997.0;13704.0
-2;730500;INTARIAN_PEPPER_ROOT;10722;21;;;;;10736;12;10739;21;;;10729.0;57540.0
-2;730600;ASH_COATED_OSMIUM;9989;14;9987;27;;;10005;14;10008;27;;;9997.0;13704.0
-2;730600;INTARIAN_PEPPER_ROOT;10725;11;10722;19;;;10736;11;10739;19;;;10730.5;57660.0
-2;730700;ASH_COATED_OSMIUM;9986;25;;;;;10005;12;;;;;9995.5;13620.0
-2;730700;INTARIAN_PEPPER_ROOT;10725;10;10722;19;;;10737;10;10739;19;;;10731.0;57700.0
-2;730800;ASH_COATED_OSMIUM;9989;12;9986;22;;;10005;12;10007;22;;;9997.0;13704.0
-2;730800;INTARIAN_PEPPER_ROOT;10725;10;10722;21;;;10737;10;10739;21;;;10731.0;57700.0
-2;730900;ASH_COATED_OSMIUM;9986;22;;;;;10005;11;10007;22;;;9995.5;13620.0
-2;730900;INTARIAN_PEPPER_ROOT;10725;10;10722;23;;;10737;10;10739;23;;;10731.0;57700.0
-2;731000;ASH_COATED_OSMIUM;9989;14;;;;;;;;;;;9989.0;13256.0
-2;731000;INTARIAN_PEPPER_ROOT;10725;11;10722;16;;;10737;11;;;;;10731.0;57700.0
-2;731100;ASH_COATED_OSMIUM;9988;11;9986;23;;;10007;23;;;;;9997.5;13757.5
-2;731100;INTARIAN_PEPPER_ROOT;10725;8;10723;21;;;10737;8;10740;21;;;10731.0;57700.0
-2;731200;ASH_COATED_OSMIUM;9986;27;;;;;10007;27;;;;;9996.5;13698.5
-2;731200;INTARIAN_PEPPER_ROOT;10725;8;10723;15;;;10737;8;;;;;10731.0;57700.0
-2;731300;ASH_COATED_OSMIUM;9988;12;9986;24;;;10004;12;10007;24;;;9996.0;13669.0
-2;731300;INTARIAN_PEPPER_ROOT;;;;;;;10737;10;10740;19;;;10737.0;58180.0
-2;731400;ASH_COATED_OSMIUM;9988;11;;;;;10004;11;10007;30;;;9996.0;13669.0
-2;731400;INTARIAN_PEPPER_ROOT;10726;12;10723;22;;;10737;12;10740;22;;;10731.5;57740.0
-2;731500;ASH_COATED_OSMIUM;;;;;;;10004;14;;;;;10004.0;14141.0
-2;731500;INTARIAN_PEPPER_ROOT;10726;12;10723;18;;;10740;18;;;;;10733.0;57860.0
-2;731600;ASH_COATED_OSMIUM;9988;12;9985;30;;;10004;12;10006;30;;;9996.0;13669.0
-2;731600;INTARIAN_PEPPER_ROOT;10726;12;10723;24;;;10737;12;;;;;10731.5;57740.0
-2;731700;ASH_COATED_OSMIUM;;;;;;;10004;12;10007;24;;;10004.0;14141.0
-2;731700;INTARIAN_PEPPER_ROOT;10726;9;10723;24;;;10738;9;10740;24;;;10732.0;57780.0
-2;731800;ASH_COATED_OSMIUM;9988;14;9986;23;;;10007;23;;;;;9997.5;13757.5
-2;731800;INTARIAN_PEPPER_ROOT;10723;21;;;;;10738;11;10740;21;;;10730.5;57660.0
-2;731900;ASH_COATED_OSMIUM;9988;11;9986;24;;;10004;11;10007;24;;;9996.0;13669.0
-2;731900;INTARIAN_PEPPER_ROOT;10726;12;10723;21;;;;;;;;;10726.0;57300.0
-2;732000;ASH_COATED_OSMIUM;9986;29;;;;;10007;29;;;;;9996.5;13698.5
-2;732000;INTARIAN_PEPPER_ROOT;10726;8;10723;25;;;10738;8;10741;25;;;10732.0;57780.0
-2;732100;ASH_COATED_OSMIUM;9986;27;;;;;10004;14;10007;27;;;9995.0;13610.0
-2;732100;INTARIAN_PEPPER_ROOT;10726;9;10724;24;;;;;;;;;10726.0;57300.0
-2;732200;ASH_COATED_OSMIUM;9986;28;;;;;10004;14;10007;28;;;9995.0;13610.0
-2;732200;INTARIAN_PEPPER_ROOT;10726;12;10724;21;;;10738;12;10741;21;;;10732.0;57780.0
-2;732300;ASH_COATED_OSMIUM;9988;15;;;;;10004;15;;;;;9996.0;13669.0
-2;732300;INTARIAN_PEPPER_ROOT;10726;10;10724;16;;;10738;10;10741;16;;;10732.0;57780.0
-2;732400;ASH_COATED_OSMIUM;9988;14;9986;20;;;10004;14;;;;;9996.0;13669.0
-2;732400;INTARIAN_PEPPER_ROOT;10727;12;10724;24;;;10738;12;10741;24;;;10732.5;57820.0
-2;732500;ASH_COATED_OSMIUM;9988;12;9985;22;;;10004;12;10006;22;;;9996.0;13669.0
-2;732500;INTARIAN_PEPPER_ROOT;;;;;;;10738;12;10741;19;;;10738.0;58260.0
-2;732600;ASH_COATED_OSMIUM;9987;10;9985;30;;;10003;10;10006;30;;;9995.0;13610.0
-2;732600;INTARIAN_PEPPER_ROOT;10727;12;10724;21;;;10738;12;10741;21;;;10732.5;57820.0
-2;732700;ASH_COATED_OSMIUM;9987;11;9985;25;;;10003;11;10006;25;;;9995.0;13610.0
-2;732700;INTARIAN_PEPPER_ROOT;10727;8;10724;19;;;10739;8;;;;;10733.0;57860.0
-2;732800;ASH_COATED_OSMIUM;9987;15;;;;;10006;27;;;;;9996.5;13698.5
-2;732800;INTARIAN_PEPPER_ROOT;10727;8;10724;18;;;10739;8;10741;18;;;10733.0;57860.0
-2;732900;ASH_COATED_OSMIUM;;;;;;;10003;11;;;;;10003.0;14082.0
-2;732900;INTARIAN_PEPPER_ROOT;10727;9;10724;18;;;10739;9;10741;18;;;10733.0;57860.0
-2;733000;ASH_COATED_OSMIUM;9988;13;9985;22;;;10004;13;10006;22;;;9996.0;13669.0
-2;733000;INTARIAN_PEPPER_ROOT;10727;12;10724;18;;;10739;12;10742;18;;;10733.0;57860.0
-2;733100;ASH_COATED_OSMIUM;9988;13;9986;24;;;10007;24;;;;;9997.5;13757.5
-2;733100;INTARIAN_PEPPER_ROOT;10727;12;10725;16;;;10739;12;10742;16;;;10733.0;57860.0
-2;733200;ASH_COATED_OSMIUM;9988;13;9986;24;;;10004;13;;;;;9996.0;13669.0
-2;733200;INTARIAN_PEPPER_ROOT;10727;8;10725;25;;;10742;25;;;;;10734.5;57980.0
-2;733300;ASH_COATED_OSMIUM;;;;;;;9998;2;10007;26;;;9998.0;13787.0
-2;733300;INTARIAN_PEPPER_ROOT;10727;9;10725;16;;;10739;9;10742;16;;;10733.0;57860.0
-2;733400;ASH_COATED_OSMIUM;9989;15;9986;28;;;10005;15;10007;28;;;9997.0;13728.0
-2;733400;INTARIAN_PEPPER_ROOT;10725;18;;;;;10742;18;;;;;10733.5;57900.0
-2;733500;ASH_COATED_OSMIUM;9989;14;9986;26;;;10007;26;;;;;9998.0;13787.0
-2;733500;INTARIAN_PEPPER_ROOT;10728;10;10725;19;;;10739;10;10742;19;;;10733.5;57900.0
-2;733600;ASH_COATED_OSMIUM;9989;15;9986;20;;;10005;15;10007;20;;;9997.0;13728.0
-2;733600;INTARIAN_PEPPER_ROOT;10728;11;10725;16;;;10739;11;10742;16;;;10733.5;57900.0
-2;733700;ASH_COATED_OSMIUM;9989;12;9986;20;;;;;;;;;9989.0;13256.0
-2;733700;INTARIAN_PEPPER_ROOT;10728;9;;;;;10740;9;10742;19;;;10734.0;57940.0
-2;733800;ASH_COATED_OSMIUM;9989;10;;;;;10005;10;10007;29;;;9997.0;13728.0
-2;733800;INTARIAN_PEPPER_ROOT;10728;12;10725;18;;;10742;18;;;;;10735.0;58020.0
-2;733900;ASH_COATED_OSMIUM;9989;10;9986;29;;;10007;29;;;;;9998.0;13787.0
-2;733900;INTARIAN_PEPPER_ROOT;10728;9;10725;25;;;10740;9;10742;25;;;10734.0;57940.0
-2;734000;ASH_COATED_OSMIUM;9989;10;9986;27;;;10005;10;10007;27;;;9997.0;13728.0
-2;734000;INTARIAN_PEPPER_ROOT;10728;10;10725;24;;;;;;;;;10728.0;57460.0
-2;734100;ASH_COATED_OSMIUM;9989;14;9986;26;;;10007;26;;;;;9998.0;13787.0
-2;734100;INTARIAN_PEPPER_ROOT;10728;11;10726;19;;;10740;11;10743;19;;;10734.0;57940.0
-2;734200;ASH_COATED_OSMIUM;9989;11;9986;21;;;10005;11;;;;;9997.0;13728.0
-2;734200;INTARIAN_PEPPER_ROOT;10728;9;10726;24;;;10740;9;;;;;10734.0;57940.0
-2;734300;ASH_COATED_OSMIUM;9989;12;9987;29;;;10005;12;10008;29;;;9997.0;13728.0
-2;734300;INTARIAN_PEPPER_ROOT;10728;8;10726;15;;;10740;8;10743;15;;;10734.0;57940.0
-2;734400;ASH_COATED_OSMIUM;9990;15;9987;29;;;10006;15;10008;29;;;9998.0;13787.0
-2;734400;INTARIAN_PEPPER_ROOT;10726;17;;;;;10740;12;10743;17;;;10733.0;57860.0
-2;734500;ASH_COATED_OSMIUM;9989;10;;;;;10005;10;10008;25;;;9997.0;13728.0
-2;734500;INTARIAN_PEPPER_ROOT;10729;12;10726;21;;;10740;12;;;;;10734.5;57980.0
-2;734600;ASH_COATED_OSMIUM;9989;10;9987;21;;;10005;10;10008;21;;;9997.0;13728.0
-2;734600;INTARIAN_PEPPER_ROOT;;;;;;;10740;11;10743;24;;;10740.0;58420.0
-2;734700;ASH_COATED_OSMIUM;9999;8;9989;15;9987;21;10005;15;10008;21;;;10002.0;13999.0
-2;734700;INTARIAN_PEPPER_ROOT;10729;8;10726;22;;;10741;8;10743;22;;;10735.0;58020.0
-2;734800;ASH_COATED_OSMIUM;9989;10;9987;25;;;9999;4;10005;10;10008;25;9994.0;13591.0
-2;734800;INTARIAN_PEPPER_ROOT;10729;8;10726;18;;;10741;8;10743;18;;;10735.0;58020.0
-2;734900;ASH_COATED_OSMIUM;9989;12;9986;20;;;10007;20;;;;;9998.0;13795.0
-2;734900;INTARIAN_PEPPER_ROOT;10732;9;10729;9;10726;17;10741;9;10743;17;;;10736.5;58140.0
-2;735000;ASH_COATED_OSMIUM;9989;12;9987;27;;;10005;12;10008;27;;;9997.0;13744.0
-2;735000;INTARIAN_PEPPER_ROOT;10729;11;10726;23;;;10741;11;10744;23;;;10735.0;58020.0
-2;735100;ASH_COATED_OSMIUM;9995;5;9989;12;9987;22;10005;12;10008;22;;;10000.0;13897.0
-2;735100;INTARIAN_PEPPER_ROOT;10729;10;10727;18;;;10741;10;10744;18;;;10735.0;58020.0
-2;735200;ASH_COATED_OSMIUM;9990;15;9987;23;;;10006;15;;;;;9998.0;13795.0
-2;735200;INTARIAN_PEPPER_ROOT;10729;11;10727;17;;;10741;11;10744;17;;;10735.0;58020.0
-2;735300;ASH_COATED_OSMIUM;;;;;;;10005;13;10007;26;;;10005.0;14152.0
-2;735300;INTARIAN_PEPPER_ROOT;10729;11;;;;;10741;11;;;;;10735.0;58020.0
-2;735400;ASH_COATED_OSMIUM;9989;12;9986;29;;;10005;12;10007;29;;;9997.0;13786.0
-2;735400;INTARIAN_PEPPER_ROOT;10730;8;;;;;10741;8;10744;24;;;10735.5;58060.0
-2;735500;ASH_COATED_OSMIUM;9986;25;;;;;10005;13;10007;25;;;9995.5;13700.5
-2;735500;INTARIAN_PEPPER_ROOT;10730;12;10727;21;;;10741;12;;;;;10735.5;58060.0
-2;735600;ASH_COATED_OSMIUM;9988;15;9986;20;;;10007;20;;;;;9997.5;13814.5
-2;735600;INTARIAN_PEPPER_ROOT;10730;10;10727;19;;;10741;10;10744;19;;;10735.5;58060.0
-2;735700;ASH_COATED_OSMIUM;9985;24;;;;;10004;14;10006;24;;;9994.5;13643.5
-2;735700;INTARIAN_PEPPER_ROOT;10730;8;10727;17;;;10742;8;;;;;10736.0;58100.0
-2;735800;ASH_COATED_OSMIUM;9988;10;9986;24;;;10004;10;;;;;9996.0;13729.0
-2;735800;INTARIAN_PEPPER_ROOT;10727;15;;;;;10742;12;;;;;10734.5;57980.0
-2;735900;ASH_COATED_OSMIUM;9988;13;;;;;10006;29;;;;;9997.0;13786.0
-2;735900;INTARIAN_PEPPER_ROOT;10730;8;;;;;10742;8;10744;24;;;10736.0;58100.0
-2;736000;ASH_COATED_OSMIUM;9988;10;9985;27;;;10004;10;10006;27;;;9996.0;13729.0
-2;736000;INTARIAN_PEPPER_ROOT;10727;21;;;;;10742;11;10745;21;;;10734.5;57980.0
-2;736100;ASH_COATED_OSMIUM;9985;25;;;;;10004;12;10006;25;;;9994.5;13643.5
-2;736100;INTARIAN_PEPPER_ROOT;10730;9;10728;18;;;10745;18;;;;;10737.5;58220.0
-2;736200;ASH_COATED_OSMIUM;9997;10;9985;28;;;10003;10;10006;28;;;10000.0;13927.0
-2;736200;INTARIAN_PEPPER_ROOT;10730;9;;;;;10745;19;;;;;10737.5;58220.0
-2;736300;ASH_COATED_OSMIUM;9985;28;;;;;10004;11;10006;28;;;9994.5;13668.5
-2;736300;INTARIAN_PEPPER_ROOT;10730;10;10728;21;;;10742;10;;;;;10736.0;58100.0
-2;736400;ASH_COATED_OSMIUM;9988;14;9985;27;;;10003;14;10006;27;;;9995.5;13715.5
-2;736400;INTARIAN_PEPPER_ROOT;10728;23;;;;;10742;11;10745;23;;;10735.0;58020.0
-2;736500;ASH_COATED_OSMIUM;9987;12;;;;;9996;5;10003;12;10005;27;9991.5;13527.5
-2;736500;INTARIAN_PEPPER_ROOT;10731;11;10728;24;;;10742;11;10745;24;;;10736.5;58140.0
-2;736600;ASH_COATED_OSMIUM;9987;12;9984;28;;;10003;12;10005;28;;;9995.0;13692.0
-2;736600;INTARIAN_PEPPER_ROOT;10731;9;10728;15;;;10742;9;10745;15;;;10736.5;58140.0
-2;736700;ASH_COATED_OSMIUM;9985;29;;;;;10003;12;10006;29;;;9994.0;13645.0
-2;736700;INTARIAN_PEPPER_ROOT;10731;9;10728;23;;;10743;9;10745;23;;;10737.0;58180.0
-2;736800;ASH_COATED_OSMIUM;9987;10;9985;24;;;10003;10;;;;;9995.0;13692.0
-2;736800;INTARIAN_PEPPER_ROOT;10728;21;;;;;10743;11;10745;21;;;10735.5;58060.0
-2;736900;ASH_COATED_OSMIUM;9987;14;9984;26;;;10003;14;10005;26;;;9995.0;13692.0
-2;736900;INTARIAN_PEPPER_ROOT;10728;15;;;;;10743;11;10745;15;;;10735.5;58060.0
-2;737000;ASH_COATED_OSMIUM;;;;;;;10003;10;10006;27;;;10003.0;14068.0
-2;737000;INTARIAN_PEPPER_ROOT;10731;12;10728;20;;;10743;12;;;;;10737.0;58180.0
-2;737100;ASH_COATED_OSMIUM;9987;14;;;;;9993;4;10003;14;10006;23;9990.0;13445.0
-2;737100;INTARIAN_PEPPER_ROOT;10731;9;10729;17;;;10743;9;10746;17;;;10737.0;58180.0
-2;737200;ASH_COATED_OSMIUM;9997;8;9987;15;;;10003;15;10006;23;;;10000.0;13931.0
-2;737200;INTARIAN_PEPPER_ROOT;10729;15;;;;;10743;12;;;;;10736.0;58100.0
-2;737300;ASH_COATED_OSMIUM;9987;10;;;;;10003;10;10006;28;;;9995.0;13716.0
-2;737300;INTARIAN_PEPPER_ROOT;10731;11;;;;;10743;11;;;;;10737.0;58180.0
-2;737400;ASH_COATED_OSMIUM;9988;13;9985;29;;;10004;13;10006;29;;;9996.0;13759.0
-2;737400;INTARIAN_PEPPER_ROOT;10732;12;;;;;10743;12;;;;;10737.5;58220.0
-2;737500;ASH_COATED_OSMIUM;9988;14;9985;27;;;10004;14;10006;27;;;9996.0;13759.0
-2;737500;INTARIAN_PEPPER_ROOT;10732;11;;;;;10743;11;10746;25;;;10737.5;58220.0
-2;737600;ASH_COATED_OSMIUM;;;;;;;10007;20;;;;;10007.0;14232.0
-2;737600;INTARIAN_PEPPER_ROOT;10732;12;10729;20;;;10743;12;10746;20;;;10737.5;58220.0
-2;737700;ASH_COATED_OSMIUM;9988;15;9986;30;;;10004;15;10007;30;;;9996.0;13759.0
-2;737700;INTARIAN_PEPPER_ROOT;10732;11;10729;24;;;10744;11;;;;;10738.0;58260.0
-2;737800;ASH_COATED_OSMIUM;9989;13;9986;26;;;10005;13;10007;26;;;9997.0;13802.0
-2;737800;INTARIAN_PEPPER_ROOT;10732;11;10729;24;;;10744;11;;;;;10738.0;58260.0
-2;737900;ASH_COATED_OSMIUM;9986;22;;;;;10007;22;;;;;9996.5;13780.5
-2;737900;INTARIAN_PEPPER_ROOT;10732;12;10729;16;;;10744;12;10746;16;;;10738.0;58260.0
-2;738000;ASH_COATED_OSMIUM;9989;15;9987;30;;;10005;15;;;;;9997.0;13802.0
-2;738000;INTARIAN_PEPPER_ROOT;10732;11;10729;16;;;10744;11;10747;16;;;10738.0;58260.0
-2;738100;ASH_COATED_OSMIUM;9990;12;9987;27;;;10006;12;10008;27;;;9998.0;13845.0
-2;738100;INTARIAN_PEPPER_ROOT;10732;10;10730;21;;;10744;10;10747;21;;;10738.0;58260.0
-2;738200;ASH_COATED_OSMIUM;9990;14;9987;26;;;10006;14;;;;;9998.0;13845.0
-2;738200;INTARIAN_PEPPER_ROOT;10732;9;10730;15;;;10744;9;10747;15;;;10738.0;58260.0
-2;738300;ASH_COATED_OSMIUM;9990;13;;;;;10006;13;10008;27;;;9998.0;13845.0
-2;738300;INTARIAN_PEPPER_ROOT;10730;19;;;;;10744;11;10747;19;;;10737.0;58180.0
-2;738400;ASH_COATED_OSMIUM;9990;15;;;;;10009;30;;;;;9999.5;13909.5
-2;738400;INTARIAN_PEPPER_ROOT;;;;;;;10744;12;10747;17;;;10744.0;58740.0
-2;738500;ASH_COATED_OSMIUM;9990;13;9988;28;;;10006;13;;;;;9998.0;13845.0
-2;738500;INTARIAN_PEPPER_ROOT;10730;16;;;;;10744;8;;;;;10737.0;58180.0
-2;738600;ASH_COATED_OSMIUM;9991;10;9988;20;;;10009;20;;;;;10000.0;13931.0
-2;738600;INTARIAN_PEPPER_ROOT;10733;12;10730;18;;;10744;12;10747;18;;;10738.5;58300.0
-2;738700;ASH_COATED_OSMIUM;9988;28;;;;;10007;13;10009;28;;;9997.5;13823.5
-2;738700;INTARIAN_PEPPER_ROOT;10733;9;;;;;10745;9;10747;16;;;10739.0;58340.0
-2;738800;ASH_COATED_OSMIUM;9991;15;9988;29;;;10007;15;10009;29;;;9999.0;13888.0
-2;738800;INTARIAN_PEPPER_ROOT;10730;17;;;;;10745;10;10747;17;;;10737.5;58220.0
-2;738900;ASH_COATED_OSMIUM;;;;;;;10007;11;10009;23;;;10007.0;14232.0
-2;738900;INTARIAN_PEPPER_ROOT;10733;8;10730;23;;;10745;8;10747;23;;;10739.0;58340.0
-2;739000;ASH_COATED_OSMIUM;9996;3;9990;11;9988;25;10006;11;10009;25;;;10001.0;13974.0
-2;739000;INTARIAN_PEPPER_ROOT;10733;9;10730;17;;;10745;9;;;;;10739.0;58340.0
-2;739100;ASH_COATED_OSMIUM;9988;24;;;;;10006;11;;;;;9997.0;13802.0
-2;739100;INTARIAN_PEPPER_ROOT;10733;12;10731;17;;;10745;12;;;;;10739.0;58340.0
-2;739200;ASH_COATED_OSMIUM;9990;12;9987;28;;;10006;12;10008;28;;;9998.0;13845.0
-2;739200;INTARIAN_PEPPER_ROOT;10733;8;10731;18;;;10745;8;;;;;10739.0;58340.0
-2;739300;ASH_COATED_OSMIUM;9990;13;9987;28;;;10006;13;;;;;9998.0;13845.0
-2;739300;INTARIAN_PEPPER_ROOT;10733;8;10731;16;;;10745;8;10748;16;;;10739.0;58340.0
-2;739400;ASH_COATED_OSMIUM;9990;10;;;;;10006;10;;;;;9998.0;13845.0
-2;739400;INTARIAN_PEPPER_ROOT;10734;11;;;;;10745;11;10748;20;;;10739.5;58380.0
-2;739500;ASH_COATED_OSMIUM;9990;15;9987;26;;;10006;15;10008;26;;;9998.0;13845.0
-2;739500;INTARIAN_PEPPER_ROOT;10731;16;;;;;10745;9;10748;16;;;10738.0;58260.0
-2;739600;ASH_COATED_OSMIUM;9987;29;;;;;10008;29;;;;;9997.5;13823.5
-2;739600;INTARIAN_PEPPER_ROOT;10734;10;;;;;10745;10;10748;22;;;10739.5;58380.0
-2;739700;ASH_COATED_OSMIUM;9989;11;9987;27;;;10005;11;10008;27;;;9997.0;13802.0
-2;739700;INTARIAN_PEPPER_ROOT;10734;11;10731;17;;;10746;11;10748;17;;;10740.0;58420.0
-2;739800;ASH_COATED_OSMIUM;9990;15;9987;30;;;10006;15;10008;30;;;9998.0;13845.0
-2;739800;INTARIAN_PEPPER_ROOT;10734;11;10731;20;;;;;;;;;10734.0;57940.0
-2;739900;ASH_COATED_OSMIUM;9989;10;9987;20;;;10005;10;10008;20;;;9997.0;13802.0
-2;739900;INTARIAN_PEPPER_ROOT;10731;24;;;;;10748;24;;;;;10739.5;58380.0
-2;740000;ASH_COATED_OSMIUM;9990;15;9987;29;;;10006;15;10008;29;;;9998.0;13845.0
-2;740000;INTARIAN_PEPPER_ROOT;10743;4;10734;12;10731;17;10746;12;;;;;10744.5;58780.0
-2;740100;ASH_COATED_OSMIUM;9990;13;9987;20;;;10006;13;10008;20;;;9998.0;13845.0
-2;740100;INTARIAN_PEPPER_ROOT;10734;10;10732;18;;;10746;10;10749;18;;;10740.0;58420.0
-2;740200;ASH_COATED_OSMIUM;9990;13;9987;26;;;10006;13;10008;26;;;9998.0;13845.0
-2;740200;INTARIAN_PEPPER_ROOT;10734;11;10732;18;;;10746;11;10749;18;;;10740.0;58420.0
-2;740300;ASH_COATED_OSMIUM;9991;14;9988;21;;;10007;14;10009;21;;;9999.0;13888.0
-2;740300;INTARIAN_PEPPER_ROOT;10734;8;10732;24;;;10746;8;10749;24;;;10740.0;58420.0
-2;740400;ASH_COATED_OSMIUM;9990;11;9988;21;;;10006;11;;;;;9998.0;13845.0
-2;740400;INTARIAN_PEPPER_ROOT;10732;15;;;;;10746;9;10749;15;;;10739.0;58340.0
-2;740500;ASH_COATED_OSMIUM;9990;15;9988;25;;;10009;25;;;;;9999.5;13909.5
-2;740500;INTARIAN_PEPPER_ROOT;10732;22;;;;;10746;10;10749;22;;;10739.0;58340.0
-2;740600;ASH_COATED_OSMIUM;9990;12;9988;28;;;10009;28;;;;;9999.5;13909.5
-2;740600;INTARIAN_PEPPER_ROOT;10732;22;;;;;10746;9;10749;22;;;10739.0;58340.0
-2;740700;ASH_COATED_OSMIUM;9990;14;9988;22;;;10006;14;;;;;9998.0;13845.0
-2;740700;INTARIAN_PEPPER_ROOT;10735;10;10732;20;;;10747;10;10749;20;;;10741.0;58500.0
-2;740800;ASH_COATED_OSMIUM;9990;10;9988;26;;;10006;10;10009;26;;;9998.0;13845.0
-2;740800;INTARIAN_PEPPER_ROOT;10735;8;10732;18;;;10747;8;10749;18;;;10741.0;58500.0
-2;740900;ASH_COATED_OSMIUM;9990;14;9988;20;;;;;;;;;9990.0;13501.0
-2;740900;INTARIAN_PEPPER_ROOT;10744;3;10735;10;10732;23;10747;10;10749;23;;;10745.5;58860.0
-2;741000;ASH_COATED_OSMIUM;9990;11;9988;26;;;10006;11;;;;;9998.0;13845.0
-2;741000;INTARIAN_PEPPER_ROOT;10735;12;10732;25;;;10750;25;;;;;10742.5;58620.0
-2;741100;ASH_COATED_OSMIUM;9990;13;;;;;10006;13;10009;24;;;9998.0;13845.0
-2;741100;INTARIAN_PEPPER_ROOT;10735;10;10733;18;;;10747;10;10750;18;;;10741.0;58500.0
-2;741200;ASH_COATED_OSMIUM;9988;27;;;;;10006;12;10009;27;;;9997.0;13802.0
-2;741200;INTARIAN_PEPPER_ROOT;10735;11;10733;15;;;10747;11;;;;;10741.0;58500.0
-2;741300;ASH_COATED_OSMIUM;9991;10;9988;30;;;9996;10;10007;10;;;9993.5;13626.5
-2;741300;INTARIAN_PEPPER_ROOT;10735;10;10733;25;;;10747;10;10750;25;;;10741.0;58500.0
-2;741400;ASH_COATED_OSMIUM;9990;12;9988;23;;;10000;3;10006;12;10009;23;9995.0;13706.0
-2;741400;INTARIAN_PEPPER_ROOT;10736;10;10733;21;;;10743;10;10747;10;;;10739.5;58380.0
-2;741500;ASH_COATED_OSMIUM;9991;14;9989;22;;;10007;14;10010;22;;;9999.0;13918.0
-2;741500;INTARIAN_PEPPER_ROOT;10736;8;10733;19;;;;;;;;;10736.0;58100.0
-2;741600;ASH_COATED_OSMIUM;9991;10;9988;22;;;10007;10;10009;22;;;9999.0;13918.0
-2;741600;INTARIAN_PEPPER_ROOT;10736;12;10733;21;;;10747;12;10750;21;;;10741.5;58540.0
-2;741700;ASH_COATED_OSMIUM;9991;13;9988;28;;;10000;2;10009;28;;;9995.5;13732.5
-2;741700;INTARIAN_PEPPER_ROOT;10736;8;10733;22;;;10748;8;10750;22;;;10742.0;58580.0
-2;741800;ASH_COATED_OSMIUM;9996;2;9991;11;9988;30;10007;11;10009;30;;;10001.5;14050.5
-2;741800;INTARIAN_PEPPER_ROOT;10736;8;;;;;10748;8;10750;17;;;10742.0;58580.0
-2;741900;ASH_COATED_OSMIUM;9991;12;9988;28;;;10009;28;;;;;10000.0;13971.0
-2;741900;INTARIAN_PEPPER_ROOT;10736;8;10733;25;;;10748;8;10750;25;;;10742.0;58580.0
-2;742000;ASH_COATED_OSMIUM;9991;13;9989;21;;;10007;13;10010;21;;;9999.0;13918.0
-2;742000;INTARIAN_PEPPER_ROOT;10736;10;10733;23;;;10748;10;10751;23;;;10742.0;58580.0
-2;742100;ASH_COATED_OSMIUM;9991;15;9988;20;;;10007;15;10009;20;;;9999.0;13918.0
-2;742100;INTARIAN_PEPPER_ROOT;10736;9;10734;20;;;10748;9;10751;20;;;10742.0;58580.0
-2;742200;ASH_COATED_OSMIUM;9991;11;9989;30;;;10007;11;10010;30;;;9999.0;13918.0
-2;742200;INTARIAN_PEPPER_ROOT;10736;8;10734;16;;;10748;8;10751;16;;;10742.0;58580.0
-2;742300;ASH_COATED_OSMIUM;9991;14;9989;25;;;10007;14;10010;25;;;9999.0;13918.0
-2;742300;INTARIAN_PEPPER_ROOT;10736;11;10734;25;;;10751;25;;;;;10743.5;58700.0
-2;742400;ASH_COATED_OSMIUM;;;;;;;10007;11;;;;;10007.0;14342.0
-2;742400;INTARIAN_PEPPER_ROOT;10737;11;10734;15;;;10748;11;10751;15;;;10742.5;58620.0
-2;742500;ASH_COATED_OSMIUM;9997;3;9991;11;9989;27;10007;11;10010;27;;;10002.0;14077.0
-2;742500;INTARIAN_PEPPER_ROOT;10737;12;10734;17;;;10748;12;;;;;10742.5;58620.0
-2;742600;ASH_COATED_OSMIUM;9988;26;;;;;10006;13;10009;26;;;9997.0;13812.0
-2;742600;INTARIAN_PEPPER_ROOT;10737;12;10734;22;;;10748;12;10751;22;;;10742.5;58620.0
-2;742700;ASH_COATED_OSMIUM;9988;22;;;;;10006;10;;;;;9997.0;13812.0
-2;742700;INTARIAN_PEPPER_ROOT;10737;9;;;;;10749;9;;;;;10743.0;58660.0
-2;742800;ASH_COATED_OSMIUM;10000;7;9991;13;;;10007;13;10009;30;;;10003.5;14132.0
-2;742800;INTARIAN_PEPPER_ROOT;10737;12;10734;18;;;10749;12;;;;;10743.0;58660.0
-2;742900;ASH_COATED_OSMIUM;9991;13;;;;;10000;4;10009;30;;;9995.5;13764.0
-2;742900;INTARIAN_PEPPER_ROOT;10734;22;;;;;10749;8;10751;22;;;10741.5;58540.0
-2;743000;ASH_COATED_OSMIUM;9991;13;9988;24;;;10007;13;10009;24;;;9999.0;13925.0
-2;743000;INTARIAN_PEPPER_ROOT;10737;10;10734;19;;;10749;10;10752;19;;;10743.0;58660.0
-2;743100;ASH_COATED_OSMIUM;9991;13;9989;22;;;10010;22;;;;;10000.5;13994.0
-2;743100;INTARIAN_PEPPER_ROOT;10737;10;10735;19;;;10749;10;10752;19;;;10743.0;58660.0
-2;743200;ASH_COATED_OSMIUM;;;;;;;10007;14;10010;29;;;10007.0;14293.0
-2;743200;INTARIAN_PEPPER_ROOT;10737;11;10735;17;;;;;;;;;10737.0;58180.0
-2;743300;ASH_COATED_OSMIUM;9988;21;;;;;10007;10;10009;21;;;9997.5;13856.0
-2;743300;INTARIAN_PEPPER_ROOT;10737;11;10735;23;;;10749;11;;;;;10743.0;58660.0
-2;743400;ASH_COATED_OSMIUM;9991;14;;;;;10007;14;10009;28;;;9999.0;13925.0
-2;743400;INTARIAN_PEPPER_ROOT;10738;8;;;;;10749;8;10752;20;;;10743.5;58700.0
-2;743500;ASH_COATED_OSMIUM;9991;10;9988;30;;;10009;30;;;;;10000.0;13971.0
-2;743500;INTARIAN_PEPPER_ROOT;10738;11;;;;;;;;;;;10738.0;58260.0
-2;743600;ASH_COATED_OSMIUM;9990;11;9988;23;;;10006;11;10009;23;;;9998.0;13879.0
-2;743600;INTARIAN_PEPPER_ROOT;10738;11;;;;;10752;17;;;;;10745.0;58820.0
-2;743700;ASH_COATED_OSMIUM;;;;;;;10006;12;;;;;10006.0;14247.0
-2;743700;INTARIAN_PEPPER_ROOT;10738;12;10735;20;;;10750;12;10752;20;;;10744.0;58740.0
-2;743800;ASH_COATED_OSMIUM;9988;24;;;;;10007;15;;;;;9997.5;13856.0
-2;743800;INTARIAN_PEPPER_ROOT;10735;17;;;;;10750;12;10752;17;;;10742.5;58620.0
-2;743900;ASH_COATED_OSMIUM;9991;11;9989;22;;;10007;11;;;;;9999.0;13925.0
-2;743900;INTARIAN_PEPPER_ROOT;10738;12;10735;15;;;10750;12;10752;15;;;10744.0;58740.0
-2;744000;ASH_COATED_OSMIUM;9991;13;9988;28;;;10007;13;10009;28;;;9999.0;13925.0
-2;744000;INTARIAN_PEPPER_ROOT;10738;9;;;;;10750;9;10753;17;;;10744.0;58740.0
-2;744100;ASH_COATED_OSMIUM;9991;13;9988;20;;;10007;13;10009;20;;;9999.0;13925.0
-2;744100;INTARIAN_PEPPER_ROOT;10738;8;10736;18;;;10750;8;10753;18;;;10744.0;58740.0
-2;744200;ASH_COATED_OSMIUM;9991;14;9988;25;;;10009;25;;;;;10000.0;13971.0
-2;744200;INTARIAN_PEPPER_ROOT;10738;9;;;;;10750;9;10753;24;;;10744.0;58740.0
-2;744300;ASH_COATED_OSMIUM;9991;14;9988;25;;;10007;14;10009;25;;;9999.0;13925.0
-2;744300;INTARIAN_PEPPER_ROOT;10738;11;10736;16;;;10753;16;;;;;10745.5;58860.0
-2;744400;ASH_COATED_OSMIUM;9990;12;9988;28;;;10006;12;;;;;9998.0;13879.0
-2;744400;INTARIAN_PEPPER_ROOT;10739;11;10736;16;;;10750;11;10753;16;;;10744.5;58780.0
-2;744500;ASH_COATED_OSMIUM;9990;11;9988;30;;;10006;11;10009;30;;;9998.0;13879.0
-2;744500;INTARIAN_PEPPER_ROOT;10739;8;10736;21;;;10750;8;;;;;10744.5;58780.0
-2;744600;ASH_COATED_OSMIUM;9991;11;9988;28;;;10006;11;10009;28;;;9998.5;13902.0
-2;744600;INTARIAN_PEPPER_ROOT;10739;11;10736;21;;;10750;11;10753;21;;;10744.5;58780.0
-2;744700;ASH_COATED_OSMIUM;9990;15;;;;;10006;15;10009;26;;;9998.0;13879.0
-2;744700;INTARIAN_PEPPER_ROOT;10739;8;;;;;10751;8;10753;25;;;10745.0;58820.0
-2;744800;ASH_COATED_OSMIUM;;;;;;;10006;11;10009;29;;;10006.0;14247.0
-2;744800;INTARIAN_PEPPER_ROOT;10739;9;10736;23;;;10751;9;10753;23;;;10745.0;58820.0
-2;744900;ASH_COATED_OSMIUM;9990;10;;;;;10009;29;;;;;9999.5;13948.0
-2;744900;INTARIAN_PEPPER_ROOT;10739;10;;;;;10751;10;;;;;10745.0;58820.0
-2;745000;ASH_COATED_OSMIUM;;;;;;;10006;13;10008;25;;;10006.0;14247.0
-2;745000;INTARIAN_PEPPER_ROOT;10739;9;10736;25;;;10754;25;;;;;10746.5;58940.0
-2;745100;ASH_COATED_OSMIUM;9987;26;;;;;10005;13;10008;26;;;9996.0;13787.0
-2;745100;INTARIAN_PEPPER_ROOT;10739;8;10737;18;;;10751;8;10754;18;;;10745.0;58820.0
-2;745200;ASH_COATED_OSMIUM;9989;10;9987;29;;;10005;10;;;;;9997.0;13833.0
-2;745200;INTARIAN_PEPPER_ROOT;10737;17;;;;;10754;17;;;;;10745.5;58860.0
-2;745300;ASH_COATED_OSMIUM;9987;22;;;;;;;;;;;9987.0;13373.0
-2;745300;INTARIAN_PEPPER_ROOT;10739;10;10737;25;;;10751;10;10754;25;;;10745.0;58820.0
-2;745400;ASH_COATED_OSMIUM;9990;12;;;;;10006;12;10009;30;;;9998.0;13879.0
-2;745400;INTARIAN_PEPPER_ROOT;10740;11;10737;22;;;10751;11;10754;22;;;10745.5;58860.0
-2;745500;ASH_COATED_OSMIUM;9990;13;9988;23;;;;;;;;;9990.0;13511.0
-2;745500;INTARIAN_PEPPER_ROOT;10740;8;10737;25;;;10751;8;10754;25;;;10745.5;58860.0
-2;745600;ASH_COATED_OSMIUM;9990;11;9987;20;;;10006;11;10008;20;;;9998.0;13893.0
-2;745600;INTARIAN_PEPPER_ROOT;10737;19;;;;;10751;11;10754;19;;;10744.0;58740.0
-2;745700;ASH_COATED_OSMIUM;9990;13;9987;27;;;10008;27;;;;;9999.0;13937.0
-2;745700;INTARIAN_PEPPER_ROOT;10740;12;10737;24;;;;;;;;;10740.0;58420.0
-2;745800;ASH_COATED_OSMIUM;9990;15;9987;27;;;10006;15;;;;;9998.0;13893.0
-2;745800;INTARIAN_PEPPER_ROOT;10740;10;10737;21;;;10752;10;10754;21;;;10746.0;58900.0
-2;745900;ASH_COATED_OSMIUM;9990;11;9987;28;;;10006;11;10008;28;;;9998.0;13893.0
-2;745900;INTARIAN_PEPPER_ROOT;10740;8;10737;15;;;10754;15;;;;;10747.0;58980.0
-2;746000;ASH_COATED_OSMIUM;9989;14;9987;24;;;10005;14;10008;24;;;9997.0;13849.0
-2;746000;INTARIAN_PEPPER_ROOT;10740;10;;;;;10752;10;;;;;10746.0;58900.0
-2;746100;ASH_COATED_OSMIUM;9990;14;9987;23;;;10006;14;;;;;9998.0;13893.0
-2;746100;INTARIAN_PEPPER_ROOT;10740;11;;;;;10752;11;10755;17;;;10746.0;58900.0
-2;746200;ASH_COATED_OSMIUM;9989;10;;;;;10005;10;10008;25;;;9997.0;13849.0
-2;746200;INTARIAN_PEPPER_ROOT;10740;9;10738;22;;;10752;9;10755;22;;;10746.0;58900.0
-2;746300;ASH_COATED_OSMIUM;9989;11;9986;30;;;10005;11;10007;30;;;9997.0;13849.0
-2;746300;INTARIAN_PEPPER_ROOT;10740;9;;;;;10752;9;10755;17;;;10746.0;58900.0
-2;746400;ASH_COATED_OSMIUM;9989;15;9986;23;;;10005;15;10007;23;;;9997.0;13849.0
-2;746400;INTARIAN_PEPPER_ROOT;10741;12;10738;25;;;10755;25;;;;;10748.0;59060.0
-2;746500;ASH_COATED_OSMIUM;9989;13;;;;;10004;13;10007;26;;;9996.5;13827.0
-2;746500;INTARIAN_PEPPER_ROOT;10741;9;10738;25;;;10752;9;10755;25;;;10746.5;58940.0
-2;746600;ASH_COATED_OSMIUM;9989;14;9986;28;;;10005;14;;;;;9997.0;13849.0
-2;746600;INTARIAN_PEPPER_ROOT;10741;9;10738;17;;;10752;9;10755;17;;;10746.5;58940.0
-2;746700;ASH_COATED_OSMIUM;9989;13;9987;24;;;9999;5;10005;13;10008;24;9994.0;13717.0
-2;746700;INTARIAN_PEPPER_ROOT;10738;23;;;;;10753;9;10755;23;;;10745.5;58860.0
-2;746800;ASH_COATED_OSMIUM;9989;13;9986;22;;;10005;13;10007;22;;;9997.0;13849.0
-2;746800;INTARIAN_PEPPER_ROOT;10741;10;10738;21;;;10753;10;10755;21;;;10747.0;58980.0
-2;746900;ASH_COATED_OSMIUM;9989;11;9987;27;;;10005;11;10008;27;;;9997.0;13849.0
-2;746900;INTARIAN_PEPPER_ROOT;10738;19;;;;;10755;19;;;;;10746.5;58940.0
-2;747000;ASH_COATED_OSMIUM;9987;22;;;;;10005;15;10008;22;;;9996.0;13805.0
-2;747000;INTARIAN_PEPPER_ROOT;;;;;;;10753;10;10756;15;;;10753.0;59460.0
-2;747100;ASH_COATED_OSMIUM;9987;20;;;;;10005;13;10008;20;;;9996.0;13805.0
-2;747100;INTARIAN_PEPPER_ROOT;10739;16;;;;;10753;11;10756;16;;;10746.0;58900.0
-2;747200;ASH_COATED_OSMIUM;9989;15;9987;25;;;10005;15;10008;25;;;9997.0;13849.0
-2;747200;INTARIAN_PEPPER_ROOT;10741;8;10739;19;;;10753;8;10756;19;;;10747.0;58980.0
-2;747300;ASH_COATED_OSMIUM;9989;13;9987;24;;;10005;13;;;;;9997.0;13849.0
-2;747300;INTARIAN_PEPPER_ROOT;10741;10;10739;20;;;10753;10;10756;20;;;10747.0;58980.0
-2;747400;ASH_COATED_OSMIUM;9990;15;9987;26;;;10008;26;;;;;9999.0;13937.0
-2;747400;INTARIAN_PEPPER_ROOT;10742;11;10739;15;;;10756;15;;;;;10749.0;59140.0
-2;747500;ASH_COATED_OSMIUM;9989;14;9987;30;;;10005;14;;;;;9997.0;13849.0
-2;747500;INTARIAN_PEPPER_ROOT;10739;16;;;;;10756;16;;;;;10747.5;59020.0
-2;747600;ASH_COATED_OSMIUM;9987;24;;;;;10006;12;10008;24;;;9996.5;13827.0
-2;747600;INTARIAN_PEPPER_ROOT;10742;10;;;;;10753;10;10756;15;;;10747.5;59020.0
-2;747700;ASH_COATED_OSMIUM;9990;11;9987;21;;;10006;11;10008;21;;;9998.0;13893.0
-2;747700;INTARIAN_PEPPER_ROOT;;;;;;;10756;16;;;;;10756.0;59700.0
-2;747800;ASH_COATED_OSMIUM;9989;10;9987;27;;;10005;10;10008;27;;;9997.0;13849.0
-2;747800;INTARIAN_PEPPER_ROOT;10742;11;;;;;10754;11;10756;17;;;10748.0;59060.0
-2;747900;ASH_COATED_OSMIUM;9989;11;9987;26;;;10008;26;;;;;9998.5;13915.0
-2;747900;INTARIAN_PEPPER_ROOT;10742;9;10739;15;;;10754;9;10756;15;;;10748.0;59060.0
-2;748000;ASH_COATED_OSMIUM;9987;20;;;;;10005;13;10008;20;;;9996.0;13805.0
-2;748000;INTARIAN_PEPPER_ROOT;10739;24;;;;;10754;9;;;;;10746.5;58940.0
-2;748100;ASH_COATED_OSMIUM;9995;4;9989;15;;;10005;15;;;;;10000.0;13981.0
-2;748100;INTARIAN_PEPPER_ROOT;10742;12;10740;17;;;10754;12;10757;17;;;10748.0;59060.0
-2;748200;ASH_COATED_OSMIUM;9989;10;9986;21;;;;;;;;;9989.0;13497.0
-2;748200;INTARIAN_PEPPER_ROOT;10740;24;;;;;10754;9;10757;24;;;10747.0;58980.0
-2;748300;ASH_COATED_OSMIUM;9986;28;;;;;10005;13;10007;28;;;9995.5;13783.0
-2;748300;INTARIAN_PEPPER_ROOT;10742;12;;;;;10754;12;10757;15;;;10748.0;59060.0
-2;748400;ASH_COATED_OSMIUM;9989;15;9986;23;;;10005;15;;;;;9997.0;13849.0
-2;748400;INTARIAN_PEPPER_ROOT;10743;11;;;;;10754;11;10757;20;;;10748.5;59100.0
-2;748500;ASH_COATED_OSMIUM;9989;10;9986;21;;;10005;10;10007;21;;;9997.0;13849.0
-2;748500;INTARIAN_PEPPER_ROOT;10743;11;10740;19;;;10754;11;10757;19;;;10748.5;59100.0
-2;748600;ASH_COATED_OSMIUM;9988;11;9986;25;;;10007;25;;;;;9997.5;13871.0
-2;748600;INTARIAN_PEPPER_ROOT;10743;8;10740;18;;;10754;8;10757;18;;;10748.5;59100.0
-2;748700;ASH_COATED_OSMIUM;9994;5;9988;14;9986;28;10004;14;;;;;9999.0;13937.0
-2;748700;INTARIAN_PEPPER_ROOT;10743;9;10740;24;;;10755;9;10757;24;;;10749.0;59140.0
-2;748800;ASH_COATED_OSMIUM;9988;14;9985;26;;;10004;14;10006;26;;;9996.0;13805.0
-2;748800;INTARIAN_PEPPER_ROOT;10743;10;10740;19;;;10757;19;;;;;10750.0;59220.0
-2;748900;ASH_COATED_OSMIUM;9988;12;9986;27;;;9998;4;10004;12;10007;27;9993.0;13673.0
-2;748900;INTARIAN_PEPPER_ROOT;10743;11;;;;;10755;11;10757;22;;;10749.0;59140.0
-2;749000;ASH_COATED_OSMIUM;9988;10;;;;;10004;10;10006;23;;;9996.0;13805.0
-2;749000;INTARIAN_PEPPER_ROOT;10743;11;;;;;10755;11;10758;21;;;10749.0;59140.0
-2;749100;ASH_COATED_OSMIUM;9988;11;9985;20;;;10004;11;;;;;9996.0;13805.0
-2;749100;INTARIAN_PEPPER_ROOT;10743;10;10741;20;;;10755;10;10758;20;;;10749.0;59140.0
-2;749200;ASH_COATED_OSMIUM;9985;20;;;;;10006;20;;;;;9995.5;13783.0
-2;749200;INTARIAN_PEPPER_ROOT;10743;11;;;;;10755;11;10758;24;;;10749.0;59140.0
-2;749300;ASH_COATED_OSMIUM;9985;26;;;;;10004;12;10006;26;;;9994.5;13739.0
-2;749300;INTARIAN_PEPPER_ROOT;10741;20;;;;;10755;10;;;;;10748.0;59060.0
-2;749400;ASH_COATED_OSMIUM;9988;15;9986;21;;;10004;15;10007;21;;;9996.0;13805.0
-2;749400;INTARIAN_PEPPER_ROOT;10744;8;10741;20;;;10758;20;;;;;10751.0;59300.0
-2;749500;ASH_COATED_OSMIUM;9988;14;9986;25;;;10007;25;;;;;9997.5;13871.0
-2;749500;INTARIAN_PEPPER_ROOT;;;;;;;10755;11;10758;22;;;10755.0;59620.0
-2;749600;ASH_COATED_OSMIUM;9994;4;9988;15;9986;26;10007;26;;;;;10000.5;14003.0
-2;749600;INTARIAN_PEPPER_ROOT;10744;12;10741;24;;;10755;12;;;;;10749.5;59180.0
-2;749700;ASH_COATED_OSMIUM;9986;29;;;;;;;;;;;9986.0;13365.0
-2;749700;INTARIAN_PEPPER_ROOT;10744;10;10741;20;;;10756;10;10758;20;;;10750.0;59220.0
-2;749800;ASH_COATED_OSMIUM;;;;;;;10004;12;;;;;10004.0;14157.0
-2;749800;INTARIAN_PEPPER_ROOT;10741;15;;;;;10756;12;10758;15;;;10748.5;59100.0
-2;749900;ASH_COATED_OSMIUM;9986;29;;;;;10004;12;;;;;9995.0;13761.0
-2;749900;INTARIAN_PEPPER_ROOT;10744;8;10741;24;;;10756;8;10758;24;;;10750.0;59220.0
-2;750000;ASH_COATED_OSMIUM;9988;15;9985;26;;;10006;26;;;;;9997.0;13921.0
-2;750000;INTARIAN_PEPPER_ROOT;10741;24;;;;;10759;24;;;;;10750.0;59220.0
-2;750100;ASH_COATED_OSMIUM;9988;15;;;;;10004;15;10006;23;;;9996.0;13868.0
-2;750100;INTARIAN_PEPPER_ROOT;10744;11;10742;17;;;10756;11;10759;17;;;10750.0;59220.0
-2;750200;ASH_COATED_OSMIUM;9988;12;9986;27;;;10004;12;;;;;9996.0;13868.0
-2;750200;INTARIAN_PEPPER_ROOT;10744;11;10742;20;;;10756;11;10759;20;;;10750.0;59220.0
-2;750300;ASH_COATED_OSMIUM;9988;15;9986;22;;;10004;15;10007;22;;;9996.0;13868.0
-2;750300;INTARIAN_PEPPER_ROOT;10744;10;10742;21;;;10759;21;;;;;10751.5;59340.0
-2;750400;ASH_COATED_OSMIUM;9988;14;9985;23;;;;;;;;;9988.0;13444.0
-2;750400;INTARIAN_PEPPER_ROOT;10745;12;10742;22;;;10756;12;10759;22;;;10750.5;59260.0
-2;750500;ASH_COATED_OSMIUM;9988;13;9985;20;;;10004;13;10006;20;;;9996.0;13868.0
-2;750500;INTARIAN_PEPPER_ROOT;10745;9;10742;18;;;10747;3;10756;9;10759;18;10746.0;58900.0
-2;750600;ASH_COATED_OSMIUM;9988;13;9985;25;;;10006;25;;;;;9997.0;13921.0
-2;750600;INTARIAN_PEPPER_ROOT;10742;19;;;;;10756;11;;;;;10749.0;59140.0
-2;750700;ASH_COATED_OSMIUM;9988;15;;;;;10006;23;;;;;9997.0;13921.0
-2;750700;INTARIAN_PEPPER_ROOT;10745;12;;;;;10757;12;10759;15;;;10751.0;59300.0
-2;750800;ASH_COATED_OSMIUM;9988;14;9985;23;;;10004;14;10006;23;;;9996.0;13868.0
-2;750800;INTARIAN_PEPPER_ROOT;10745;12;10742;23;;;10757;12;10759;23;;;10751.0;59300.0
-2;750900;ASH_COATED_OSMIUM;9988;14;;;;;10004;14;10006;20;;;9996.0;13868.0
-2;750900;INTARIAN_PEPPER_ROOT;10745;12;10742;25;;;10759;25;;;;;10752.0;59380.0
-2;751000;ASH_COATED_OSMIUM;9988;10;9985;27;;;10004;10;10006;27;;;9996.0;13868.0
-2;751000;INTARIAN_PEPPER_ROOT;10745;8;10742;15;;;10757;8;10760;15;;;10751.0;59300.0
-2;751100;ASH_COATED_OSMIUM;9988;12;9985;30;;;10004;12;10006;30;;;9996.0;13868.0
-2;751100;INTARIAN_PEPPER_ROOT;10743;20;;;;;10757;9;10760;20;;;10750.0;59220.0
-2;751200;ASH_COATED_OSMIUM;9988;14;9985;23;;;10004;14;10006;23;;;9996.0;13868.0
-2;751200;INTARIAN_PEPPER_ROOT;10743;23;;;;;10757;11;10760;23;;;10750.0;59220.0
-2;751300;ASH_COATED_OSMIUM;9988;10;;;;;10004;10;10007;24;;;9996.0;13868.0
-2;751300;INTARIAN_PEPPER_ROOT;10745;10;10743;24;;;10757;10;10760;24;;;10751.0;59300.0
-2;751400;ASH_COATED_OSMIUM;9988;15;9985;25;;;10004;15;10006;25;;;9996.0;13868.0
-2;751400;INTARIAN_PEPPER_ROOT;10746;10;10743;25;;;10757;10;;;;;10751.5;59340.0
-2;751500;ASH_COATED_OSMIUM;9987;10;9985;26;;;10003;10;10006;26;;;9995.0;13815.0
-2;751500;INTARIAN_PEPPER_ROOT;10746;11;10743;15;;;10757;11;;;;;10751.5;59340.0
-2;751600;ASH_COATED_OSMIUM;9987;11;9984;27;;;10003;11;10005;27;;;9995.0;13815.0
-2;751600;INTARIAN_PEPPER_ROOT;10746;9;10743;25;;;10757;9;10760;25;;;10751.5;59340.0
-2;751700;ASH_COATED_OSMIUM;9987;14;;;;;10003;14;;;;;9995.0;13815.0
-2;751700;INTARIAN_PEPPER_ROOT;10743;15;;;;;10758;11;10760;15;;;10750.5;59260.0
-2;751800;ASH_COATED_OSMIUM;9985;25;;;;;10003;14;10006;25;;;9994.0;13762.0
-2;751800;INTARIAN_PEPPER_ROOT;10746;9;10743;19;;;10758;9;10760;19;;;10752.0;59380.0
-2;751900;ASH_COATED_OSMIUM;9987;13;9985;21;;;10003;13;10006;21;;;9995.0;13815.0
-2;751900;INTARIAN_PEPPER_ROOT;10746;12;;;;;10758;12;10760;23;;;10752.0;59380.0
-2;752000;ASH_COATED_OSMIUM;9987;10;9985;22;;;10003;10;10006;22;;;9995.0;13815.0
-2;752000;INTARIAN_PEPPER_ROOT;10746;10;10743;23;;;10761;23;;;;;10753.5;59500.0
-2;752100;ASH_COATED_OSMIUM;9988;12;;;;;10006;27;;;;;9997.0;13921.0
-2;752100;INTARIAN_PEPPER_ROOT;10746;11;10744;23;;;10758;11;10761;23;;;10752.0;59380.0
-2;752200;ASH_COATED_OSMIUM;9988;13;9985;24;;;10004;13;10006;24;;;9996.0;13868.0
-2;752200;INTARIAN_PEPPER_ROOT;;;;;;;;;;;;;0.0;-800780.0
-2;752300;ASH_COATED_OSMIUM;9986;25;;;;;10004;10;10006;25;;;9995.0;13815.0
-2;752300;INTARIAN_PEPPER_ROOT;10746;10;10744;19;;;10761;19;;;;;10753.5;59500.0
-2;752400;ASH_COATED_OSMIUM;9987;12;;;;;10003;12;10006;26;;;9995.0;13815.0
-2;752400;INTARIAN_PEPPER_ROOT;10747;11;10744;20;;;10758;11;10761;20;;;10752.5;59420.0
-2;752500;ASH_COATED_OSMIUM;9985;26;;;;;10003;15;10006;26;;;9994.0;13762.0
-2;752500;INTARIAN_PEPPER_ROOT;10747;10;10744;17;;;10758;10;;;;;10752.5;59420.0
-2;752600;ASH_COATED_OSMIUM;9987;10;;;;;10003;10;;;;;9995.0;13857.0
-2;752600;INTARIAN_PEPPER_ROOT;10747;9;10744;21;;;10758;9;;;;;10752.5;59420.0
-2;752700;ASH_COATED_OSMIUM;9988;12;9985;25;;;10004;12;10006;25;;;9996.0;13904.0
-2;752700;INTARIAN_PEPPER_ROOT;10747;9;10744;23;;;10761;23;;;;;10754.0;59540.0
-2;752800;ASH_COATED_OSMIUM;9988;10;9986;23;;;10004;10;10007;23;;;9996.0;13904.0
-2;752800;INTARIAN_PEPPER_ROOT;10747;10;;;;;10761;15;;;;;10754.0;59540.0
-2;752900;ASH_COATED_OSMIUM;9988;11;;;;;10007;27;;;;;9997.5;14000.0
-2;752900;INTARIAN_PEPPER_ROOT;10747;11;10744;24;;;10759;11;10761;24;;;10753.0;59460.0
-2;753000;ASH_COATED_OSMIUM;9989;10;9986;27;;;10005;10;;;;;9997.0;13975.0
-2;753000;INTARIAN_PEPPER_ROOT;10744;15;;;;;10759;8;10762;15;;;10751.5;59340.0
-2;753100;ASH_COATED_OSMIUM;9986;24;;;;;10005;11;10007;24;;;9995.5;13959.5
-2;753100;INTARIAN_PEPPER_ROOT;10747;9;10745;21;;;10762;21;;;;;10754.5;59580.0
-2;753200;ASH_COATED_OSMIUM;9988;12;9986;29;;;10004;12;;;;;9996.0;13981.0
-2;753200;INTARIAN_PEPPER_ROOT;10745;16;;;;;10759;8;10762;16;;;10752.0;59380.0
-2;753300;ASH_COATED_OSMIUM;9988;10;9986;24;;;10004;10;;;;;9996.0;13981.0
-2;753300;INTARIAN_PEPPER_ROOT;10747;8;10745;21;;;10759;8;10762;21;;;10753.0;59460.0
-2;753400;ASH_COATED_OSMIUM;9988;12;9986;29;;;10004;12;10007;29;;;9996.0;13995.0
-2;753400;INTARIAN_PEPPER_ROOT;10748;11;10745;15;;;10762;15;;;;;10755.0;59620.0
-2;753500;ASH_COATED_OSMIUM;9988;10;9985;28;;;10004;10;;;;;9996.0;13995.0
-2;753500;INTARIAN_PEPPER_ROOT;10745;23;;;;;10759;8;10762;23;;;10752.0;59380.0
-2;753600;ASH_COATED_OSMIUM;9988;14;;;;;10004;14;10007;30;;;9996.0;13995.0
-2;753600;INTARIAN_PEPPER_ROOT;10748;12;10745;16;;;10759;12;10762;16;;;10753.5;59500.0
-2;753700;ASH_COATED_OSMIUM;9988;12;;;;;10004;12;10007;24;;;9996.0;13995.0
-2;753700;INTARIAN_PEPPER_ROOT;10745;16;;;;;10760;8;10762;16;;;10752.5;59420.0
-2;753800;ASH_COATED_OSMIUM;9985;21;;;;;10004;14;10006;21;;;9994.5;13933.5
-2;753800;INTARIAN_PEPPER_ROOT;10748;10;10745;17;;;10760;10;10762;17;;;10754.0;59540.0
-2;753900;ASH_COATED_OSMIUM;9987;13;9985;29;;;10003;13;10006;29;;;9995.0;13954.0
-2;753900;INTARIAN_PEPPER_ROOT;;;;;;;10760;9;10762;21;;;10760.0;60020.0
-2;754000;ASH_COATED_OSMIUM;9985;21;;;;;10004;11;;;;;9994.5;13933.5
-2;754000;INTARIAN_PEPPER_ROOT;10748;8;10745;24;;;10760;8;10763;24;;;10754.0;59540.0
-2;754100;ASH_COATED_OSMIUM;9988;12;;;;;10004;12;10006;22;;;9996.0;13995.0
-2;754100;INTARIAN_PEPPER_ROOT;10748;9;10746;16;;;10760;9;10763;16;;;10754.0;59540.0
-2;754200;ASH_COATED_OSMIUM;9988;12;9986;25;;;10004;12;10007;25;;;9996.0;13995.0
-2;754200;INTARIAN_PEPPER_ROOT;10748;11;10746;24;;;10760;11;10763;24;;;10754.0;59540.0
-2;754300;ASH_COATED_OSMIUM;9988;13;9986;21;;;10004;13;10007;21;;;9996.0;13995.0
-2;754300;INTARIAN_PEPPER_ROOT;10748;11;10746;15;;;10760;11;10763;15;;;10754.0;59540.0
-2;754400;ASH_COATED_OSMIUM;9989;11;9986;22;;;10005;11;10007;22;;;9997.0;14036.0
-2;754400;INTARIAN_PEPPER_ROOT;10749;10;10746;18;;;10760;10;10763;18;;;10754.5;59580.0
-2;754500;ASH_COATED_OSMIUM;9989;12;9987;27;;;10005;12;;;;;9997.0;14036.0
-2;754500;INTARIAN_PEPPER_ROOT;10749;10;10746;24;;;10760;10;10763;24;;;10754.5;59580.0
-2;754600;ASH_COATED_OSMIUM;9989;15;9987;28;;;10005;15;;;;;9997.0;14036.0
-2;754600;INTARIAN_PEPPER_ROOT;10749;10;10746;15;;;10760;10;10763;15;;;10754.5;59580.0
-2;754700;ASH_COATED_OSMIUM;9989;10;9987;20;;;10005;10;10008;20;;;9997.0;14036.0
-2;754700;INTARIAN_PEPPER_ROOT;10749;10;;;;;10761;10;10763;20;;;10755.0;59620.0
-2;754800;ASH_COATED_OSMIUM;9989;10;9987;30;;;10005;10;;;;;9997.0;14036.0
-2;754800;INTARIAN_PEPPER_ROOT;10749;10;10746;17;;;10761;10;;;;;10755.0;59620.0
-2;754900;ASH_COATED_OSMIUM;9989;13;9987;27;;;10008;27;;;;;9998.5;14097.5
-2;754900;INTARIAN_PEPPER_ROOT;10749;12;;;;;10761;12;10763;15;;;10755.0;59620.0
-2;755000;ASH_COATED_OSMIUM;9990;11;9987;25;;;10006;11;10008;25;;;9998.0;14077.0
-2;755000;INTARIAN_PEPPER_ROOT;10749;8;10746;19;;;10764;19;;;;;10756.5;59740.0
-2;755100;ASH_COATED_OSMIUM;9989;14;;;;;10005;14;10008;24;;;9997.0;14036.0
-2;755100;INTARIAN_PEPPER_ROOT;10749;9;10747;21;;;10761;9;10764;21;;;10755.0;59620.0
-2;755200;ASH_COATED_OSMIUM;9995;3;9987;25;;;10005;11;10008;25;;;10000.0;14159.0
-2;755200;INTARIAN_PEPPER_ROOT;10747;15;;;;;10761;8;10764;15;;;10754.0;59540.0
-2;755300;ASH_COATED_OSMIUM;9989;10;9986;27;;;10005;10;10007;27;;;9997.0;14036.0
-2;755300;INTARIAN_PEPPER_ROOT;10749;9;10747;21;;;10764;21;;;;;10756.5;59740.0
-2;755400;ASH_COATED_OSMIUM;9989;14;;;;;10004;14;10007;22;;;9996.5;14015.5
-2;755400;INTARIAN_PEPPER_ROOT;10750;12;10747;15;;;10761;12;10764;15;;;10755.5;59660.0
-2;755500;ASH_COATED_OSMIUM;9989;15;9986;25;;;10005;15;;;;;9997.0;14036.0
-2;755500;INTARIAN_PEPPER_ROOT;10750;9;10747;16;;;10761;9;10764;16;;;10755.5;59660.0
-2;755600;ASH_COATED_OSMIUM;9988;10;9986;25;;;10004;10;10007;25;;;9996.0;13995.0
-2;755600;INTARIAN_PEPPER_ROOT;10750;12;10747;23;;;10764;23;;;;;10757.0;59780.0
-2;755700;ASH_COATED_OSMIUM;9997;4;9985;26;;;10004;15;;;;;10000.5;14165.5
-2;755700;INTARIAN_PEPPER_ROOT;10750;11;10747;22;;;10762;11;10764;22;;;10756.0;59700.0
-2;755800;ASH_COATED_OSMIUM;9993;3;9988;11;9985;21;10006;21;;;;;9999.5;14128.5
-2;755800;INTARIAN_PEPPER_ROOT;10750;12;10747;24;;;10762;12;10764;24;;;10756.0;59700.0
-2;755900;ASH_COATED_OSMIUM;;;;;;;10004;11;;;;;10004.0;14295.0
-2;755900;INTARIAN_PEPPER_ROOT;;;;;;;10762;8;10764;20;;;10762.0;60180.0
-2;756000;ASH_COATED_OSMIUM;9988;11;;;;;10004;11;;;;;9996.0;13999.0
-2;756000;INTARIAN_PEPPER_ROOT;10750;10;10747;20;;;10765;20;;;;;10757.5;59820.0
-2;756100;ASH_COATED_OSMIUM;9988;10;9985;21;;;10004;10;10006;21;;;9996.0;13999.0
-2;756100;INTARIAN_PEPPER_ROOT;10750;11;;;;;10762;11;;;;;10756.0;59700.0
-2;756200;ASH_COATED_OSMIUM;;;;;;;10003;11;10006;29;;;10003.0;14258.0
-2;756200;INTARIAN_PEPPER_ROOT;10750;12;10748;17;;;10762;12;10765;17;;;10756.0;59700.0
-2;756300;ASH_COATED_OSMIUM;9987;13;9985;23;;;10003;13;10006;23;;;9995.0;13962.0
-2;756300;INTARIAN_PEPPER_ROOT;10750;10;;;;;10762;10;10765;21;;;10756.0;59700.0
-2;756400;ASH_COATED_OSMIUM;9987;14;9985;25;;;10003;14;10006;25;;;9995.0;13962.0
-2;756400;INTARIAN_PEPPER_ROOT;10751;10;10748;15;;;10762;10;10765;15;;;10756.5;59740.0
-2;756500;ASH_COATED_OSMIUM;9988;11;9985;24;;;10004;11;10006;24;;;9996.0;13999.0
-2;756500;INTARIAN_PEPPER_ROOT;10751;8;10748;16;;;10762;8;10765;16;;;10756.5;59740.0
-2;756600;ASH_COATED_OSMIUM;9988;14;9985;22;;;10004;14;10006;22;;;9996.0;13999.0
-2;756600;INTARIAN_PEPPER_ROOT;;;;;;;10762;12;;;;;10762.0;60180.0
-2;756700;ASH_COATED_OSMIUM;9988;15;9986;30;;;10004;15;;;;;9996.0;14090.0
-2;756700;INTARIAN_PEPPER_ROOT;10751;11;10748;16;;;10765;16;;;;;10758.0;59860.0
-2;756800;ASH_COATED_OSMIUM;9988;15;9986;30;;;10004;15;10007;30;;;9996.0;14090.0
-2;756800;INTARIAN_PEPPER_ROOT;10751;10;10748;25;;;10763;10;10765;25;;;10757.0;59780.0
-2;756900;ASH_COATED_OSMIUM;9989;15;;;;;10005;15;10007;28;;;9997.0;14114.0
-2;756900;INTARIAN_PEPPER_ROOT;10751;10;10748;18;;;10763;10;10765;18;;;10757.0;59780.0
-2;757000;ASH_COATED_OSMIUM;9986;24;;;;;10005;13;10007;24;;;9995.5;14078.0
-2;757000;INTARIAN_PEPPER_ROOT;10751;9;10748;17;;;10766;17;;;;;10758.5;59900.0
-2;757100;ASH_COATED_OSMIUM;9988;11;9986;23;;;10004;11;10007;23;;;9996.0;14090.0
-2;757100;INTARIAN_PEPPER_ROOT;10749;20;;;;;10763;9;10766;20;;;10756.0;59700.0
-2;757200;ASH_COATED_OSMIUM;9988;15;9986;30;;;10004;15;;;;;9996.0;14090.0
-2;757200;INTARIAN_PEPPER_ROOT;10751;10;10749;16;;;10763;10;10766;16;;;10757.0;59780.0
-2;757300;ASH_COATED_OSMIUM;9986;28;;;;;10004;12;10007;28;;;9995.0;14066.0
-2;757300;INTARIAN_PEPPER_ROOT;10751;10;10749;21;;;10763;10;;;;;10757.0;59780.0
-2;757400;ASH_COATED_OSMIUM;9989;11;;;;;10005;11;10007;26;;;9997.0;14114.0
-2;757400;INTARIAN_PEPPER_ROOT;10752;11;10749;21;;;10766;21;;;;;10759.0;59940.0
-2;757500;ASH_COATED_OSMIUM;9986;30;;;;;10005;14;10007;30;;;9995.5;14078.0
-2;757500;INTARIAN_PEPPER_ROOT;10749;20;;;;;10763;9;10766;20;;;10756.0;59700.0
-2;757600;ASH_COATED_OSMIUM;9989;15;9987;28;;;10005;15;10008;28;;;9997.0;14114.0
-2;757600;INTARIAN_PEPPER_ROOT;10760;7;10749;17;;;10763;10;10766;17;;;10761.5;60140.0
-2;757700;ASH_COATED_OSMIUM;9989;14;9987;21;;;10005;14;10008;21;;;9997.0;14114.0
-2;757700;INTARIAN_PEPPER_ROOT;10752;8;10749;15;;;10759;8;10764;8;10766;15;10755.5;59660.0
-2;757800;ASH_COATED_OSMIUM;9989;12;9986;25;;;;;;;;;9989.0;13922.0
-2;757800;INTARIAN_PEPPER_ROOT;10752;12;10749;21;;;10764;12;10766;21;;;10758.0;59860.0
-2;757900;ASH_COATED_OSMIUM;9989;15;9986;24;;;10005;15;10007;24;;;9997.0;14114.0
-2;757900;INTARIAN_PEPPER_ROOT;10752;8;10749;23;;;10766;23;;;;;10759.0;59940.0
-2;758000;ASH_COATED_OSMIUM;9986;23;;;;;10005;13;;;;;9995.5;14078.0
-2;758000;INTARIAN_PEPPER_ROOT;10752;10;10749;15;;;10764;10;10767;15;;;10758.0;59860.0
-2;758100;ASH_COATED_OSMIUM;9986;26;;;;;10005;11;10007;26;;;9995.5;14078.0
-2;758100;INTARIAN_PEPPER_ROOT;10752;11;10750;22;;;10764;11;10767;22;;;10758.0;59860.0
-2;758200;ASH_COATED_OSMIUM;9989;15;9986;26;;;10005;15;10007;26;;;9997.0;14114.0
-2;758200;INTARIAN_PEPPER_ROOT;10752;9;;;;;;;;;;;10752.0;59380.0
-2;758300;ASH_COATED_OSMIUM;9987;28;;;;;10005;13;10008;28;;;9996.0;14090.0
-2;758300;INTARIAN_PEPPER_ROOT;10752;9;;;;;10764;9;10767;25;;;10758.0;59860.0
-2;758400;ASH_COATED_OSMIUM;9989;13;9986;25;;;10005;13;;;;;9997.0;14114.0
-2;758400;INTARIAN_PEPPER_ROOT;10750;20;;;;;10767;20;;;;;10758.5;59900.0
-2;758500;ASH_COATED_OSMIUM;9994;5;9989;13;9986;22;10005;13;10007;22;;;9999.5;14174.0
-2;758500;INTARIAN_PEPPER_ROOT;10750;19;;;;;10767;19;;;;;10758.5;59900.0
-2;758600;ASH_COATED_OSMIUM;9989;14;;;;;10005;14;10008;28;;;9997.0;14114.0
-2;758600;INTARIAN_PEPPER_ROOT;10753;12;10750;18;;;10764;12;10767;18;;;10758.5;59900.0
-2;758700;ASH_COATED_OSMIUM;9986;30;;;;;10005;13;10007;30;;;9995.5;14078.0
-2;758700;INTARIAN_PEPPER_ROOT;10753;9;10750;24;;;10765;9;;;;;10759.0;59940.0
-2;758800;ASH_COATED_OSMIUM;9987;23;;;;;10005;12;;;;;9996.0;14090.0
-2;758800;INTARIAN_PEPPER_ROOT;10753;11;10750;15;;;10767;15;;;;;10760.0;60020.0
-2;758900;ASH_COATED_OSMIUM;9989;15;;;;;9998;2;10007;23;;;9993.5;14030.0
-2;758900;INTARIAN_PEPPER_ROOT;;;;;;;10765;11;;;;;10765.0;60420.0
-2;759000;ASH_COATED_OSMIUM;9989;15;9986;22;;;9994;10;9998;2;10007;22;9991.5;13957.0
-2;759000;INTARIAN_PEPPER_ROOT;10753;9;10750;23;;;10768;23;;;;;10760.5;60060.0
-2;759100;ASH_COATED_OSMIUM;9986;25;;;;;10005;12;10007;25;;;9995.5;14093.0
-2;759100;INTARIAN_PEPPER_ROOT;10753;10;10751;22;;;10765;10;10768;22;;;10759.0;59940.0
-2;759200;ASH_COATED_OSMIUM;9989;14;;;;;10005;14;10008;24;;;9997.0;14158.0
-2;759200;INTARIAN_PEPPER_ROOT;10753;10;10751;23;;;10765;10;10768;23;;;10759.0;59940.0
-2;759300;ASH_COATED_OSMIUM;9989;10;9986;28;;;10005;10;;;;;9997.0;14193.0
-2;759300;INTARIAN_PEPPER_ROOT;10753;10;10751;23;;;10765;10;10768;23;;;10759.0;59940.0
-2;759400;ASH_COATED_OSMIUM;9989;15;9987;22;;;10005;15;10008;22;;;9997.0;14193.0
-2;759400;INTARIAN_PEPPER_ROOT;10754;12;10751;19;;;10765;12;;;;;10759.5;59980.0
-2;759500;ASH_COATED_OSMIUM;9989;15;9986;29;;;10005;15;;;;;9997.0;14193.0
-2;759500;INTARIAN_PEPPER_ROOT;10754;8;10751;18;;;10765;8;10768;18;;;10759.5;59980.0
-2;759600;ASH_COATED_OSMIUM;9989;15;9986;28;;;10005;15;10007;28;;;9997.0;14193.0
-2;759600;INTARIAN_PEPPER_ROOT;10754;12;10751;21;;;10765;12;;;;;10759.5;59980.0
-2;759700;ASH_COATED_OSMIUM;9989;11;9986;26;;;10007;26;;;;;9998.0;14230.0
-2;759700;INTARIAN_PEPPER_ROOT;10751;23;;;;;10766;8;10768;23;;;10758.5;59900.0
-2;759800;ASH_COATED_OSMIUM;9989;14;9986;24;;;9998;3;10005;14;10007;24;9993.5;14063.5
-2;759800;INTARIAN_PEPPER_ROOT;10763;5;10754;12;10751;19;;;;;;;10763.0;60260.0
-2;759900;ASH_COATED_OSMIUM;9989;12;9986;23;;;10007;23;;;;;9998.0;14230.0
-2;759900;INTARIAN_PEPPER_ROOT;10754;9;10751;24;;;10766;9;10768;24;;;10760.0;60020.0
-2;760000;ASH_COATED_OSMIUM;9989;15;;;;;10008;28;;;;;9998.5;14248.5
-2;760000;INTARIAN_PEPPER_ROOT;10754;8;10751;20;;;10766;8;10769;20;;;10760.0;60020.0
-2;760100;ASH_COATED_OSMIUM;9989;14;9986;25;;;10005;14;;;;;9997.0;14193.0
-2;760100;INTARIAN_PEPPER_ROOT;10754;12;10752;16;;;10766;12;10769;16;;;10760.0;60020.0
-2;760200;ASH_COATED_OSMIUM;9989;10;9986;22;;;;;;;;;9989.0;13897.0
-2;760200;INTARIAN_PEPPER_ROOT;10754;11;10752;19;;;10766;11;10769;19;;;10760.0;60020.0
-2;760300;ASH_COATED_OSMIUM;9989;10;9986;25;;;10005;10;10007;25;;;9997.0;14193.0
-2;760300;INTARIAN_PEPPER_ROOT;10754;12;;;;;10766;12;;;;;10760.0;60020.0
-2;760400;ASH_COATED_OSMIUM;9998;4;9989;11;9986;27;10005;11;10007;27;;;10001.5;14345.5
-2;760400;INTARIAN_PEPPER_ROOT;10755;8;10752;18;;;10766;8;;;;;10760.5;60060.0
-2;760500;ASH_COATED_OSMIUM;9989;12;9987;30;;;10005;12;10008;30;;;9997.0;14197.0
-2;760500;INTARIAN_PEPPER_ROOT;10755;8;;;;;10769;25;;;;;10762.0;60180.0
-2;760600;ASH_COATED_OSMIUM;9989;15;9986;23;;;10005;15;10007;23;;;9997.0;14232.0
-2;760600;INTARIAN_PEPPER_ROOT;10752;25;;;;;10766;12;10769;25;;;10759.0;59940.0
-2;760700;ASH_COATED_OSMIUM;9988;11;9986;27;;;9998;3;10004;11;10007;27;9993.0;14120.0
-2;760700;INTARIAN_PEPPER_ROOT;10755;12;10752;18;;;10769;18;;;;;10762.0;60180.0
-2;760800;ASH_COATED_OSMIUM;9988;12;9985;22;;;10004;12;10006;22;;;9996.0;14204.0
-2;760800;INTARIAN_PEPPER_ROOT;10755;10;10752;16;;;10767;10;10769;16;;;10761.0;60100.0
-2;760900;ASH_COATED_OSMIUM;9986;22;;;;;10004;13;10007;22;;;9995.0;14176.0
-2;760900;INTARIAN_PEPPER_ROOT;10755;12;10752;25;;;10767;12;10769;25;;;10761.0;60100.0
-2;761000;ASH_COATED_OSMIUM;9988;12;9986;25;;;10004;12;;;;;9996.0;14204.0
-2;761000;INTARIAN_PEPPER_ROOT;10755;8;10752;19;;;10767;8;10770;19;;;10761.0;60100.0
-2;761100;ASH_COATED_OSMIUM;9989;14;9986;30;;;10005;14;;;;;9997.0;14232.0
-2;761100;INTARIAN_PEPPER_ROOT;10755;11;10753;17;;;10767;11;10770;17;;;10761.0;60100.0
-2;761200;ASH_COATED_OSMIUM;9989;12;9986;21;;;10005;12;10007;21;;;9997.0;14232.0
-2;761200;INTARIAN_PEPPER_ROOT;10755;9;;;;;10767;9;10770;16;;;10761.0;60100.0
-2;761300;ASH_COATED_OSMIUM;9986;29;;;;;10005;13;10007;29;;;9995.5;14190.0
-2;761300;INTARIAN_PEPPER_ROOT;10755;11;10753;25;;;10767;11;10770;25;;;10761.0;60100.0
-2;761400;ASH_COATED_OSMIUM;9987;27;;;;;10008;27;;;;;9997.5;14246.0
-2;761400;INTARIAN_PEPPER_ROOT;10753;23;;;;;10770;23;;;;;10761.5;60140.0
-2;761500;ASH_COATED_OSMIUM;9989;15;9986;23;;;10005;15;10007;23;;;9997.0;14232.0
-2;761500;INTARIAN_PEPPER_ROOT;10756;10;;;;;10758;8;10767;10;10770;18;10757.0;59780.0
-2;761600;ASH_COATED_OSMIUM;9986;22;;;;;10005;10;10007;22;;;9995.5;14190.0
-2;761600;INTARIAN_PEPPER_ROOT;10756;8;10753;18;;;10767;8;10770;18;;;10761.5;60140.0
-2;761700;ASH_COATED_OSMIUM;9988;10;;;;;10004;10;10007;23;;;9996.0;14204.0
-2;761700;INTARIAN_PEPPER_ROOT;10756;9;10753;15;;;10768;9;10770;15;;;10762.0;60180.0
-2;761800;ASH_COATED_OSMIUM;9988;10;9986;24;;;10004;10;10007;24;;;9996.0;14204.0
-2;761800;INTARIAN_PEPPER_ROOT;10753;19;;;;;10768;11;10770;19;;;10760.5;60060.0
-2;761900;ASH_COATED_OSMIUM;9989;14;9986;23;;;10005;14;10007;23;;;9997.0;14232.0
-2;761900;INTARIAN_PEPPER_ROOT;10756;11;10753;24;;;10768;11;;;;;10762.0;60180.0
-2;762000;ASH_COATED_OSMIUM;9989;13;9986;25;;;9998;2;10005;13;10007;25;9993.5;14134.0
-2;762000;INTARIAN_PEPPER_ROOT;10756;9;10753;17;;;10771;17;;;;;10763.5;60300.0
-2;762100;ASH_COATED_OSMIUM;9989;15;9987;23;;;10005;15;10008;23;;;9997.0;14232.0
-2;762100;INTARIAN_PEPPER_ROOT;10756;8;;;;;10768;8;10771;16;;;10762.0;60180.0
-2;762200;ASH_COATED_OSMIUM;9986;29;;;;;10005;14;;;;;9995.5;14207.0
-2;762200;INTARIAN_PEPPER_ROOT;10754;17;;;;;10768;10;;;;;10761.0;60100.0
-2;762300;ASH_COATED_OSMIUM;9989;14;;;;;10005;14;10007;25;;;9997.0;14246.0
-2;762300;INTARIAN_PEPPER_ROOT;;;;;;;10768;8;10771;23;;;10768.0;60660.0
-2;762400;ASH_COATED_OSMIUM;9989;13;9987;21;;;10005;13;10008;21;;;9997.0;14246.0
-2;762400;INTARIAN_PEPPER_ROOT;10757;11;10754;24;;;;;;;;;10757.0;59780.0
-2;762500;ASH_COATED_OSMIUM;9989;15;;;;;10005;15;;;;;9997.0;14246.0
-2;762500;INTARIAN_PEPPER_ROOT;;;;;;;10768;9;10771;16;;;10768.0;60660.0
-2;762600;ASH_COATED_OSMIUM;9989;15;;;;;10005;15;10007;23;;;9997.0;14246.0
-2;762600;INTARIAN_PEPPER_ROOT;;;;;;;10768;10;10771;20;;;10768.0;60660.0
-2;762700;ASH_COATED_OSMIUM;;;;;;;10005;10;10008;28;;;10005.0;14454.0
-2;762700;INTARIAN_PEPPER_ROOT;10757;8;10754;25;;;10769;8;10771;25;;;10763.0;60260.0
-2;762800;ASH_COATED_OSMIUM;9989;11;;;;;10005;11;;;;;9997.0;14246.0
-2;762800;INTARIAN_PEPPER_ROOT;10757;11;10754;22;;;10769;11;10771;22;;;10763.0;60260.0
-2;762900;ASH_COATED_OSMIUM;9995;4;9989;10;9987;22;10005;10;10008;22;;;10000.0;14324.0
-2;762900;INTARIAN_PEPPER_ROOT;10757;9;;;;;10769;9;10771;15;;;10763.0;60260.0
-2;763000;ASH_COATED_OSMIUM;9989;11;9986;20;;;10005;11;10007;20;;;9997.0;14246.0
-2;763000;INTARIAN_PEPPER_ROOT;;;;;;;10769;9;10772;16;;;10769.0;60740.0
-2;763100;ASH_COATED_OSMIUM;9989;11;;;;;10008;30;;;;;9998.5;14285.0
-2;763100;INTARIAN_PEPPER_ROOT;10757;9;10755;22;;;10772;22;;;;;10764.5;60380.0
-2;763200;ASH_COATED_OSMIUM;9989;10;9987;29;;;10005;10;10008;29;;;9997.0;14246.0
-2;763200;INTARIAN_PEPPER_ROOT;10757;8;;;;;10769;8;10772;20;;;10763.0;60260.0
-2;763300;ASH_COATED_OSMIUM;9986;20;;;;;10005;10;10007;20;;;9995.5;14207.0
-2;763300;INTARIAN_PEPPER_ROOT;10757;11;10755;21;;;10769;11;;;;;10763.0;60260.0
-2;763400;ASH_COATED_OSMIUM;9989;14;9986;22;;;10005;14;10007;22;;;9997.0;14260.0
-2;763400;INTARIAN_PEPPER_ROOT;10758;8;;;;;10769;8;10772;20;;;10763.5;60300.0
-2;763500;ASH_COATED_OSMIUM;9989;10;9986;25;;;10005;10;10007;25;;;9997.0;14260.0
-2;763500;INTARIAN_PEPPER_ROOT;10758;12;10755;18;;;10769;12;10772;18;;;10763.5;60300.0
-2;763600;ASH_COATED_OSMIUM;9986;30;;;;;9998;4;10005;13;10007;30;9992.0;14120.0
-2;763600;INTARIAN_PEPPER_ROOT;10758;8;10755;25;;;10769;8;10772;25;;;10763.5;60300.0
-2;763700;ASH_COATED_OSMIUM;9989;10;9987;25;;;10008;25;;;;;9998.5;14302.0
-2;763700;INTARIAN_PEPPER_ROOT;10766;7;;;;;10770;12;10772;20;;;10768.0;60660.0
-2;763800;ASH_COATED_OSMIUM;9989;12;9986;25;;;10005;12;10007;25;;;9997.0;14260.0
-2;763800;INTARIAN_PEPPER_ROOT;10758;10;;;;;10770;10;10772;25;;;10764.0;60340.0
-2;763900;ASH_COATED_OSMIUM;9989;13;9987;30;;;10005;13;10008;30;;;9997.0;14260.0
-2;763900;INTARIAN_PEPPER_ROOT;10758;9;10755;21;;;10770;9;10772;21;;;10764.0;60340.0
-2;764000;ASH_COATED_OSMIUM;9989;14;;;;;10005;14;10008;24;;;9997.0;14260.0
-2;764000;INTARIAN_PEPPER_ROOT;;;;;;;10770;11;10773;18;;;10770.0;60820.0
-2;764100;ASH_COATED_OSMIUM;9989;12;9987;26;;;10005;12;10008;26;;;9997.0;14260.0
-2;764100;INTARIAN_PEPPER_ROOT;10758;10;10756;15;;;10766;7;10770;10;10773;15;10762.0;60180.0
-2;764200;ASH_COATED_OSMIUM;9989;12;9987;20;;;10005;12;10008;20;;;9997.0;14260.0
-2;764200;INTARIAN_PEPPER_ROOT;10758;9;10756;20;;;10773;20;;;;;10765.5;60460.0
-2;764300;ASH_COATED_OSMIUM;9988;13;9986;29;;;10007;29;;;;;9997.5;14274.0
-2;764300;INTARIAN_PEPPER_ROOT;10758;10;10756;15;;;10770;10;10773;15;;;10764.0;60340.0
-2;764400;ASH_COATED_OSMIUM;9988;10;;;;;10004;10;10007;20;;;9996.0;14232.0
-2;764400;INTARIAN_PEPPER_ROOT;10759;12;10756;21;;;10770;12;10773;21;;;10764.5;60380.0
-2;764500;ASH_COATED_OSMIUM;9988;14;9986;24;;;10004;14;10007;24;;;9996.0;14232.0
-2;764500;INTARIAN_PEPPER_ROOT;10756;15;;;;;10770;12;10773;15;;;10763.0;60260.0
-2;764600;ASH_COATED_OSMIUM;9988;15;;;;;9997;4;10004;15;;;9992.5;14134.0
-2;764600;INTARIAN_PEPPER_ROOT;10759;11;10756;23;;;10770;11;10773;23;;;10764.5;60380.0
-2;764700;ASH_COATED_OSMIUM;9988;13;9985;21;;;10004;13;10006;21;;;9996.0;14232.0
-2;764700;INTARIAN_PEPPER_ROOT;10759;11;;;;;10771;11;10773;17;;;10765.0;60420.0
-2;764800;ASH_COATED_OSMIUM;9988;10;9986;23;;;10004;10;10007;23;;;9996.0;14288.0
-2;764800;INTARIAN_PEPPER_ROOT;10759;12;;;;;10771;12;;;;;10765.0;60420.0
-2;764900;ASH_COATED_OSMIUM;9988;14;9985;25;;;10004;14;10006;25;;;9996.0;14288.0
-2;764900;INTARIAN_PEPPER_ROOT;10759;8;10756;24;;;10771;8;10773;24;;;10765.0;60420.0
-2;765000;ASH_COATED_OSMIUM;9987;14;9985;20;;;10003;14;10006;20;;;9995.0;14252.0
-2;765000;INTARIAN_PEPPER_ROOT;10759;12;10756;24;;;10774;24;;;;;10766.5;60540.0
-2;765100;ASH_COATED_OSMIUM;9985;22;;;;;10003;15;10006;22;;;9994.0;14216.0
-2;765100;INTARIAN_PEPPER_ROOT;10757;20;;;;;10771;8;;;;;10764.0;60340.0
-2;765200;ASH_COATED_OSMIUM;9993;3;9987;12;9985;25;10003;12;10006;25;;;9998.0;14380.0
-2;765200;INTARIAN_PEPPER_ROOT;10759;8;10757;16;;;10771;8;10774;16;;;10765.0;60420.0
-2;765300;ASH_COATED_OSMIUM;9987;13;9985;25;;;10003;13;10006;25;;;9995.0;14287.0
-2;765300;INTARIAN_PEPPER_ROOT;10759;8;10757;22;;;10771;8;10774;22;;;10765.0;60420.0
-2;765400;ASH_COATED_OSMIUM;9987;13;9984;28;;;10003;13;10005;28;;;9995.0;14287.0
-2;765400;INTARIAN_PEPPER_ROOT;10760;12;10757;25;;;10771;12;;;;;10765.5;60460.0
-2;765500;ASH_COATED_OSMIUM;9987;15;9984;21;;;10003;15;10005;21;;;9995.0;14287.0
-2;765500;INTARIAN_PEPPER_ROOT;10763;8;10760;12;10757;20;10771;12;10774;20;;;10767.0;60580.0
-2;765600;ASH_COATED_OSMIUM;9987;12;;;;;10003;12;10005;30;;;9995.0;14287.0
-2;765600;INTARIAN_PEPPER_ROOT;10768;4;10760;12;10757;17;10771;12;10774;17;;;10769.5;60780.0
-2;765700;ASH_COATED_OSMIUM;9987;14;;;;;10003;14;;;;;9995.0;14287.0
-2;765700;INTARIAN_PEPPER_ROOT;10760;8;;;;;10772;8;10774;25;;;10766.0;60500.0
-2;765800;ASH_COATED_OSMIUM;9987;10;9984;27;;;10003;10;10005;27;;;9995.0;14287.0
-2;765800;INTARIAN_PEPPER_ROOT;10760;11;10757;21;;;10772;11;10774;21;;;10766.0;60500.0
-2;765900;ASH_COATED_OSMIUM;9987;13;9984;22;;;10003;13;10005;22;;;9995.0;14287.0
-2;765900;INTARIAN_PEPPER_ROOT;10760;12;10757;17;;;10772;12;10774;17;;;10766.0;60500.0
-2;766000;ASH_COATED_OSMIUM;9992;4;9987;10;9984;26;10003;10;10005;26;;;9997.5;14364.5
-2;766000;INTARIAN_PEPPER_ROOT;10760;9;10757;24;;;10775;24;;;;;10767.5;60620.0
-2;766100;ASH_COATED_OSMIUM;9987;10;9984;26;;;10003;10;10005;26;;;9995.0;14287.0
-2;766100;INTARIAN_PEPPER_ROOT;10760;8;10758;19;;;10772;8;10775;19;;;10766.0;60500.0
-2;766200;ASH_COATED_OSMIUM;9987;15;9984;30;;;10005;30;;;;;9996.0;14318.0
-2;766200;INTARIAN_PEPPER_ROOT;10760;12;10758;17;;;10772;12;;;;;10766.0;60500.0
-2;766300;ASH_COATED_OSMIUM;9987;14;9984;30;;;10003;14;;;;;9995.0;14287.0
-2;766300;INTARIAN_PEPPER_ROOT;10760;12;10758;22;;;10772;12;10775;22;;;10766.0;60500.0
-2;766400;ASH_COATED_OSMIUM;9987;14;9984;25;;;10003;14;10005;25;;;9995.0;14287.0
-2;766400;INTARIAN_PEPPER_ROOT;10758;19;;;;;10763;7;10772;11;;;10760.5;60060.0
-2;766500;ASH_COATED_OSMIUM;9984;24;;;;;10003;12;10005;24;;;9993.5;14240.5
-2;766500;INTARIAN_PEPPER_ROOT;10761;12;;;;;10772;12;10775;16;;;10766.5;60540.0
-2;766600;ASH_COATED_OSMIUM;9987;14;9985;20;;;10003;14;10006;20;;;9995.0;14287.0
-2;766600;INTARIAN_PEPPER_ROOT;10761;9;10758;21;;;10772;9;10775;21;;;10766.5;60540.0
-2;766700;ASH_COATED_OSMIUM;9987;14;9985;29;;;10006;29;;;;;9996.5;14333.5
-2;766700;INTARIAN_PEPPER_ROOT;10761;10;10758;19;;;10773;10;10775;19;;;10767.0;60580.0
-2;766800;ASH_COATED_OSMIUM;9985;20;;;;;10004;14;10006;20;;;9994.5;14271.5
-2;766800;INTARIAN_PEPPER_ROOT;10761;8;;;;;10773;8;10775;15;;;10767.0;60580.0
-2;766900;ASH_COATED_OSMIUM;9988;10;9986;21;;;10004;10;10007;21;;;9996.0;14318.0
-2;766900;INTARIAN_PEPPER_ROOT;10758;24;;;;;10773;12;10775;24;;;10765.5;60460.0
-2;767000;ASH_COATED_OSMIUM;9989;13;9986;21;;;10005;13;;;;;9997.0;14349.0
-2;767000;INTARIAN_PEPPER_ROOT;10761;10;10758;19;;;10773;10;10776;19;;;10767.0;60580.0
-2;767100;ASH_COATED_OSMIUM;9988;14;;;;;10007;22;;;;;9997.5;14364.5
-2;767100;INTARIAN_PEPPER_ROOT;10761;10;10759;18;;;10773;10;10776;18;;;10767.0;60580.0
-2;767200;ASH_COATED_OSMIUM;9988;11;9985;29;;;10004;11;10006;29;;;9996.0;14318.0
-2;767200;INTARIAN_PEPPER_ROOT;10759;16;;;;;10773;10;;;;;10766.0;60500.0
-2;767300;ASH_COATED_OSMIUM;9988;15;9985;28;;;10006;28;;;;;9997.0;14349.0
-2;767300;INTARIAN_PEPPER_ROOT;10761;11;;;;;10773;11;10776;15;;;10767.0;60580.0
-2;767400;ASH_COATED_OSMIUM;9988;15;9986;21;;;10004;15;;;;;9996.0;14318.0
-2;767400;INTARIAN_PEPPER_ROOT;10762;11;10759;19;;;10773;11;;;;;10767.5;60620.0
-2;767500;ASH_COATED_OSMIUM;9998;6;9988;10;9986;28;10004;10;;;;;10001.0;14455.0
-2;767500;INTARIAN_PEPPER_ROOT;10762;10;10759;15;;;10773;10;10776;15;;;10767.5;60620.0
-2;767600;ASH_COATED_OSMIUM;9988;15;9986;24;;;10004;15;;;;;9996.0;14330.0
-2;767600;INTARIAN_PEPPER_ROOT;10762;11;;;;;10773;11;10776;20;;;10767.5;60620.0
-2;767700;ASH_COATED_OSMIUM;9988;10;9985;24;;;10004;10;10006;24;;;9996.0;14330.0
-2;767700;INTARIAN_PEPPER_ROOT;10762;9;10759;18;;;10776;18;;;;;10769.0;60740.0
-2;767800;ASH_COATED_OSMIUM;9988;11;9985;26;;;10006;26;;;;;9997.0;14355.0
-2;767800;INTARIAN_PEPPER_ROOT;10762;10;10759;19;;;10774;10;;;;;10768.0;60660.0
-2;767900;ASH_COATED_OSMIUM;9988;11;9986;24;;;10007;24;;;;;9997.5;14367.5
-2;767900;INTARIAN_PEPPER_ROOT;10762;12;10759;19;;;10774;12;10776;19;;;10768.0;60660.0
-2;768000;ASH_COATED_OSMIUM;9988;15;9986;27;;;10004;15;10007;27;;;9996.0;14330.0
-2;768000;INTARIAN_PEPPER_ROOT;10762;9;10759;22;;;10774;9;10777;22;;;10768.0;60660.0
-2;768100;ASH_COATED_OSMIUM;9997;7;9988;11;9985;20;10004;11;10006;20;;;10000.5;14418.0
-2;768100;INTARIAN_PEPPER_ROOT;10762;9;10760;20;;;10774;9;10777;20;;;10768.0;60660.0
-2;768200;ASH_COATED_OSMIUM;9985;20;;;;;10004;11;;;;;9994.5;14310.0
-2;768200;INTARIAN_PEPPER_ROOT;;;;;;;10774;12;10777;20;;;10774.0;61140.0
-2;768300;ASH_COATED_OSMIUM;9988;12;9985;30;;;10006;30;;;;;9997.0;14355.0
-2;768300;INTARIAN_PEPPER_ROOT;10762;11;10760;19;;;10774;11;;;;;10768.0;60660.0
-2;768400;ASH_COATED_OSMIUM;9985;24;;;;;10004;12;10006;24;;;9994.5;14310.0
-2;768400;INTARIAN_PEPPER_ROOT;10763;12;10760;16;;;10774;12;10777;16;;;10768.5;60700.0
-2;768500;ASH_COATED_OSMIUM;9988;15;9985;29;;;10004;15;10006;29;;;9996.0;14400.0
-2;768500;INTARIAN_PEPPER_ROOT;10763;8;10760;21;;;10777;21;;;;;10770.0;60820.0
-2;768600;ASH_COATED_OSMIUM;9987;12;9985;22;;;10003;12;10006;22;;;9995.0;14391.0
-2;768600;INTARIAN_PEPPER_ROOT;10763;11;10760;21;;;10774;11;10777;21;;;10768.5;60700.0
-2;768700;ASH_COATED_OSMIUM;9987;15;9985;22;;;10003;15;10006;22;;;9995.0;14391.0
-2;768700;INTARIAN_PEPPER_ROOT;10763;9;;;;;10777;19;;;;;10770.0;60820.0
-2;768800;ASH_COATED_OSMIUM;9987;15;9985;24;;;;;;;;;9987.0;14319.0
-2;768800;INTARIAN_PEPPER_ROOT;10760;24;;;;;10775;11;10777;24;;;10767.5;60620.0
-2;768900;ASH_COATED_OSMIUM;9985;25;;;;;10006;25;;;;;9995.5;14395.5
-2;768900;INTARIAN_PEPPER_ROOT;10763;11;10760;19;;;10777;19;;;;;10770.0;60820.0
-2;769000;ASH_COATED_OSMIUM;9988;10;9985;20;;;10004;10;10006;20;;;9996.0;14400.0
-2;769000;INTARIAN_PEPPER_ROOT;10760;23;;;;;10775;10;10778;23;;;10767.5;60620.0
-2;769100;ASH_COATED_OSMIUM;;;;;;;10004;12;10006;30;;;10004.0;14472.0
-2;769100;INTARIAN_PEPPER_ROOT;10761;17;;;;;10775;10;;;;;10768.0;60660.0
-2;769200;ASH_COATED_OSMIUM;9987;15;9985;28;;;10006;28;;;;;9996.5;14404.5
-2;769200;INTARIAN_PEPPER_ROOT;10763;10;10761;15;;;10775;10;10778;15;;;10769.0;60740.0
-2;769300;ASH_COATED_OSMIUM;9987;10;9985;28;;;10003;10;10006;28;;;9995.0;14391.0
-2;769300;INTARIAN_PEPPER_ROOT;10763;11;10761;23;;;10778;23;;;;;10770.5;60860.0
-2;769400;ASH_COATED_OSMIUM;;;;;;;10004;12;10006;21;;;10004.0;14472.0
-2;769400;INTARIAN_PEPPER_ROOT;10764;9;10761;22;;;10775;9;10778;22;;;10769.5;60780.0
-2;769500;ASH_COATED_OSMIUM;9988;12;9985;22;;;10004;12;10006;22;;;9996.0;14400.0
-2;769500;INTARIAN_PEPPER_ROOT;10761;16;;;;;10775;8;10778;16;;;10768.0;60660.0
-2;769600;ASH_COATED_OSMIUM;9987;13;9985;28;;;10003;13;10006;28;;;9995.0;14391.0
-2;769600;INTARIAN_PEPPER_ROOT;10764;8;10761;16;;;10778;16;;;;;10771.0;60900.0
-2;769700;ASH_COATED_OSMIUM;9988;15;9985;30;;;10006;30;;;;;9997.0;14409.0
-2;769700;INTARIAN_PEPPER_ROOT;10764;12;10761;24;;;10778;24;;;;;10771.0;60900.0
-2;769800;ASH_COATED_OSMIUM;9988;14;9985;30;;;10004;14;10006;30;;;9996.0;14400.0
-2;769800;INTARIAN_PEPPER_ROOT;10764;12;10761;18;;;10776;12;10778;18;;;10770.0;60820.0
-2;769900;ASH_COATED_OSMIUM;9988;13;9985;29;;;10004;13;10006;29;;;9996.0;14400.0
-2;769900;INTARIAN_PEPPER_ROOT;10764;11;10761;15;;;10776;11;10778;15;;;10770.0;60820.0
-2;770000;ASH_COATED_OSMIUM;9988;10;9986;24;;;10007;24;;;;;9997.5;14413.5
-2;770000;INTARIAN_PEPPER_ROOT;10764;9;10761;23;;;10776;9;;;;;10770.0;60820.0
-2;770100;ASH_COATED_OSMIUM;9989;14;9986;23;;;10007;23;;;;;9998.0;14418.0
-2;770100;INTARIAN_PEPPER_ROOT;10764;9;10762;24;;;10776;9;10779;24;;;10770.0;60820.0
-2;770200;ASH_COATED_OSMIUM;9989;11;9986;20;;;10005;11;10007;20;;;9997.0;14409.0
-2;770200;INTARIAN_PEPPER_ROOT;10764;8;10762;18;;;10776;8;;;;;10770.0;60820.0
-2;770300;ASH_COATED_OSMIUM;9989;10;9986;24;;;10005;10;;;;;9997.0;14409.0
-2;770300;INTARIAN_PEPPER_ROOT;10764;8;10762;22;;;10776;8;10779;22;;;10770.0;60820.0
-2;770400;ASH_COATED_OSMIUM;9994;3;9989;11;9986;30;10005;11;;;;;9999.5;14431.5
-2;770400;INTARIAN_PEPPER_ROOT;10765;8;;;;;10767;3;10776;8;10779;25;10766.0;60500.0
-2;770500;ASH_COATED_OSMIUM;9986;23;;;;;10007;23;;;;;9996.5;14404.5
-2;770500;INTARIAN_PEPPER_ROOT;10765;10;10762;17;;;10779;17;;;;;10772.0;60980.0
-2;770600;ASH_COATED_OSMIUM;9989;15;9986;30;;;10005;15;10007;30;;;9997.0;14409.0
-2;770600;INTARIAN_PEPPER_ROOT;10765;10;10762;25;;;10779;25;;;;;10772.0;60980.0
-2;770700;ASH_COATED_OSMIUM;9987;28;;;;;10005;10;10008;28;;;9996.0;14400.0
-2;770700;INTARIAN_PEPPER_ROOT;10765;10;10762;15;;;10779;15;;;;;10772.0;60980.0
-2;770800;ASH_COATED_OSMIUM;9986;30;;;;;10005;14;10007;30;;;9995.5;14395.5
-2;770800;INTARIAN_PEPPER_ROOT;10768;8;10765;9;;;;;;;;;10768.0;60660.0
-2;770900;ASH_COATED_OSMIUM;9989;12;9986;30;;;10005;12;10007;30;;;9997.0;14409.0
-2;770900;INTARIAN_PEPPER_ROOT;10762;20;;;;;10777;10;;;;;10769.5;60780.0
-2;771000;ASH_COATED_OSMIUM;9989;10;9986;23;;;10005;10;10007;23;;;9997.0;14409.0
-2;771000;INTARIAN_PEPPER_ROOT;;;;;;;10767;8;10777;9;10780;15;10767.0;60580.0
-2;771100;ASH_COATED_OSMIUM;9989;11;;;;;10005;11;10008;20;;;9997.0;14409.0
-2;771100;INTARIAN_PEPPER_ROOT;10774;6;10765;12;10763;18;10777;12;10780;18;;;10775.5;61260.0
-2;771200;ASH_COATED_OSMIUM;9986;28;;;;;10005;15;;;;;9995.5;14395.5
-2;771200;INTARIAN_PEPPER_ROOT;10765;9;;;;;10777;9;10780;18;;;10771.0;60900.0
-2;771300;ASH_COATED_OSMIUM;9987;23;;;;;10005;14;10008;23;;;9996.0;14400.0
-2;771300;INTARIAN_PEPPER_ROOT;10765;9;10763;19;;;10777;9;10780;19;;;10771.0;60900.0
-2;771400;ASH_COATED_OSMIUM;9989;15;;;;;10005;15;10008;20;;;9997.0;14409.0
-2;771400;INTARIAN_PEPPER_ROOT;10766;10;;;;;10777;10;10780;24;;;10771.5;60940.0
-2;771500;ASH_COATED_OSMIUM;9986;30;;;;;10005;12;10007;30;;;9995.5;14395.5
-2;771500;INTARIAN_PEPPER_ROOT;10766;10;10763;20;;;10777;10;10780;20;;;10771.5;60940.0
-2;771600;ASH_COATED_OSMIUM;9989;10;9987;22;;;10005;10;10008;22;;;9997.0;14409.0
-2;771600;INTARIAN_PEPPER_ROOT;10766;12;10763;22;;;10777;12;10780;22;;;10771.5;60940.0
-2;771700;ASH_COATED_OSMIUM;9989;11;9987;30;;;9999;3;10005;11;10008;30;9994.0;14382.0
-2;771700;INTARIAN_PEPPER_ROOT;10766;12;10763;24;;;10778;12;10780;24;;;10772.0;60980.0
-2;771800;ASH_COATED_OSMIUM;9989;13;9987;30;;;10008;30;;;;;9998.5;14422.5
-2;771800;INTARIAN_PEPPER_ROOT;10766;12;10763;15;;;10780;15;;;;;10773.0;61060.0
-2;771900;ASH_COATED_OSMIUM;9989;10;9987;28;;;10005;10;;;;;9997.0;14409.0
-2;771900;INTARIAN_PEPPER_ROOT;10763;20;;;;;10778;11;;;;;10770.5;60860.0
-2;772000;ASH_COATED_OSMIUM;9989;14;9986;26;;;10007;26;;;;;9998.0;14418.0
-2;772000;INTARIAN_PEPPER_ROOT;10766;11;10763;15;;;10778;11;10781;15;;;10772.0;60980.0
-2;772100;ASH_COATED_OSMIUM;9988;12;9986;30;;;10004;12;10007;30;;;9996.0;14400.0
-2;772100;INTARIAN_PEPPER_ROOT;10764;22;;;;;10778;10;10781;22;;;10771.0;60900.0
-2;772200;ASH_COATED_OSMIUM;9988;10;9986;28;;;10004;10;10007;28;;;9996.0;14400.0
-2;772200;INTARIAN_PEPPER_ROOT;10766;9;;;;;10781;17;;;;;10773.5;61100.0
-2;772300;ASH_COATED_OSMIUM;9988;15;9986;21;;;10004;15;10007;21;;;9996.0;14400.0
-2;772300;INTARIAN_PEPPER_ROOT;10766;11;10764;19;;;10781;19;;;;;10773.5;61100.0
-2;772400;ASH_COATED_OSMIUM;9988;12;9985;21;;;10004;12;10006;21;;;9996.0;14400.0
-2;772400;INTARIAN_PEPPER_ROOT;10767;9;10764;15;;;10778;9;;;;;10772.5;61020.0
-2;772500;ASH_COATED_OSMIUM;9988;10;9985;24;;;;;;;;;9988.0;14328.0
-2;772500;INTARIAN_PEPPER_ROOT;10767;10;10764;21;;;10778;10;10781;21;;;10772.5;61020.0
-2;772600;ASH_COATED_OSMIUM;9988;13;9986;30;;;10004;13;10007;30;;;9996.0;14400.0
-2;772600;INTARIAN_PEPPER_ROOT;10767;12;;;;;;;;;;;10767.0;60580.0
-2;772700;ASH_COATED_OSMIUM;9989;13;9986;24;;;10004;13;10007;24;;;9996.5;14404.5
-2;772700;INTARIAN_PEPPER_ROOT;10764;17;;;;;10779;10;;;;;10771.5;60940.0
-2;772800;ASH_COATED_OSMIUM;9989;10;9986;26;;;;;;;;;9989.0;14337.0
-2;772800;INTARIAN_PEPPER_ROOT;10767;11;10764;23;;;;;;;;;10767.0;60580.0
-2;772900;ASH_COATED_OSMIUM;;;;;;;10005;14;10007;25;;;10005.0;14481.0
-2;772900;INTARIAN_PEPPER_ROOT;10767;9;10764;25;;;10779;9;10781;25;;;10773.0;61060.0
-2;773000;ASH_COATED_OSMIUM;9989;10;9987;30;;;10005;10;10008;30;;;9997.0;14409.0
-2;773000;INTARIAN_PEPPER_ROOT;10764;24;;;;;10779;12;10782;24;;;10771.5;60940.0
-2;773100;ASH_COATED_OSMIUM;9989;12;9987;21;;;10005;12;10008;21;;;9997.0;14451.0
-2;773100;INTARIAN_PEPPER_ROOT;10767;10;10765;25;;;10779;10;10782;25;;;10773.0;61060.0
-2;773200;ASH_COATED_OSMIUM;9989;12;;;;;10005;12;10007;21;;;9997.0;14451.0
-2;773200;INTARIAN_PEPPER_ROOT;10767;12;10765;20;;;10779;12;;;;;10773.0;61060.0
-2;773300;ASH_COATED_OSMIUM;9989;11;9986;28;;;10005;11;10007;28;;;9997.0;14451.0
-2;773300;INTARIAN_PEPPER_ROOT;10767;9;10765;23;;;10779;9;;;;;10773.0;61060.0
-2;773400;ASH_COATED_OSMIUM;;;;;;;10005;10;10007;21;;;10005.0;14475.0
-2;773400;INTARIAN_PEPPER_ROOT;10768;10;10765;18;;;10779;10;10782;18;;;10773.5;61100.0
-2;773500;ASH_COATED_OSMIUM;9989;13;9986;28;;;10005;13;10007;28;;;9997.0;14451.0
-2;773500;INTARIAN_PEPPER_ROOT;10768;10;10765;25;;;10779;10;;;;;10773.5;61100.0
-2;773600;ASH_COATED_OSMIUM;9989;10;9986;25;;;10005;10;10007;25;;;9997.0;14451.0
-2;773600;INTARIAN_PEPPER_ROOT;10768;9;10765;25;;;10779;9;10782;25;;;10773.5;61100.0
-2;773700;ASH_COATED_OSMIUM;9987;24;;;;;10008;24;;;;;9997.5;14452.5
-2;773700;INTARIAN_PEPPER_ROOT;10768;9;10765;25;;;10780;9;;;;;10774.0;61140.0
-2;773800;ASH_COATED_OSMIUM;9990;11;9987;29;;;9999;3;10005;11;;;9994.5;14443.5
-2;773800;INTARIAN_PEPPER_ROOT;10768;10;10765;19;;;10782;19;;;;;10775.0;61220.0
-2;773900;ASH_COATED_OSMIUM;9989;12;9987;21;;;10005;12;10008;21;;;9997.0;14451.0
-2;773900;INTARIAN_PEPPER_ROOT;10768;8;;;;;10780;8;10782;21;;;10774.0;61140.0
-2;774000;ASH_COATED_OSMIUM;9990;12;9987;25;;;10008;25;;;;;9999.0;14457.0
-2;774000;INTARIAN_PEPPER_ROOT;10768;10;10765;25;;;10780;10;10783;25;;;10774.0;61140.0
-2;774100;ASH_COATED_OSMIUM;9987;25;;;;;10006;10;10008;25;;;9996.5;14449.5
-2;774100;INTARIAN_PEPPER_ROOT;10768;10;10766;21;;;10780;10;10783;21;;;10774.0;61140.0
-2;774200;ASH_COATED_OSMIUM;9990;14;9987;22;;;10006;14;10008;22;;;9998.0;14482.0
-2;774200;INTARIAN_PEPPER_ROOT;10768;8;10766;21;;;10780;8;10783;21;;;10774.0;61140.0
-2;774300;ASH_COATED_OSMIUM;9989;13;9987;25;;;9999;2;10008;25;;;9994.0;14454.0
-2;774300;INTARIAN_PEPPER_ROOT;10768;8;10766;18;;;10780;8;;;;;10774.0;61140.0
-2;774400;ASH_COATED_OSMIUM;9990;11;9987;23;;;10008;23;;;;;9999.0;14489.0
-2;774400;INTARIAN_PEPPER_ROOT;10769;8;10766;15;;;10780;8;10783;15;;;10774.5;61180.0
-2;774500;ASH_COATED_OSMIUM;9990;12;;;;;10006;12;;;;;9998.0;14482.0
-2;774500;INTARIAN_PEPPER_ROOT;10766;23;;;;;10780;9;10783;23;;;10773.0;61060.0
-2;774600;ASH_COATED_OSMIUM;9990;10;9987;23;;;10006;10;;;;;9998.0;14482.0
-2;774600;INTARIAN_PEPPER_ROOT;10769;12;10766;23;;;10780;12;10783;23;;;10774.5;61180.0
-2;774700;ASH_COATED_OSMIUM;9990;12;;;;;10006;12;10008;20;;;9998.0;14482.0
-2;774700;INTARIAN_PEPPER_ROOT;10769;8;;;;;10781;8;10783;16;;;10775.0;61220.0
-2;774800;ASH_COATED_OSMIUM;9990;10;9987;22;;;;;;;;;9990.0;14426.0
-2;774800;INTARIAN_PEPPER_ROOT;10769;9;10766;18;;;10781;9;10783;18;;;10775.0;61220.0
-2;774900;ASH_COATED_OSMIUM;9990;10;9987;21;;;10006;10;10008;21;;;9998.0;14482.0
-2;774900;INTARIAN_PEPPER_ROOT;10769;9;10766;18;;;10783;18;;;;;10776.0;61300.0
-2;775000;ASH_COATED_OSMIUM;;;;;;;10005;14;10008;30;;;10005.0;14531.0
-2;775000;INTARIAN_PEPPER_ROOT;10769;8;10766;23;;;10781;8;10784;23;;;10775.0;61220.0
-2;775100;ASH_COATED_OSMIUM;9990;12;9987;25;;;10008;25;;;;;9999.0;14489.0
-2;775100;INTARIAN_PEPPER_ROOT;10769;12;10767;16;;;10781;12;10784;16;;;10775.0;61220.0
-2;775200;ASH_COATED_OSMIUM;9989;13;;;;;10005;13;;;;;9997.0;14475.0
-2;775200;INTARIAN_PEPPER_ROOT;10769;12;10767;23;;;10781;12;;;;;10775.0;61220.0
-2;775300;ASH_COATED_OSMIUM;9989;11;9987;21;;;10005;11;10008;21;;;9997.0;14510.0
-2;775300;INTARIAN_PEPPER_ROOT;10769;12;10767;15;;;10781;12;10784;15;;;10775.0;61220.0
-2;775400;ASH_COATED_OSMIUM;9989;12;9987;21;;;10005;12;10008;21;;;9997.0;14510.0
-2;775400;INTARIAN_PEPPER_ROOT;10770;11;;;;;10781;11;10784;18;;;10775.5;61260.0
-2;775500;ASH_COATED_OSMIUM;9990;13;9987;29;;;10006;13;10008;29;;;9998.0;14512.0
-2;775500;INTARIAN_PEPPER_ROOT;10770;11;10767;24;;;10781;11;10784;24;;;10775.5;61260.0
-2;775600;ASH_COATED_OSMIUM;9987;27;;;;;10008;27;;;;;9997.5;14511.0
-2;775600;INTARIAN_PEPPER_ROOT;10770;11;10767;25;;;10781;11;10784;25;;;10775.5;61260.0
-2;775700;ASH_COATED_OSMIUM;9989;12;9987;30;;;10005;12;;;;;9997.0;14510.0
-2;775700;INTARIAN_PEPPER_ROOT;10770;11;10767;15;;;10782;11;10784;15;;;10776.0;61300.0
-2;775800;ASH_COATED_OSMIUM;9989;10;9987;22;;;10008;22;;;;;9998.5;14513.0
-2;775800;INTARIAN_PEPPER_ROOT;10770;8;10767;18;;;10782;8;;;;;10776.0;61300.0
-2;775900;ASH_COATED_OSMIUM;9989;11;;;;;10005;11;10008;25;;;9997.0;14510.0
-2;775900;INTARIAN_PEPPER_ROOT;10770;9;10767;17;;;10782;9;10784;17;;;10776.0;61300.0
-2;776000;ASH_COATED_OSMIUM;9989;11;9987;27;;;9999;3;10005;11;10008;27;9994.0;14504.0
-2;776000;INTARIAN_PEPPER_ROOT;10770;10;10767;22;;;10782;10;;;;;10776.0;61300.0
-2;776100;ASH_COATED_OSMIUM;9989;15;9987;26;;;;;;;;;9989.0;14494.0
-2;776100;INTARIAN_PEPPER_ROOT;10770;10;;;;;10782;10;;;;;10776.0;61300.0
-2;776200;ASH_COATED_OSMIUM;9990;15;9987;24;;;10008;24;;;;;9999.0;14514.0
-2;776200;INTARIAN_PEPPER_ROOT;10768;18;;;;;10782;12;10785;18;;;10775.0;61220.0
-2;776300;ASH_COATED_OSMIUM;9990;13;9987;20;;;10006;13;;;;;9998.0;14512.0
-2;776300;INTARIAN_PEPPER_ROOT;10768;21;;;;;10782;12;10785;21;;;10775.0;61220.0
-2;776400;ASH_COATED_OSMIUM;9990;12;9987;29;;;10006;12;10008;29;;;9998.0;14526.0
-2;776400;INTARIAN_PEPPER_ROOT;10771;9;;;;;10785;25;;;;;10778.0;61460.0
-2;776500;ASH_COATED_OSMIUM;9990;10;;;;;10006;10;10008;20;;;9998.0;14526.0
-2;776500;INTARIAN_PEPPER_ROOT;10771;9;;;;;10782;9;10785;23;;;10776.5;61340.0
-2;776600;ASH_COATED_OSMIUM;9989;14;9987;24;;;10005;14;10008;24;;;9997.0;14522.0
-2;776600;INTARIAN_PEPPER_ROOT;10771;8;10768;23;;;10785;23;;;;;10778.0;61460.0
-2;776700;ASH_COATED_OSMIUM;9989;10;;;;;10005;10;;;;;9997.0;14564.0
-2;776700;INTARIAN_PEPPER_ROOT;10768;22;;;;;10783;9;10785;22;;;10775.5;61260.0
-2;776800;ASH_COATED_OSMIUM;9989;10;9987;28;;;10005;10;10008;28;;;9997.0;14564.0
-2;776800;INTARIAN_PEPPER_ROOT;10768;23;;;;;10783;11;10785;23;;;10775.5;61260.0
-2;776900;ASH_COATED_OSMIUM;9990;12;9987;25;;;10008;25;;;;;9999.0;14584.0
-2;776900;INTARIAN_PEPPER_ROOT;10771;11;;;;;;;;;;;10771.0;60900.0
-2;777000;ASH_COATED_OSMIUM;9989;14;9987;28;;;10008;28;;;;;9998.5;14630.0
-2;777000;INTARIAN_PEPPER_ROOT;10771;9;10768;20;;;10783;9;;;;;10777.0;61380.0
-2;777100;ASH_COATED_OSMIUM;9986;20;;;;;;;;;;;9986.0;14580.0
-2;777100;INTARIAN_PEPPER_ROOT;10771;8;10769;19;;;10786;19;;;;;10778.5;61500.0
-2;777200;ASH_COATED_OSMIUM;9988;14;9986;23;;;10004;14;10007;23;;;9996.0;14620.0
-2;777200;INTARIAN_PEPPER_ROOT;10771;12;10769;22;;;10783;12;10786;22;;;10777.0;61380.0
-2;777300;ASH_COATED_OSMIUM;;;;;;;10004;13;10007;29;;;10004.0;14652.0
-2;777300;INTARIAN_PEPPER_ROOT;10771;12;;;;;10783;12;10786;19;;;10777.0;61380.0
-2;777400;ASH_COATED_OSMIUM;9986;26;;;;;10004;11;;;;;9995.0;14616.0
-2;777400;INTARIAN_PEPPER_ROOT;10769;20;;;;;10783;9;;;;;10776.0;61300.0
-2;777500;ASH_COATED_OSMIUM;9989;13;9986;29;;;10005;13;10007;29;;;9997.0;14624.0
-2;777500;INTARIAN_PEPPER_ROOT;10769;23;;;;;10779;12;10786;23;;;10774.0;61140.0
-2;777600;ASH_COATED_OSMIUM;9989;15;9986;26;;;10005;15;10007;26;;;9997.0;14624.0
-2;777600;INTARIAN_PEPPER_ROOT;10769;19;;;;;10783;10;10786;19;;;10776.0;61300.0
-2;777700;ASH_COATED_OSMIUM;9989;12;;;;;10005;12;;;;;9997.0;14624.0
-2;777700;INTARIAN_PEPPER_ROOT;10769;24;;;;;10784;9;10786;24;;;10776.5;61340.0
-2;777800;ASH_COATED_OSMIUM;9989;14;;;;;10005;14;10007;30;;;9997.0;14624.0
-2;777800;INTARIAN_PEPPER_ROOT;10772;11;;;;;10784;11;10786;25;;;10778.0;61460.0
-2;777900;ASH_COATED_OSMIUM;9989;14;9987;26;;;;;;;;;9989.0;14592.0
-2;777900;INTARIAN_PEPPER_ROOT;10772;11;;;;;10784;11;10786;20;;;10778.0;61460.0
-2;778000;ASH_COATED_OSMIUM;9989;11;9987;25;;;10005;11;10008;25;;;9997.0;14624.0
-2;778000;INTARIAN_PEPPER_ROOT;10772;10;10769;18;;;10784;10;10787;18;;;10778.0;61460.0
-2;778100;ASH_COATED_OSMIUM;9990;10;9987;27;;;;;;;;;9990.0;14596.0
-2;778100;INTARIAN_PEPPER_ROOT;10770;19;;;;;10784;8;;;;;10777.0;61380.0
-2;778200;ASH_COATED_OSMIUM;9989;15;9987;21;;;9999;4;10005;15;10008;21;9994.0;14612.0
-2;778200;INTARIAN_PEPPER_ROOT;10772;8;10770;17;;;10784;8;;;;;10778.0;61460.0
-2;778300;ASH_COATED_OSMIUM;9989;12;9986;29;;;;;;;;;9989.0;14592.0
-2;778300;INTARIAN_PEPPER_ROOT;10772;9;10770;16;;;10784;9;10787;16;;;10778.0;61460.0
-2;778400;ASH_COATED_OSMIUM;9990;11;9987;30;;;9995;3;10006;11;10008;30;9992.5;14598.5
-2;778400;INTARIAN_PEPPER_ROOT;10773;11;10770;18;;;10787;18;;;;;10780.0;61620.0
-2;778500;ASH_COATED_OSMIUM;9990;11;9987;20;;;10006;11;10008;20;;;9998.0;14637.0
-2;778500;INTARIAN_PEPPER_ROOT;10770;18;;;;;10784;10;10787;18;;;10777.0;61380.0
-2;778600;ASH_COATED_OSMIUM;9990;12;9988;29;;;10006;12;10009;29;;;9998.0;14637.0
-2;778600;INTARIAN_PEPPER_ROOT;10773;11;10770;23;;;10784;11;10787;23;;;10778.5;61500.0
-2;778700;ASH_COATED_OSMIUM;9990;15;9987;26;;;10008;26;;;;;9999.0;14644.0
-2;778700;INTARIAN_PEPPER_ROOT;10770;22;;;;;10785;12;10787;22;;;10777.5;61420.0
-2;778800;ASH_COATED_OSMIUM;9990;11;9987;24;;;10006;11;10008;24;;;9998.0;14637.0
-2;778800;INTARIAN_PEPPER_ROOT;10773;10;10770;16;;;10785;10;10787;16;;;10779.0;61540.0
-2;778900;ASH_COATED_OSMIUM;9990;10;9988;22;;;10009;22;;;;;9999.5;14647.5
-2;778900;INTARIAN_PEPPER_ROOT;10773;8;10770;21;;;10785;8;10787;21;;;10779.0;61540.0
-2;779000;ASH_COATED_OSMIUM;9990;14;9987;24;;;10006;14;10008;24;;;9998.0;14637.0
-2;779000;INTARIAN_PEPPER_ROOT;10773;11;;;;;10785;11;;;;;10779.0;61540.0
-2;779100;ASH_COATED_OSMIUM;9990;15;9987;20;;;10006;15;10008;20;;;9998.0;14637.0
-2;779100;INTARIAN_PEPPER_ROOT;10773;8;;;;;10785;8;10788;15;;;10779.0;61540.0
-2;779200;ASH_COATED_OSMIUM;9995;4;9987;30;;;10006;11;10008;30;;;10000.5;14654.5
-2;779200;INTARIAN_PEPPER_ROOT;10773;11;10771;20;;;10775;7;10785;11;10788;20;10774.0;61140.0
-2;779300;ASH_COATED_OSMIUM;9990;13;;;;;10006;13;10008;22;;;9998.0;14637.0
-2;779300;INTARIAN_PEPPER_ROOT;10773;12;10771;17;;;10788;17;;;;;10780.5;61660.0
-2;779400;ASH_COATED_OSMIUM;9990;14;;;;;;;;;;;9990.0;14581.0
-2;779400;INTARIAN_PEPPER_ROOT;;;;;;;10788;15;;;;;10788.0;62260.0
-2;779500;ASH_COATED_OSMIUM;9989;11;9987;27;;;10005;11;;;;;9997.0;14630.0
-2;779500;INTARIAN_PEPPER_ROOT;10774;12;10771;19;;;10785;12;10788;19;;;10779.5;61580.0
-2;779600;ASH_COATED_OSMIUM;9990;15;9987;20;;;10006;15;10008;20;;;9998.0;14637.0
-2;779600;INTARIAN_PEPPER_ROOT;10774;11;10771;18;;;10785;11;10788;18;;;10779.5;61580.0
-2;779700;ASH_COATED_OSMIUM;9989;15;9987;21;;;10005;15;10008;21;;;9997.0;14630.0
-2;779700;INTARIAN_PEPPER_ROOT;10771;21;;;;;10786;12;;;;;10778.5;61500.0
-2;779800;ASH_COATED_OSMIUM;9989;10;9987;25;;;10005;10;10008;25;;;9997.0;14630.0
-2;779800;INTARIAN_PEPPER_ROOT;10774;8;10771;15;;;10786;8;10788;15;;;10780.0;61620.0
-2;779900;ASH_COATED_OSMIUM;9989;15;9986;25;;;10005;15;10007;25;;;9997.0;14630.0
-2;779900;INTARIAN_PEPPER_ROOT;;;;;;;10786;10;10788;21;;;10786.0;62100.0
-2;780000;ASH_COATED_OSMIUM;9989;10;9986;29;;;10005;10;10007;29;;;9997.0;14630.0
-2;780000;INTARIAN_PEPPER_ROOT;10774;12;;;;;10786;12;10789;16;;;10780.0;61620.0
-2;780100;ASH_COATED_OSMIUM;;;;;;;10005;15;10007;22;;;10005.0;14686.0
-2;780100;INTARIAN_PEPPER_ROOT;10774;10;10772;19;;;10786;10;10789;19;;;10780.0;61620.0
-2;780200;ASH_COATED_OSMIUM;9989;10;9986;22;;;10005;10;10007;22;;;9997.0;14630.0
-2;780200;INTARIAN_PEPPER_ROOT;10774;12;;;;;10786;12;10789;25;;;10780.0;61620.0
-2;780300;ASH_COATED_OSMIUM;9989;14;9987;22;;;10005;14;10008;22;;;9997.0;14630.0
-2;780300;INTARIAN_PEPPER_ROOT;10774;9;;;;;10782;9;10786;9;10789;25;10778.0;61460.0
-2;780400;ASH_COATED_OSMIUM;9989;13;9986;23;;;10005;13;10007;23;;;9997.0;14630.0
-2;780400;INTARIAN_PEPPER_ROOT;10775;12;;;;;10777;7;10789;19;;;10776.0;61300.0
-2;780500;ASH_COATED_OSMIUM;9988;14;9986;24;;;10004;14;10007;24;;;9996.0;14623.0
-2;780500;INTARIAN_PEPPER_ROOT;10775;8;;;;;10786;8;10789;25;;;10780.5;61660.0
-2;780600;ASH_COATED_OSMIUM;9989;12;9986;20;;;;;;;;;9989.0;14574.0
-2;780600;INTARIAN_PEPPER_ROOT;10772;20;;;;;10786;11;10789;20;;;10779.0;61540.0
-2;780700;ASH_COATED_OSMIUM;9998;4;9988;10;;;10007;21;;;;;10002.5;14650.5
-2;780700;INTARIAN_PEPPER_ROOT;10772;23;;;;;10787;12;;;;;10779.5;61580.0
-2;780800;ASH_COATED_OSMIUM;9988;12;9986;25;;;10004;12;10007;25;;;9996.0;14631.0
-2;780800;INTARIAN_PEPPER_ROOT;10775;10;10772;21;;;10787;10;;;;;10781.0;61700.0
-2;780900;ASH_COATED_OSMIUM;9988;13;9985;29;;;10004;13;10006;29;;;9996.0;14631.0
-2;780900;INTARIAN_PEPPER_ROOT;10772;21;;;;;10787;11;10789;21;;;10779.5;61580.0
-2;781000;ASH_COATED_OSMIUM;;;;;;;;;;;;;0.0;-15357.0
-2;781000;INTARIAN_PEPPER_ROOT;10775;8;10772;15;;;10787;8;;;;;10781.0;61700.0
-2;781100;ASH_COATED_OSMIUM;9987;10;9985;20;;;10003;10;10006;20;;;9995.0;14628.0
-2;781100;INTARIAN_PEPPER_ROOT;10775;11;;;;;10787;11;;;;;10781.0;61700.0
-2;781200;ASH_COATED_OSMIUM;9984;25;;;;;10003;11;;;;;9993.5;14623.5
-2;781200;INTARIAN_PEPPER_ROOT;10775;11;10773;20;;;10787;11;;;;;10781.0;61700.0
-2;781300;ASH_COATED_OSMIUM;9987;13;9985;29;;;10003;13;10006;29;;;9995.0;14628.0
-2;781300;INTARIAN_PEPPER_ROOT;10775;9;;;;;10787;9;10790;20;;;10781.0;61700.0
-2;781400;ASH_COATED_OSMIUM;9987;11;9985;24;;;10003;11;10006;24;;;9995.0;14628.0
-2;781400;INTARIAN_PEPPER_ROOT;10776;10;10773;19;;;10787;10;;;;;10781.5;61740.0
-2;781500;ASH_COATED_OSMIUM;9987;14;9985;20;;;10006;20;;;;;9996.5;14632.5
-2;781500;INTARIAN_PEPPER_ROOT;10776;11;10773;15;;;10787;11;10790;15;;;10781.5;61740.0
-2;781600;ASH_COATED_OSMIUM;9985;22;;;;;10006;22;;;;;9995.5;14629.5
-2;781600;INTARIAN_PEPPER_ROOT;10776;10;10773;21;;;10787;10;;;;;10781.5;61740.0
-2;781700;ASH_COATED_OSMIUM;9988;15;9985;23;;;9997;3;10004;15;10006;23;9992.5;14620.5
-2;781700;INTARIAN_PEPPER_ROOT;10773;17;;;;;10778;3;10788;8;;;10775.5;61260.0
-2;781800;ASH_COATED_OSMIUM;9988;12;9986;20;;;10007;20;;;;;9997.5;14635.5
-2;781800;INTARIAN_PEPPER_ROOT;10776;9;10773;20;;;10788;9;10790;20;;;10782.0;61780.0
-2;781900;ASH_COATED_OSMIUM;9988;10;9985;23;;;10004;10;10006;23;;;9996.0;14631.0
-2;781900;INTARIAN_PEPPER_ROOT;10776;11;10773;18;;;10788;11;;;;;10782.0;61780.0
-2;782000;ASH_COATED_OSMIUM;9985;30;;;;;10003;11;10006;30;;;9994.0;14625.0
-2;782000;INTARIAN_PEPPER_ROOT;10776;10;10773;20;;;10788;10;10791;20;;;10782.0;61780.0
-2;782100;ASH_COATED_OSMIUM;9988;10;9985;20;;;10004;10;10006;20;;;9996.0;14631.0
-2;782100;INTARIAN_PEPPER_ROOT;10774;18;;;;;10791;18;;;;;10782.5;61820.0
-2;782200;ASH_COATED_OSMIUM;9988;12;9985;26;;;10004;12;10006;26;;;9996.0;14631.0
-2;782200;INTARIAN_PEPPER_ROOT;10776;9;10774;21;;;10788;9;10791;21;;;10782.0;61780.0
-2;782300;ASH_COATED_OSMIUM;9988;11;9986;26;;;10004;11;;;;;9996.0;14631.0
-2;782300;INTARIAN_PEPPER_ROOT;10774;19;;;;;10788;10;10791;19;;;10781.0;61700.0
-2;782400;ASH_COATED_OSMIUM;9988;14;;;;;10004;14;10007;21;;;9996.0;14631.0
-2;782400;INTARIAN_PEPPER_ROOT;10777;8;10774;24;;;10791;24;;;;;10784.0;61940.0
-2;782500;ASH_COATED_OSMIUM;9988;15;9986;21;;;10007;21;;;;;9997.5;14635.5
-2;782500;INTARIAN_PEPPER_ROOT;10777;9;;;;;10788;9;;;;;10782.5;61820.0
-2;782600;ASH_COATED_OSMIUM;;;;;;;10004;11;10007;27;;;10004.0;14655.0
-2;782600;INTARIAN_PEPPER_ROOT;10777;9;;;;;10788;9;10791;16;;;10782.5;61820.0
-2;782700;ASH_COATED_OSMIUM;9988;15;9986;24;;;10004;15;;;;;9996.0;14631.0
-2;782700;INTARIAN_PEPPER_ROOT;10777;10;10774;20;;;10791;20;;;;;10784.0;61940.0
-2;782800;ASH_COATED_OSMIUM;9988;10;9986;27;;;;;;;;;9988.0;14607.0
-2;782800;INTARIAN_PEPPER_ROOT;10777;10;10774;16;;;10789;10;10791;16;;;10783.0;61860.0
-2;782900;ASH_COATED_OSMIUM;9989;15;9986;20;;;10005;15;10007;20;;;9997.0;14634.0
-2;782900;INTARIAN_PEPPER_ROOT;10777;10;10774;20;;;10791;20;;;;;10784.0;61940.0
-2;783000;ASH_COATED_OSMIUM;;;;;;;10007;25;;;;;10007.0;14664.0
-2;783000;INTARIAN_PEPPER_ROOT;10777;11;10774;21;;;10789;11;10792;21;;;10783.0;61860.0
-2;783100;ASH_COATED_OSMIUM;9986;27;;;;;10004;12;10007;27;;;9995.0;14628.0
-2;783100;INTARIAN_PEPPER_ROOT;10777;12;;;;;10789;12;10792;21;;;10783.0;61860.0
-2;783200;ASH_COATED_OSMIUM;9988;13;9986;20;;;9994;10;10004;13;;;9991.0;14586.0
-2;783200;INTARIAN_PEPPER_ROOT;10775;15;;;;;10789;9;;;;;10782.0;61780.0
-2;783300;ASH_COATED_OSMIUM;9988;15;9985;21;;;10004;15;10006;21;;;9996.0;14651.0
-2;783300;INTARIAN_PEPPER_ROOT;10777;8;10775;19;;;10792;19;;;;;10784.5;61980.0
-2;783400;ASH_COATED_OSMIUM;9988;10;9985;29;;;10004;10;10006;29;;;9996.0;14651.0
-2;783400;INTARIAN_PEPPER_ROOT;10778;11;10775;24;;;10789;11;10792;24;;;10783.5;61900.0
-2;783500;ASH_COATED_OSMIUM;9988;11;9985;26;;;10004;11;10006;26;;;9996.0;14651.0
-2;783500;INTARIAN_PEPPER_ROOT;10778;9;;;;;10792;24;;;;;10785.0;62020.0
-2;783600;ASH_COATED_OSMIUM;9988;12;9985;24;;;10004;12;10006;24;;;9996.0;14651.0
-2;783600;INTARIAN_PEPPER_ROOT;10778;11;;;;;10789;11;;;;;10783.5;61900.0
-2;783700;ASH_COATED_OSMIUM;9987;10;9985;26;;;10003;10;10006;26;;;9995.0;14638.0
-2;783700;INTARIAN_PEPPER_ROOT;10778;12;10775;21;;;10792;21;;;;;10785.0;62020.0
-2;783800;ASH_COATED_OSMIUM;9988;14;;;;;10004;14;10006;27;;;9996.0;14651.0
-2;783800;INTARIAN_PEPPER_ROOT;10778;11;10775;15;;;10792;15;;;;;10785.0;62020.0
-2;783900;ASH_COATED_OSMIUM;9988;10;9985;21;;;;;;;;;9988.0;14547.0
-2;783900;INTARIAN_PEPPER_ROOT;10778;12;10775;18;;;10790;12;10792;18;;;10784.0;61940.0
-2;784000;ASH_COATED_OSMIUM;9985;30;;;;;10004;10;10006;30;;;9994.5;14631.5
-2;784000;INTARIAN_PEPPER_ROOT;10778;11;10775;20;;;10790;11;10793;20;;;10784.0;61940.0
-2;784100;ASH_COATED_OSMIUM;9985;24;;;;;10004;12;10006;24;;;9994.5;14631.5
-2;784100;INTARIAN_PEPPER_ROOT;10778;9;10776;24;;;10786;11;10793;24;;;10782.0;61780.0
-2;784200;ASH_COATED_OSMIUM;9988;13;9986;21;;;;;;;;;9988.0;14547.0
-2;784200;INTARIAN_PEPPER_ROOT;10778;12;10776;23;;;10790;12;10793;23;;;10784.0;61940.0
-2;784300;ASH_COATED_OSMIUM;9989;14;9986;27;;;10005;14;10007;27;;;9997.0;14664.0
-2;784300;INTARIAN_PEPPER_ROOT;10776;24;;;;;10790;8;10793;24;;;10783.0;61860.0
-2;784400;ASH_COATED_OSMIUM;9989;13;9987;30;;;10005;13;10008;30;;;9997.0;14664.0
-2;784400;INTARIAN_PEPPER_ROOT;10776;20;;;;;10790;12;10793;20;;;10783.0;61860.0
-2;784500;ASH_COATED_OSMIUM;9989;13;9986;22;;;10005;13;10007;22;;;9997.0;14664.0
-2;784500;INTARIAN_PEPPER_ROOT;10779;9;10776;22;;;10790;9;10793;22;;;10784.5;61980.0
-2;784600;ASH_COATED_OSMIUM;9989;13;9986;23;;;10005;13;;;;;9997.0;14664.0
-2;784600;INTARIAN_PEPPER_ROOT;10779;10;10776;22;;;10790;10;10793;22;;;10784.5;61980.0
-2;784700;ASH_COATED_OSMIUM;9988;12;9986;30;;;10007;30;;;;;9997.5;14670.5
-2;784700;INTARIAN_PEPPER_ROOT;10779;10;10776;22;;;;;;;;;10779.0;61540.0
-2;784800;ASH_COATED_OSMIUM;9986;22;;;;;10004;11;10007;22;;;9995.0;14638.0
-2;784800;INTARIAN_PEPPER_ROOT;10776;17;;;;;10793;17;;;;;10784.5;61980.0
-2;784900;ASH_COATED_OSMIUM;9988;14;9985;27;;;10004;14;10006;27;;;9996.0;14651.0
-2;784900;INTARIAN_PEPPER_ROOT;;;;;;;10791;11;10793;21;;;10791.0;62500.0
-2;785000;ASH_COATED_OSMIUM;9988;10;9985;28;;;10004;10;10006;28;;;9996.0;14651.0
-2;785000;INTARIAN_PEPPER_ROOT;10779;9;10776;22;;;10791;9;10794;22;;;10785.0;62020.0
-2;785100;ASH_COATED_OSMIUM;9987;11;9985;21;;;10003;11;10006;21;;;9995.0;14638.0
-2;785100;INTARIAN_PEPPER_ROOT;10779;8;;;;;10794;16;;;;;10786.5;62140.0
-2;785200;ASH_COATED_OSMIUM;9988;12;9985;26;;;10004;12;10006;26;;;9996.0;14651.0
-2;785200;INTARIAN_PEPPER_ROOT;10779;10;;;;;10791;10;10794;24;;;10785.0;62020.0
-2;785300;ASH_COATED_OSMIUM;9988;14;9985;27;;;10004;14;10006;27;;;9996.0;14651.0
-2;785300;INTARIAN_PEPPER_ROOT;10779;9;10777;24;;;10791;9;10794;24;;;10785.0;62020.0
-2;785400;ASH_COATED_OSMIUM;9988;12;9985;23;;;10004;12;10006;23;;;9996.0;14651.0
-2;785400;INTARIAN_PEPPER_ROOT;10777;24;;;;;10791;10;10794;24;;;10784.0;61940.0
-2;785500;ASH_COATED_OSMIUM;9988;13;9985;22;;;10004;13;10006;22;;;9996.0;14651.0
-2;785500;INTARIAN_PEPPER_ROOT;10780;11;10777;19;;;10791;11;10794;19;;;10785.5;62060.0
-2;785600;ASH_COATED_OSMIUM;;;;;;;9997;3;10004;11;10006;30;9997.0;14664.0
-2;785600;INTARIAN_PEPPER_ROOT;10780;11;10777;16;;;10787;5;10791;11;10794;16;10783.5;61900.0
-2;785700;ASH_COATED_OSMIUM;9988;14;9985;21;;;10006;21;;;;;9997.0;14664.0
-2;785700;INTARIAN_PEPPER_ROOT;10780;8;;;;;10792;8;10794;17;;;10786.0;62100.0
-2;785800;ASH_COATED_OSMIUM;9987;15;9985;27;;;10003;15;;;;;9995.0;14638.0
-2;785800;INTARIAN_PEPPER_ROOT;10780;11;;;;;10792;11;10794;23;;;10786.0;62100.0
-2;785900;ASH_COATED_OSMIUM;9993;5;9988;15;9985;30;10004;15;10006;30;;;9998.5;14683.5
-2;785900;INTARIAN_PEPPER_ROOT;10780;10;;;;;10792;10;10794;23;;;10786.0;62100.0
-2;786000;ASH_COATED_OSMIUM;9988;12;9985;26;;;10004;12;10006;26;;;9996.0;14651.0
-2;786000;INTARIAN_PEPPER_ROOT;10780;8;;;;;10792;8;10795;20;;;10786.0;62100.0
-2;786100;ASH_COATED_OSMIUM;9988;13;9985;21;;;10004;13;10006;21;;;9996.0;14651.0
-2;786100;INTARIAN_PEPPER_ROOT;10780;10;10778;22;;;10792;10;10795;22;;;10786.0;62100.0
-2;786200;ASH_COATED_OSMIUM;9988;14;9985;28;;;9993;6;10004;14;;;9990.5;14564.5
-2;786200;INTARIAN_PEPPER_ROOT;;;;;;;10792;12;10795;21;;;10792.0;62580.0
-2;786300;ASH_COATED_OSMIUM;9988;10;9985;25;;;10004;10;10006;25;;;9996.0;14669.0
-2;786300;INTARIAN_PEPPER_ROOT;10780;9;10778;25;;;10792;9;;;;;10786.0;62100.0
-2;786400;ASH_COATED_OSMIUM;9988;13;9986;28;;;10004;13;10007;28;;;9996.0;14669.0
-2;786400;INTARIAN_PEPPER_ROOT;10781;11;10778;23;;;10792;11;10795;23;;;10786.5;62140.0
-2;786500;ASH_COATED_OSMIUM;9986;27;;;;;10007;27;;;;;9996.5;14678.5
-2;786500;INTARIAN_PEPPER_ROOT;10781;11;10778;19;;;10792;11;10795;19;;;10786.5;62140.0
-2;786600;ASH_COATED_OSMIUM;9989;12;9986;23;;;10005;12;10007;23;;;9997.0;14702.0
-2;786600;INTARIAN_PEPPER_ROOT;10781;12;10778;23;;;10792;12;10795;23;;;10786.5;62140.0
-2;786700;ASH_COATED_OSMIUM;;;;;;;10004;14;10007;29;;;10004.0;14849.0
-2;786700;INTARIAN_PEPPER_ROOT;10778;16;;;;;10793;10;10795;16;;;10785.5;62060.0
-2;786800;ASH_COATED_OSMIUM;9988;14;9986;23;;;10004;14;;;;;9996.0;14681.0
-2;786800;INTARIAN_PEPPER_ROOT;10781;8;10778;21;;;10793;8;;;;;10787.0;62180.0
-2;786900;ASH_COATED_OSMIUM;9988;11;9986;24;;;10004;11;10007;24;;;9996.0;14681.0
-2;786900;INTARIAN_PEPPER_ROOT;10781;12;10778;20;;;10793;12;10795;20;;;10787.0;62180.0
-2;787000;ASH_COATED_OSMIUM;9988;11;9986;29;;;;;;;;;9988.0;14513.0
-2;787000;INTARIAN_PEPPER_ROOT;10781;8;10778;21;;;10793;8;10796;21;;;10787.0;62180.0
-2;787100;ASH_COATED_OSMIUM;9989;13;9986;22;;;10005;13;10007;22;;;9997.0;14702.0
-2;787100;INTARIAN_PEPPER_ROOT;10781;9;;;;;10793;9;10796;19;;;10787.0;62180.0
-2;787200;ASH_COATED_OSMIUM;9986;24;;;;;10005;12;10007;24;;;9995.5;14670.5
-2;787200;INTARIAN_PEPPER_ROOT;10781;9;10779;25;;;;;;;;;10781.0;61700.0
-2;787300;ASH_COATED_OSMIUM;9988;15;;;;;10007;20;;;;;9997.5;14712.5
-2;787300;INTARIAN_PEPPER_ROOT;10781;9;;;;;10793;9;10796;25;;;10787.0;62180.0
-2;787400;ASH_COATED_OSMIUM;9988;11;9986;25;;;10004;11;;;;;9996.0;14681.0
-2;787400;INTARIAN_PEPPER_ROOT;10782;10;;;;;10793;10;10796;17;;;10787.5;62220.0
-2;787500;ASH_COATED_OSMIUM;9988;12;9986;22;;;10007;22;;;;;9997.5;14712.5
-2;787500;INTARIAN_PEPPER_ROOT;10782;10;10779;24;;;10793;10;10796;24;;;10787.5;62220.0
-2;787600;ASH_COATED_OSMIUM;9988;13;9986;21;;;10004;13;10007;21;;;9996.0;14681.0
-2;787600;INTARIAN_PEPPER_ROOT;10782;8;10779;21;;;10793;8;10796;21;;;10787.5;62220.0
-2;787700;ASH_COATED_OSMIUM;9988;10;9986;26;;;10004;10;10007;26;;;9996.0;14681.0
-2;787700;INTARIAN_PEPPER_ROOT;10782;10;10779;15;;;10794;10;10796;15;;;10788.0;62260.0
-2;787800;ASH_COATED_OSMIUM;9988;10;;;;;10004;10;10007;27;;;9996.0;14681.0
-2;787800;INTARIAN_PEPPER_ROOT;;;;;;;10794;11;10796;17;;;10794.0;62740.0
-2;787900;ASH_COATED_OSMIUM;9989;11;9986;24;;;10005;11;10007;24;;;9997.0;14702.0
-2;787900;INTARIAN_PEPPER_ROOT;10782;10;10779;22;;;10794;10;10796;22;;;10788.0;62260.0
-2;788000;ASH_COATED_OSMIUM;9988;10;9986;22;;;10007;22;;;;;9997.5;14712.5
-2;788000;INTARIAN_PEPPER_ROOT;10782;11;;;;;10794;11;10797;25;;;10788.0;62260.0
-2;788100;ASH_COATED_OSMIUM;9988;13;9985;27;;;10006;27;;;;;9997.0;14702.0
-2;788100;INTARIAN_PEPPER_ROOT;10782;11;10780;24;;;10797;24;;;;;10789.5;62380.0
-2;788200;ASH_COATED_OSMIUM;9987;12;9985;30;;;10003;12;10006;30;;;9995.0;14660.0
-2;788200;INTARIAN_PEPPER_ROOT;10782;11;10780;15;;;10794;11;10797;15;;;10788.0;62260.0
-2;788300;ASH_COATED_OSMIUM;9993;2;;;;;10003;14;10006;26;;;9998.0;14723.0
-2;788300;INTARIAN_PEPPER_ROOT;10780;20;;;;;10794;10;;;;;10787.0;62180.0
-2;788400;ASH_COATED_OSMIUM;9987;12;9985;24;;;10003;12;10006;24;;;9995.0;14695.0
-2;788400;INTARIAN_PEPPER_ROOT;10783;10;10780;21;;;10794;10;10797;21;;;10788.5;62300.0
-2;788500;ASH_COATED_OSMIUM;9987;14;9985;26;;;10003;14;10006;26;;;9995.0;14695.0
-2;788500;INTARIAN_PEPPER_ROOT;10783;11;10780;15;;;10794;11;10797;15;;;10788.5;62300.0
-2;788600;ASH_COATED_OSMIUM;9997;5;9988;10;;;10004;10;;;;;10000.5;14765.5
-2;788600;INTARIAN_PEPPER_ROOT;10783;9;10780;21;;;10794;9;;;;;10788.5;62300.0
-2;788700;ASH_COATED_OSMIUM;9987;10;9985;27;;;10003;10;;;;;9995.0;14705.0
-2;788700;INTARIAN_PEPPER_ROOT;10783;8;;;;;10795;8;10797;16;;;10789.0;62340.0
-2;788800;ASH_COATED_OSMIUM;9987;14;9985;26;;;10003;14;10006;26;;;9995.0;14705.0
-2;788800;INTARIAN_PEPPER_ROOT;10783;8;10780;17;;;10795;8;10797;17;;;10789.0;62340.0
-2;788900;ASH_COATED_OSMIUM;9987;15;9985;27;;;10006;27;;;;;9996.5;14721.5
-2;788900;INTARIAN_PEPPER_ROOT;10783;10;;;;;;;;;;;10783.0;61860.0
-2;789000;ASH_COATED_OSMIUM;9987;12;9985;24;;;10003;12;10006;24;;;9995.0;14705.0
-2;789000;INTARIAN_PEPPER_ROOT;10780;20;;;;;10795;8;;;;;10787.5;62220.0
-2;789100;ASH_COATED_OSMIUM;9987;10;9985;20;;;10006;20;;;;;9996.5;14721.5
-2;789100;INTARIAN_PEPPER_ROOT;10781;21;;;;;10795;10;;;;;10788.0;62260.0
-2;789200;ASH_COATED_OSMIUM;9985;26;;;;;10003;10;10006;26;;;9994.0;14694.0
-2;789200;INTARIAN_PEPPER_ROOT;10783;8;10781;15;;;10795;8;;;;;10789.0;62340.0
-2;789300;ASH_COATED_OSMIUM;9985;20;;;;;10003;11;10006;20;;;9994.0;14694.0
-2;789300;INTARIAN_PEPPER_ROOT;10783;9;10781;15;;;10795;9;10798;15;;;10789.0;62340.0
-2;789400;ASH_COATED_OSMIUM;9988;15;9985;26;;;10004;15;10006;26;;;9996.0;14716.0
-2;789400;INTARIAN_PEPPER_ROOT;10784;11;10781;20;;;10795;11;10798;20;;;10789.5;62380.0
-2;789500;ASH_COATED_OSMIUM;9987;11;9985;21;;;10003;11;10006;21;;;9995.0;14705.0
-2;789500;INTARIAN_PEPPER_ROOT;10781;18;;;;;10795;12;10798;18;;;10788.0;62260.0
-2;789600;ASH_COATED_OSMIUM;9988;11;9985;24;;;10004;11;10006;24;;;9996.0;14716.0
-2;789600;INTARIAN_PEPPER_ROOT;10784;9;10781;18;;;10795;9;10798;18;;;10789.5;62380.0
-2;789700;ASH_COATED_OSMIUM;9985;28;;;;;10006;28;;;;;9995.5;14710.5
-2;789700;INTARIAN_PEPPER_ROOT;10784;9;10781;19;;;10796;9;10798;19;;;10790.0;62420.0
-2;789800;ASH_COATED_OSMIUM;9993;5;9988;10;9985;20;10006;20;;;;;9999.5;14754.5
-2;789800;INTARIAN_PEPPER_ROOT;10784;8;10781;21;;;10796;8;10798;21;;;10790.0;62420.0
-2;789900;ASH_COATED_OSMIUM;9988;14;9985;26;;;10004;14;10006;26;;;9996.0;14716.0
-2;789900;INTARIAN_PEPPER_ROOT;;;;;;;10796;9;10798;18;;;10796.0;62900.0
-2;790000;ASH_COATED_OSMIUM;9988;12;9985;29;;;10004;12;;;;;9996.0;14716.0
-2;790000;INTARIAN_PEPPER_ROOT;10784;8;;;;;10796;8;10799;16;;;10790.0;62420.0
-2;790100;ASH_COATED_OSMIUM;9988;14;9986;29;;;10004;14;10006;29;;;9996.0;14716.0
-2;790100;INTARIAN_PEPPER_ROOT;10784;11;10782;24;;;10796;11;10799;24;;;10790.0;62420.0
-2;790200;ASH_COATED_OSMIUM;9988;15;9986;21;;;10007;21;;;;;9997.5;14758.0
-2;790200;INTARIAN_PEPPER_ROOT;10784;8;10782;16;;;10799;16;;;;;10791.5;62540.0
-2;790300;ASH_COATED_OSMIUM;9988;14;9986;21;;;10007;21;;;;;9997.5;14758.0
-2;790300;INTARIAN_PEPPER_ROOT;10784;10;10782;21;;;10799;21;;;;;10791.5;62540.0
-2;790400;ASH_COATED_OSMIUM;9986;21;;;;;10004;10;10007;21;;;9995.0;14723.0
-2;790400;INTARIAN_PEPPER_ROOT;10785;10;10782;22;;;10796;10;;;;;10790.5;62460.0
-2;790500;ASH_COATED_OSMIUM;9986;29;;;;;10005;15;10007;29;;;9995.5;14730.0
-2;790500;INTARIAN_PEPPER_ROOT;10785;9;;;;;10796;9;10799;17;;;10790.5;62460.0
-2;790600;ASH_COATED_OSMIUM;9989;12;9986;25;;;10007;25;;;;;9998.0;14765.0
-2;790600;INTARIAN_PEPPER_ROOT;10785;8;;;;;10787;4;10796;8;10799;21;10786.0;62100.0
-2;790700;ASH_COATED_OSMIUM;9988;12;;;;;10004;12;10007;29;;;9996.0;14737.0
-2;790700;INTARIAN_PEPPER_ROOT;10785;10;10782;16;;;10797;10;;;;;10791.0;62500.0
-2;790800;ASH_COATED_OSMIUM;9988;12;9985;27;;;10006;27;;;;;9997.0;14751.0
-2;790800;INTARIAN_PEPPER_ROOT;10785;8;10782;19;;;10799;19;;;;;10792.0;62580.0
-2;790900;ASH_COATED_OSMIUM;9988;12;9985;20;;;10006;20;;;;;9997.0;14751.0
-2;790900;INTARIAN_PEPPER_ROOT;10785;9;10782;21;;;10799;21;;;;;10792.0;62580.0
-2;791000;ASH_COATED_OSMIUM;9988;14;9985;22;;;10004;14;10006;22;;;9996.0;14737.0
-2;791000;INTARIAN_PEPPER_ROOT;10785;8;10782;16;;;10797;8;10800;16;;;10791.0;62500.0
-2;791100;ASH_COATED_OSMIUM;9986;23;;;;;10004;11;10007;23;;;9995.0;14723.0
-2;791100;INTARIAN_PEPPER_ROOT;10785;10;10783;17;;;10797;10;10800;17;;;10791.0;62500.0
-2;791200;ASH_COATED_OSMIUM;9988;12;9986;24;;;10004;12;10007;24;;;9996.0;14737.0
-2;791200;INTARIAN_PEPPER_ROOT;10785;11;;;;;10797;11;10800;16;;;10791.0;62500.0
-2;791300;ASH_COATED_OSMIUM;9988;13;9985;22;;;10004;13;;;;;9996.0;14737.0
-2;791300;INTARIAN_PEPPER_ROOT;10785;8;10783;18;;;10800;18;;;;;10792.5;62620.0
-2;791400;ASH_COATED_OSMIUM;9987;15;9985;29;;;10003;15;;;;;9995.0;14723.0
-2;791400;INTARIAN_PEPPER_ROOT;10783;24;;;;;10800;24;;;;;10791.5;62540.0
-2;791500;ASH_COATED_OSMIUM;9988;15;9985;22;;;10004;15;10006;22;;;9996.0;14737.0
-2;791500;INTARIAN_PEPPER_ROOT;10786;12;;;;;10797;12;10800;21;;;10791.5;62540.0
-2;791600;ASH_COATED_OSMIUM;9988;10;9985;29;;;10004;10;10006;29;;;9996.0;14737.0
-2;791600;INTARIAN_PEPPER_ROOT;10786;11;10783;18;;;10797;11;10800;18;;;10791.5;62540.0
-2;791700;ASH_COATED_OSMIUM;9987;11;;;;;10006;28;;;;;9996.5;14761.0
-2;791700;INTARIAN_PEPPER_ROOT;10786;8;10783;22;;;10798;8;10800;22;;;10792.0;62580.0
-2;791800;ASH_COATED_OSMIUM;9987;14;;;;;10003;14;10006;29;;;9995.0;14737.0
-2;791800;INTARIAN_PEPPER_ROOT;10786;9;10783;24;;;10798;9;10800;24;;;10792.0;62580.0
-2;791900;ASH_COATED_OSMIUM;9987;14;;;;;10003;14;10006;30;;;9995.0;14737.0
-2;791900;INTARIAN_PEPPER_ROOT;10783;18;;;;;10798;10;;;;;10790.5;62460.0
-2;792000;ASH_COATED_OSMIUM;9984;26;;;;;10003;11;;;;;9993.5;14713.0
-2;792000;INTARIAN_PEPPER_ROOT;10783;19;;;;;10801;19;;;;;10792.0;62580.0
-2;792100;ASH_COATED_OSMIUM;9987;15;9984;25;;;10003;15;;;;;9995.0;14737.0
-2;792100;INTARIAN_PEPPER_ROOT;10795;4;10786;8;10784;23;10798;8;10801;23;;;10796.5;62940.0
-2;792200;ASH_COATED_OSMIUM;9993;3;9987;12;;;10003;12;10006;27;;;9998.0;14785.0
-2;792200;INTARIAN_PEPPER_ROOT;10786;12;10784;21;;;10801;21;;;;;10793.5;62700.0
-2;792300;ASH_COATED_OSMIUM;9987;15;9984;28;;;10003;15;;;;;9995.0;14737.0
-2;792300;INTARIAN_PEPPER_ROOT;10786;10;10784;20;;;10798;10;10801;20;;;10792.0;62580.0
-2;792400;ASH_COATED_OSMIUM;9984;29;;;;;10003;13;;;;;9993.5;14713.0
-2;792400;INTARIAN_PEPPER_ROOT;10784;17;;;;;;;;;;;10784.0;61940.0
-2;792500;ASH_COATED_OSMIUM;9987;14;;;;;10003;14;10005;22;;;9995.0;14737.0
-2;792500;INTARIAN_PEPPER_ROOT;10787;11;10784;20;;;10798;11;10801;20;;;10792.5;62620.0
-2;792600;ASH_COATED_OSMIUM;9984;28;;;;;10003;14;;;;;9993.5;14713.0
-2;792600;INTARIAN_PEPPER_ROOT;10787;11;10784;19;;;10801;19;;;;;10794.0;62740.0
-2;792700;ASH_COATED_OSMIUM;9986;15;9984;28;;;10002;15;10005;28;;;9994.0;14721.0
-2;792700;INTARIAN_PEPPER_ROOT;10787;10;10784;21;;;10799;10;10801;21;;;10793.0;62660.0
-2;792800;ASH_COATED_OSMIUM;9986;11;9984;27;;;10005;27;;;;;9995.5;14804.5
-2;792800;INTARIAN_PEPPER_ROOT;10784;20;;;;;10799;12;10801;20;;;10791.5;62540.0
-2;792900;ASH_COATED_OSMIUM;9987;13;;;;;10003;13;10005;23;;;9995.0;14800.0
-2;792900;INTARIAN_PEPPER_ROOT;10787;12;;;;;10799;12;10801;16;;;10793.0;62660.0
-2;793000;ASH_COATED_OSMIUM;9987;12;9984;28;;;10003;12;10005;28;;;9995.0;14800.0
-2;793000;INTARIAN_PEPPER_ROOT;10787;8;10784;20;;;10802;20;;;;;10794.5;62780.0
-2;793100;ASH_COATED_OSMIUM;9996;8;9987;11;9984;27;10003;11;10005;27;;;9999.5;14812.5
-2;793100;INTARIAN_PEPPER_ROOT;;;;;;;10799;12;;;;;10799.0;63140.0
-2;793200;ASH_COATED_OSMIUM;9986;13;9984;24;;;10005;24;;;;;9995.5;14808.5
-2;793200;INTARIAN_PEPPER_ROOT;10787;12;10785;15;;;10802;15;;;;;10794.5;62780.0
-2;793300;ASH_COATED_OSMIUM;9986;15;9984;28;;;10002;15;10005;28;;;9994.0;14807.0
-2;793300;INTARIAN_PEPPER_ROOT;10787;8;10785;24;;;10799;8;10802;24;;;10793.0;62660.0
-2;793400;ASH_COATED_OSMIUM;9987;11;9984;21;;;10003;11;10005;21;;;9995.0;14808.0
-2;793400;INTARIAN_PEPPER_ROOT;10788;12;10785;15;;;10799;12;10802;15;;;10793.5;62700.0
-2;793500;ASH_COATED_OSMIUM;9986;15;9984;27;;;10002;15;;;;;9994.0;14807.0
-2;793500;INTARIAN_PEPPER_ROOT;10788;9;10785;18;;;10799;9;;;;;10793.5;62700.0
-2;793600;ASH_COATED_OSMIUM;9986;12;9984;28;;;10002;12;10005;28;;;9994.0;14807.0
-2;793600;INTARIAN_PEPPER_ROOT;10788;10;10785;17;;;10799;10;10802;17;;;10793.5;62700.0
-2;793700;ASH_COATED_OSMIUM;9987;11;9984;23;;;10003;11;10005;23;;;9995.0;14808.0
-2;793700;INTARIAN_PEPPER_ROOT;10788;10;10785;21;;;10800;10;10802;21;;;10794.0;62740.0
-2;793800;ASH_COATED_OSMIUM;9987;13;9984;29;;;9996;4;10005;29;;;9991.5;14804.5
-2;793800;INTARIAN_PEPPER_ROOT;10785;16;;;;;10800;11;10802;16;;;10792.5;62620.0
-2;793900;ASH_COATED_OSMIUM;9987;10;9984;28;;;10003;10;10005;28;;;9995.0;14808.0
-2;793900;INTARIAN_PEPPER_ROOT;10788;10;10785;23;;;10800;10;;;;;10794.0;62740.0
-2;794000;ASH_COATED_OSMIUM;9987;10;9984;21;;;10003;10;10005;21;;;9995.0;14808.0
-2;794000;INTARIAN_PEPPER_ROOT;10788;11;10785;16;;;10803;16;;;;;10795.5;62860.0
-2;794100;ASH_COATED_OSMIUM;9987;10;9984;27;;;10003;10;;;;;9995.0;14808.0
-2;794100;INTARIAN_PEPPER_ROOT;10788;9;10786;15;;;10800;9;10803;15;;;10794.0;62740.0
-2;794200;ASH_COATED_OSMIUM;9996;8;9987;14;9984;30;10003;14;;;;;9999.5;14784.5
-2;794200;INTARIAN_PEPPER_ROOT;10788;9;10786;23;;;10800;9;10803;23;;;10794.0;62740.0
-2;794300;ASH_COATED_OSMIUM;9987;13;9984;25;;;10005;25;;;;;9996.0;14809.0
-2;794300;INTARIAN_PEPPER_ROOT;10788;11;10786;25;;;10800;11;10803;25;;;10794.0;62740.0
-2;794400;ASH_COATED_OSMIUM;9987;13;9985;24;;;10003;13;10006;24;;;9995.0;14816.0
-2;794400;INTARIAN_PEPPER_ROOT;10789;11;10786;23;;;10803;23;;;;;10796.0;62900.0
-2;794500;ASH_COATED_OSMIUM;9987;10;;;;;10003;10;;;;;9995.0;14816.0
-2;794500;INTARIAN_PEPPER_ROOT;10789;10;;;;;10800;10;10803;17;;;10794.5;62780.0
-2;794600;ASH_COATED_OSMIUM;9987;14;9985;22;;;10003;14;;;;;9995.0;14816.0
-2;794600;INTARIAN_PEPPER_ROOT;10789;8;10786;23;;;10803;23;;;;;10796.0;62900.0
-2;794700;ASH_COATED_OSMIUM;;;;;;;10003;15;;;;;10003.0;14760.0
-2;794700;INTARIAN_PEPPER_ROOT;10789;11;10786;21;;;10791;4;10801;11;10803;21;10790.0;62420.0
-2;794800;ASH_COATED_OSMIUM;9986;14;9984;30;;;10002;14;;;;;9994.0;14823.0
-2;794800;INTARIAN_PEPPER_ROOT;10789;11;10786;19;;;10801;11;;;;;10795.0;62820.0
-2;794900;ASH_COATED_OSMIUM;9987;11;9984;22;;;10003;11;10005;22;;;9995.0;14816.0
-2;794900;INTARIAN_PEPPER_ROOT;10789;9;10786;25;;;10801;9;10803;25;;;10795.0;62820.0
-2;795000;ASH_COATED_OSMIUM;9986;11;9984;21;;;10002;11;10005;21;;;9994.0;14823.0
-2;795000;INTARIAN_PEPPER_ROOT;10789;11;10786;22;;;;;;;;;10789.0;62340.0
-2;795100;ASH_COATED_OSMIUM;9987;15;9984;29;;;10003;15;10005;29;;;9995.0;14837.0
-2;795100;INTARIAN_PEPPER_ROOT;10798;7;10789;10;10787;21;10801;10;10804;21;;;10799.5;63180.0
-2;795200;ASH_COATED_OSMIUM;9987;12;9984;25;;;10003;12;10005;25;;;9995.0;14837.0
-2;795200;INTARIAN_PEPPER_ROOT;10789;11;10787;25;;;10801;11;10804;25;;;10795.0;62820.0
-2;795300;ASH_COATED_OSMIUM;9985;29;;;;;10003;10;10006;29;;;9994.0;14841.0
-2;795300;INTARIAN_PEPPER_ROOT;10798;7;10787;24;;;10801;11;10804;24;;;10799.5;63180.0
-2;795400;ASH_COATED_OSMIUM;9987;13;9984;28;;;10005;28;;;;;9996.0;14833.0
-2;795400;INTARIAN_PEPPER_ROOT;10790;12;10787;15;;;10804;15;;;;;10797.0;62980.0
-2;795500;ASH_COATED_OSMIUM;9986;11;9984;23;;;10002;11;10005;23;;;9994.0;14841.0
-2;795500;INTARIAN_PEPPER_ROOT;10787;15;;;;;10801;12;10804;15;;;10794.0;62740.0
-2;795600;ASH_COATED_OSMIUM;9986;14;9984;28;;;10005;28;;;;;9995.5;14835.0
-2;795600;INTARIAN_PEPPER_ROOT;10790;12;10787;18;;;10801;12;10804;18;;;10795.5;62860.0
-2;795700;ASH_COATED_OSMIUM;9986;11;9984;20;;;10002;11;;;;;9994.0;14841.0
-2;795700;INTARIAN_PEPPER_ROOT;10798;3;10790;11;10787;20;10802;11;;;;;10800.0;63220.0
-2;795800;ASH_COATED_OSMIUM;9986;13;9984;29;;;10002;13;10005;29;;;9994.0;14841.0
-2;795800;INTARIAN_PEPPER_ROOT;10790;9;;;;;10804;25;;;;;10797.0;62980.0
-2;795900;ASH_COATED_OSMIUM;9986;10;9984;27;;;10002;10;10005;27;;;9994.0;14841.0
-2;795900;INTARIAN_PEPPER_ROOT;10790;12;10787;23;;;10802;12;10804;23;;;10796.0;62900.0
-2;796000;ASH_COATED_OSMIUM;9986;13;;;;;10002;13;10004;29;;;9994.0;14841.0
-2;796000;INTARIAN_PEPPER_ROOT;;;;;;;10805;24;;;;;10805.0;63620.0
-2;796100;ASH_COATED_OSMIUM;9986;15;9983;25;;;10002;15;;;;;9994.0;14841.0
-2;796100;INTARIAN_PEPPER_ROOT;10790;10;10788;20;;;;;;;;;10790.0;62420.0
-2;796200;ASH_COATED_OSMIUM;9986;14;9983;24;;;10002;14;10004;24;;;9994.0;14841.0
-2;796200;INTARIAN_PEPPER_ROOT;10788;17;;;;;10802;10;10805;17;;;10795.0;62820.0
-2;796300;ASH_COATED_OSMIUM;9986;11;9984;21;;;10002;11;10005;21;;;9994.0;14841.0
-2;796300;INTARIAN_PEPPER_ROOT;10790;12;10788;15;;;10802;12;;;;;10796.0;62900.0
-2;796400;ASH_COATED_OSMIUM;9984;22;;;;;10002;12;10004;22;;;9993.0;14845.0
-2;796400;INTARIAN_PEPPER_ROOT;10791;8;;;;;10802;8;10805;19;;;10796.5;62940.0
-2;796500;ASH_COATED_OSMIUM;9986;10;9984;27;;;10002;10;10005;27;;;9994.0;14869.0
-2;796500;INTARIAN_PEPPER_ROOT;10791;8;10788;19;;;10802;8;10805;19;;;10796.5;62940.0
-2;796600;ASH_COATED_OSMIUM;9987;15;9984;28;;;10002;15;10005;28;;;9994.5;14869.0
-2;796600;INTARIAN_PEPPER_ROOT;10791;11;10788;25;;;10793;6;10802;11;10805;25;10792.0;62580.0
-2;796700;ASH_COATED_OSMIUM;9984;29;;;;;10005;29;;;;;9994.5;14869.0
-2;796700;INTARIAN_PEPPER_ROOT;10791;10;10788;18;;;10805;18;;;;;10798.0;63060.0
-2;796800;ASH_COATED_OSMIUM;9987;14;9984;22;;;;;;;;;9987.0;14869.0
-2;796800;INTARIAN_PEPPER_ROOT;10791;9;10788;23;;;10803;9;10805;23;;;10797.0;62980.0
-2;796900;ASH_COATED_OSMIUM;9986;12;9984;23;;;10002;12;10005;23;;;9994.0;14869.0
-2;796900;INTARIAN_PEPPER_ROOT;10791;12;10788;25;;;10803;12;10805;25;;;10797.0;62980.0
-2;797000;ASH_COATED_OSMIUM;9986;14;9984;25;;;10002;14;;;;;9994.0;14869.0
-2;797000;INTARIAN_PEPPER_ROOT;10791;8;10788;22;;;10803;8;;;;;10797.0;62980.0
-2;797100;ASH_COATED_OSMIUM;9984;30;;;;;10005;30;;;;;9994.5;14869.0
-2;797100;INTARIAN_PEPPER_ROOT;10791;12;10789;17;;;10803;12;10806;17;;;10797.0;62980.0
-2;797200;ASH_COATED_OSMIUM;9987;10;;;;;10003;10;10005;24;;;9995.0;14869.0
-2;797200;INTARIAN_PEPPER_ROOT;10791;11;10789;17;;;10803;11;;;;;10797.0;62980.0
-2;797300;ASH_COATED_OSMIUM;9987;14;;;;;10003;14;;;;;9995.0;14869.0
-2;797300;INTARIAN_PEPPER_ROOT;10791;12;10789;20;;;10803;12;10806;20;;;10797.0;62980.0
-2;797400;ASH_COATED_OSMIUM;9984;23;;;;;9996;2;10003;13;10005;23;9990.0;14869.0
-2;797400;INTARIAN_PEPPER_ROOT;10789;19;;;;;10806;19;;;;;10797.5;63020.0
-2;797500;ASH_COATED_OSMIUM;9987;11;9985;22;;;10003;11;;;;;9995.0;14869.0
-2;797500;INTARIAN_PEPPER_ROOT;10792;8;10789;19;;;10803;8;;;;;10797.5;63020.0
-2;797600;ASH_COATED_OSMIUM;9984;29;;;;;10003;10;10005;29;;;9993.5;14869.0
-2;797600;INTARIAN_PEPPER_ROOT;10792;10;10789;15;;;10803;10;10806;15;;;10797.5;63020.0
-2;797700;ASH_COATED_OSMIUM;9987;15;9985;27;;;10003;15;10006;27;;;9995.0;14869.0
-2;797700;INTARIAN_PEPPER_ROOT;10792;12;10789;24;;;10804;12;;;;;10798.0;63060.0
-2;797800;ASH_COATED_OSMIUM;9987;15;9984;28;;;10003;15;10005;28;;;9995.0;14869.0
-2;797800;INTARIAN_PEPPER_ROOT;10792;11;;;;;10804;11;10806;20;;;10798.0;63060.0
-2;797900;ASH_COATED_OSMIUM;9987;12;;;;;10003;12;10005;25;;;9995.0;14869.0
-2;797900;INTARIAN_PEPPER_ROOT;10792;12;10789;17;;;10806;17;;;;;10799.0;63140.0
-2;798000;ASH_COATED_OSMIUM;9984;24;;;;;10003;14;10005;24;;;9993.5;14869.0
-2;798000;INTARIAN_PEPPER_ROOT;10792;11;10789;21;;;10807;21;;;;;10799.5;63180.0
-2;798100;ASH_COATED_OSMIUM;9987;14;;;;;10003;14;10006;27;;;9995.0;14869.0
-2;798100;INTARIAN_PEPPER_ROOT;10792;10;10790;18;;;10804;10;10807;18;;;10798.0;63060.0
-2;798200;ASH_COATED_OSMIUM;9987;10;;;;;10005;27;;;;;9996.0;14869.0
-2;798200;INTARIAN_PEPPER_ROOT;10790;16;;;;;;;;;;;10790.0;62420.0
-2;798300;ASH_COATED_OSMIUM;9987;10;9984;23;;;10003;10;;;;;9995.0;14869.0
-2;798300;INTARIAN_PEPPER_ROOT;10792;9;10790;17;;;10804;9;;;;;10798.0;63060.0
-2;798400;ASH_COATED_OSMIUM;9987;12;9984;23;;;;;;;;;9987.0;14869.0
-2;798400;INTARIAN_PEPPER_ROOT;10793;12;;;;;10807;17;;;;;10800.0;63220.0
-2;798500;ASH_COATED_OSMIUM;9984;25;;;;;10002;15;10005;25;;;9993.0;14869.0
-2;798500;INTARIAN_PEPPER_ROOT;10793;12;10790;23;;;10807;23;;;;;10800.0;63220.0
-2;798600;ASH_COATED_OSMIUM;9987;14;9984;25;;;10003;14;10005;25;;;9995.0;14869.0
-2;798600;INTARIAN_PEPPER_ROOT;10793;10;10790;21;;;10807;21;;;;;10800.0;63220.0
-2;798700;ASH_COATED_OSMIUM;9985;27;;;;;10006;27;;;;;9995.5;14869.0
-2;798700;INTARIAN_PEPPER_ROOT;10793;10;10790;22;;;10805;10;10807;22;;;10799.0;63140.0
-2;798800;ASH_COATED_OSMIUM;9985;22;;;;;10004;15;10006;22;;;9994.5;14869.0
-2;798800;INTARIAN_PEPPER_ROOT;10793;8;10790;19;;;10805;8;10807;19;;;10799.0;63140.0
-2;798900;ASH_COATED_OSMIUM;9985;23;;;;;10003;12;;;;;9994.0;14869.0
-2;798900;INTARIAN_PEPPER_ROOT;10790;18;;;;;10807;18;;;;;10798.5;63100.0
-2;799000;ASH_COATED_OSMIUM;9988;12;9985;30;;;10004;12;10006;30;;;9996.0;14869.0
-2;799000;INTARIAN_PEPPER_ROOT;10793;8;10790;25;;;10805;8;10808;25;;;10799.0;63140.0
-2;799100;ASH_COATED_OSMIUM;9985;29;;;;;9997;5;10003;15;10006;29;9991.0;14869.0
-2;799100;INTARIAN_PEPPER_ROOT;10793;10;;;;;10805;10;10808;22;;;10799.0;63140.0
-2;799200;ASH_COATED_OSMIUM;9985;26;;;;;10003;12;;;;;9994.0;14869.0
-2;799200;INTARIAN_PEPPER_ROOT;10793;11;10791;25;;;10805;11;10808;25;;;10799.0;63140.0
-2;799300;ASH_COATED_OSMIUM;9987;14;9984;22;;;;;;;;;9987.0;14869.0
-2;799300;INTARIAN_PEPPER_ROOT;10793;11;;;;;10805;11;10808;24;;;10799.0;63140.0
-2;799400;ASH_COATED_OSMIUM;9987;14;9984;29;;;10003;14;;;;;9995.0;14869.0
-2;799400;INTARIAN_PEPPER_ROOT;10794;8;10791;21;;;10796;6;10805;8;10808;21;10795.0;62820.0
-2;799500;ASH_COATED_OSMIUM;9987;10;9984;28;;;10005;28;;;;;9996.0;14869.0
-2;799500;INTARIAN_PEPPER_ROOT;10794;8;;;;;10805;8;10808;23;;;10799.5;63180.0
-2;799600;ASH_COATED_OSMIUM;9987;14;9985;29;;;10006;29;;;;;9996.5;14928.5
-2;799600;INTARIAN_PEPPER_ROOT;10794;12;10791;17;;;10808;17;;;;;10801.0;63300.0
-2;799700;ASH_COATED_OSMIUM;9985;21;;;;;10006;21;;;;;9995.5;14935.5
-2;799700;INTARIAN_PEPPER_ROOT;10791;25;;;;;10806;8;10808;25;;;10798.5;63100.0
-2;799800;ASH_COATED_OSMIUM;9987;14;9985;21;;;10003;14;10006;21;;;9995.0;14939.0
-2;799800;INTARIAN_PEPPER_ROOT;10794;9;10791;16;;;10806;9;10808;16;;;10800.0;63220.0
-2;799900;ASH_COATED_OSMIUM;9987;12;;;;;10003;12;10006;24;;;9995.0;14939.0
-2;799900;INTARIAN_PEPPER_ROOT;10794;10;10791;24;;;10806;10;10808;24;;;10800.0;63220.0
-2;800000;ASH_COATED_OSMIUM;9985;20;;;;;10003;12;10006;20;;;9994.0;14946.0
-2;800000;INTARIAN_PEPPER_ROOT;10794;8;10791;20;;;10806;8;10809;20;;;10800.0;63220.0
-2;800100;ASH_COATED_OSMIUM;9988;13;9985;22;;;9997;3;10004;13;10006;22;9992.5;14967.0
-2;800100;INTARIAN_PEPPER_ROOT;10794;11;;;;;10809;24;;;;;10801.5;63340.0
-2;800200;ASH_COATED_OSMIUM;9987;13;9985;26;;;10006;26;;;;;9996.5;14951.0
-2;800200;INTARIAN_PEPPER_ROOT;10794;11;10792;16;;;10806;11;10809;16;;;10800.0;63220.0
-2;800300;ASH_COATED_OSMIUM;9987;12;9985;20;;;10003;12;10006;20;;;9995.0;14957.0
-2;800300;INTARIAN_PEPPER_ROOT;10794;8;10792;22;;;10809;22;;;;;10801.5;63340.0
-2;800400;ASH_COATED_OSMIUM;9988;12;9985;28;;;10004;12;10006;28;;;9996.0;14953.0
-2;800400;INTARIAN_PEPPER_ROOT;10795;10;10792;19;;;10806;10;10809;19;;;10800.5;63260.0
-2;800500;ASH_COATED_OSMIUM;9988;12;9985;23;;;9997;5;10006;23;;;9992.5;14967.0
-2;800500;INTARIAN_PEPPER_ROOT;10795;9;10792;19;;;10809;19;;;;;10802.0;63380.0
-2;800600;ASH_COATED_OSMIUM;9988;12;9985;22;;;10006;22;;;;;9997.0;14949.0
-2;800600;INTARIAN_PEPPER_ROOT;10792;16;;;;;10806;8;10809;16;;;10799.0;63140.0
-2;800700;ASH_COATED_OSMIUM;9988;13;9985;22;;;10004;13;;;;;9996.0;14953.0
-2;800700;INTARIAN_PEPPER_ROOT;10795;12;10792;24;;;10807;12;10809;24;;;10801.0;63300.0
-2;800800;ASH_COATED_OSMIUM;9988;12;9985;30;;;10006;30;;;;;9997.0;14949.0
-2;800800;INTARIAN_PEPPER_ROOT;10795;12;10792;17;;;10809;17;;;;;10802.0;63380.0
-2;800900;ASH_COATED_OSMIUM;9985;22;;;;;10004;13;;;;;9994.5;14959.0
-2;800900;INTARIAN_PEPPER_ROOT;10795;8;10792;16;;;10807;8;10809;16;;;10801.0;63300.0
-2;801000;ASH_COATED_OSMIUM;9985;27;;;;;10006;27;;;;;9995.5;14955.0
-2;801000;INTARIAN_PEPPER_ROOT;10795;12;10792;15;;;10807;12;10810;15;;;10801.0;63300.0
-2;801100;ASH_COATED_OSMIUM;9988;12;;;;;10004;12;10006;30;;;9996.0;14953.0
-2;801100;INTARIAN_PEPPER_ROOT;10795;11;10792;15;;;10810;15;;;;;10802.5;63420.0
-2;801200;ASH_COATED_OSMIUM;9987;15;9985;21;;;10003;15;10006;21;;;9995.0;14957.0
-2;801200;INTARIAN_PEPPER_ROOT;10795;11;;;;;10807;11;10810;15;;;10801.0;63300.0
-2;801300;ASH_COATED_OSMIUM;9988;13;;;;;10004;13;10006;28;;;9996.0;14953.0
-2;801300;INTARIAN_PEPPER_ROOT;10793;25;;;;;10807;9;;;;;10800.0;63220.0
-2;801400;ASH_COATED_OSMIUM;9988;15;;;;;10004;15;10006;27;;;9996.0;14953.0
-2;801400;INTARIAN_PEPPER_ROOT;10795;10;;;;;10807;10;10810;25;;;10801.0;63300.0
-2;801500;ASH_COATED_OSMIUM;9988;13;9985;27;;;10006;27;;;;;9997.0;14949.0
-2;801500;INTARIAN_PEPPER_ROOT;10793;15;;;;;10807;10;;;;;10800.0;63220.0
-2;801600;ASH_COATED_OSMIUM;9988;14;9985;23;;;;;;;;;9988.0;14985.0
-2;801600;INTARIAN_PEPPER_ROOT;10796;9;10793;23;;;10810;23;;;;;10803.0;63460.0
-2;801700;ASH_COATED_OSMIUM;9987;13;9985;20;;;10003;13;10006;20;;;9995.0;14957.0
-2;801700;INTARIAN_PEPPER_ROOT;10796;10;10793;21;;;10808;10;10810;21;;;10802.0;63380.0
-2;801800;ASH_COATED_OSMIUM;9987;10;9984;23;;;10003;10;;;;;9995.0;14971.0
-2;801800;INTARIAN_PEPPER_ROOT;10793;22;;;;;10808;12;;;;;10800.5;63260.0
-2;801900;ASH_COATED_OSMIUM;9986;14;;;;;10002;14;10005;25;;;9994.0;14973.0
-2;801900;INTARIAN_PEPPER_ROOT;10793;17;;;;;10808;10;10811;17;;;10800.5;63260.0
-2;802000;ASH_COATED_OSMIUM;9987;13;9984;24;;;10003;13;10005;24;;;9995.0;14971.0
-2;802000;INTARIAN_PEPPER_ROOT;10793;23;;;;;10811;23;;;;;10802.0;63380.0
-2;802100;ASH_COATED_OSMIUM;9986;15;9984;25;;;10002;15;10005;25;;;9994.0;14973.0
-2;802100;INTARIAN_PEPPER_ROOT;10796;9;10793;15;;;10808;9;10811;15;;;10802.0;63380.0
-2;802200;ASH_COATED_OSMIUM;9986;10;9984;21;;;10002;10;10005;21;;;9994.0;14973.0
-2;802200;INTARIAN_PEPPER_ROOT;10796;9;10794;20;;;10808;9;10811;20;;;10802.0;63380.0
-2;802300;ASH_COATED_OSMIUM;9984;20;;;;;10002;13;10005;20;;;9993.0;14975.0
-2;802300;INTARIAN_PEPPER_ROOT;10796;9;10794;17;;;10808;9;10811;17;;;10802.0;63380.0
-2;802400;ASH_COATED_OSMIUM;9992;2;9986;14;9984;30;10002;14;10005;30;;;9997.0;14967.0
-2;802400;INTARIAN_PEPPER_ROOT;10796;11;10794;19;;;10808;11;10811;19;;;10802.0;63380.0
-2;802500;ASH_COATED_OSMIUM;9987;12;9984;26;;;10003;12;10005;26;;;9995.0;14971.0
-2;802500;INTARIAN_PEPPER_ROOT;10805;7;10797;9;10794;16;10808;9;10811;16;;;10806.5;63740.0
-2;802600;ASH_COATED_OSMIUM;9987;11;9984;21;;;10003;11;10005;21;;;9995.0;14971.0
-2;802600;INTARIAN_PEPPER_ROOT;10797;12;;;;;10809;12;;;;;10803.0;63460.0
-2;802700;ASH_COATED_OSMIUM;9987;15;9984;20;;;;;;;;;9987.0;14987.0
-2;802700;INTARIAN_PEPPER_ROOT;10797;10;10794;18;;;10809;10;10811;18;;;10803.0;63460.0
-2;802800;ASH_COATED_OSMIUM;9984;30;;;;;10002;10;10005;30;;;9993.0;14975.0
-2;802800;INTARIAN_PEPPER_ROOT;10797;12;10794;21;;;10809;12;10811;21;;;10803.0;63460.0
-2;802900;ASH_COATED_OSMIUM;9986;12;9984;24;;;10002;12;10005;24;;;9994.0;14973.0
-2;802900;INTARIAN_PEPPER_ROOT;10797;9;10794;17;;;10809;9;10812;17;;;10803.0;63460.0
-2;803000;ASH_COATED_OSMIUM;9987;14;9984;25;;;10003;14;10005;25;;;9995.0;14971.0
-2;803000;INTARIAN_PEPPER_ROOT;10794;22;;;;;10812;22;;;;;10803.0;63460.0
-2;803100;ASH_COATED_OSMIUM;9986;15;9984;30;;;10002;15;;;;;9994.0;14973.0
-2;803100;INTARIAN_PEPPER_ROOT;10794;18;;;;;10809;8;10812;18;;;10801.5;63340.0
-2;803200;ASH_COATED_OSMIUM;9986;14;9983;23;;;10002;14;10004;23;;;9994.0;14973.0
-2;803200;INTARIAN_PEPPER_ROOT;10797;9;10795;21;;;10809;9;10812;21;;;10803.0;63460.0
-2;803300;ASH_COATED_OSMIUM;9983;26;;;;;10002;14;10004;26;;;9992.5;14976.0
-2;803300;INTARIAN_PEPPER_ROOT;10797;8;10795;21;;;10809;8;10812;21;;;10803.0;63460.0
-2;803400;ASH_COATED_OSMIUM;;;;;;;10002;13;10005;24;;;10002.0;14957.0
-2;803400;INTARIAN_PEPPER_ROOT;10797;9;;;;;10809;9;10812;23;;;10803.0;63460.0
-2;803500;ASH_COATED_OSMIUM;9986;15;9983;22;;;10002;15;10004;22;;;9994.0;14973.0
-2;803500;INTARIAN_PEPPER_ROOT;10798;10;10795;17;;;10809;10;10812;17;;;10803.5;63500.0
-2;803600;ASH_COATED_OSMIUM;9986;13;9984;20;;;10002;13;10005;20;;;9994.0;14973.0
-2;803600;INTARIAN_PEPPER_ROOT;10798;8;;;;;10812;21;;;;;10805.0;63620.0
-2;803700;ASH_COATED_OSMIUM;9986;10;9984;27;;;10004;27;;;;;9995.0;14971.0
-2;803700;INTARIAN_PEPPER_ROOT;10798;12;10795;21;;;10810;12;;;;;10804.0;63540.0
-2;803800;ASH_COATED_OSMIUM;9986;14;9983;20;;;;;;;;;9986.0;14989.0
-2;803800;INTARIAN_PEPPER_ROOT;10798;11;;;;;10810;11;10812;25;;;10804.0;63540.0
-2;803900;ASH_COATED_OSMIUM;9986;11;9983;23;;;10002;11;10004;23;;;9994.0;14987.0
-2;803900;INTARIAN_PEPPER_ROOT;10795;24;;;;;10810;8;10813;24;;;10802.5;63420.0
-2;804000;ASH_COATED_OSMIUM;9986;11;9983;30;;;10002;11;10004;30;;;9994.0;14987.0
-2;804000;INTARIAN_PEPPER_ROOT;10798;8;10795;17;;;10810;8;;;;;10804.0;63540.0
-2;804100;ASH_COATED_OSMIUM;;;;;;;10001;11;10004;23;;;10001.0;14987.0
-2;804100;INTARIAN_PEPPER_ROOT;10798;12;10795;21;;;10810;12;10813;21;;;10804.0;63540.0
-2;804200;ASH_COATED_OSMIUM;9986;13;9983;20;;;10004;20;;;;;9995.0;14987.0
-2;804200;INTARIAN_PEPPER_ROOT;10798;11;10796;23;;;10810;11;10813;23;;;10804.0;63540.0
-2;804300;ASH_COATED_OSMIUM;9983;26;;;;;10002;13;10004;26;;;9992.5;14987.0
-2;804300;INTARIAN_PEPPER_ROOT;10798;12;10796;17;;;10810;12;10813;17;;;10804.0;63540.0
-2;804400;ASH_COATED_OSMIUM;9986;15;;;;;10002;15;;;;;9994.0;14987.0
-2;804400;INTARIAN_PEPPER_ROOT;10798;12;;;;;10810;12;10813;20;;;10804.0;63540.0
-2;804500;ASH_COATED_OSMIUM;9986;12;;;;;10002;12;10005;27;;;9994.0;14987.0
-2;804500;INTARIAN_PEPPER_ROOT;10799;9;10796;20;;;10810;9;10813;20;;;10804.5;63580.0
-2;804600;ASH_COATED_OSMIUM;9986;14;9984;26;;;10002;14;10005;26;;;9994.0;14987.0
-2;804600;INTARIAN_PEPPER_ROOT;10799;12;10796;22;;;10811;12;10813;22;;;10805.0;63620.0
-2;804700;ASH_COATED_OSMIUM;9986;12;9984;25;;;10002;12;;;;;9994.0;14987.0
-2;804700;INTARIAN_PEPPER_ROOT;10799;12;10796;24;;;10811;12;10813;24;;;10805.0;63620.0
-2;804800;ASH_COATED_OSMIUM;9986;10;9984;22;;;10002;10;10005;22;;;9994.0;14987.0
-2;804800;INTARIAN_PEPPER_ROOT;10799;9;10796;24;;;10811;9;10813;24;;;10805.0;63620.0
-2;804900;ASH_COATED_OSMIUM;9987;13;9984;25;;;10003;13;10005;25;;;9995.0;15022.0
-2;804900;INTARIAN_PEPPER_ROOT;10799;9;10796;19;;;10811;9;;;;;10805.0;63620.0
-2;805000;ASH_COATED_OSMIUM;9986;14;9984;26;;;10002;14;10005;26;;;9994.0;15027.0
-2;805000;INTARIAN_PEPPER_ROOT;10799;9;10796;18;;;10811;9;10814;18;;;10805.0;63620.0
-2;805100;ASH_COATED_OSMIUM;9986;12;9984;28;;;10005;28;;;;;9995.5;15019.5
-2;805100;INTARIAN_PEPPER_ROOT;10808;4;10799;9;10796;17;10811;9;;;;;10809.5;63980.0
-2;805200;ASH_COATED_OSMIUM;9986;10;9984;21;;;10002;10;10005;21;;;9994.0;15027.0
-2;805200;INTARIAN_PEPPER_ROOT;10797;19;;;;;10811;9;10814;19;;;10804.0;63540.0
-2;805300;ASH_COATED_OSMIUM;9986;10;9983;25;;;10004;25;;;;;9995.0;15022.0
-2;805300;INTARIAN_PEPPER_ROOT;10799;10;10797;16;;;10811;10;10814;16;;;10805.0;63620.0
-2;805400;ASH_COATED_OSMIUM;9986;13;9983;23;;;10002;13;10004;23;;;9994.0;15027.0
-2;805400;INTARIAN_PEPPER_ROOT;10797;20;;;;;10814;20;;;;;10805.5;63660.0
-2;805500;ASH_COATED_OSMIUM;9986;11;9983;30;;;10002;11;10004;30;;;9994.0;15027.0
-2;805500;INTARIAN_PEPPER_ROOT;10800;9;;;;;10811;9;10814;18;;;10805.5;63660.0
-2;805600;ASH_COATED_OSMIUM;9985;14;;;;;10001;14;;;;;9993.0;15032.0
-2;805600;INTARIAN_PEPPER_ROOT;10800;10;10797;15;;;10814;15;;;;;10807.0;63780.0
-2;805700;ASH_COATED_OSMIUM;9985;14;9983;29;;;10001;14;10004;29;;;9993.0;15032.0
-2;805700;INTARIAN_PEPPER_ROOT;10800;8;;;;;10812;8;10814;23;;;10806.0;63700.0
-2;805800;ASH_COATED_OSMIUM;9986;12;9984;27;;;10005;27;;;;;9995.5;15019.5
-2;805800;INTARIAN_PEPPER_ROOT;10800;8;10797;15;;;10812;8;10814;15;;;10806.0;63700.0
-2;805900;ASH_COATED_OSMIUM;9986;11;;;;;10002;11;10004;24;;;9994.0;15027.0
-2;805900;INTARIAN_PEPPER_ROOT;10800;9;10797;17;;;10812;9;10815;17;;;10806.0;63700.0
-2;806000;ASH_COATED_OSMIUM;9986;13;9983;26;;;10002;13;10004;26;;;9994.0;15027.0
-2;806000;INTARIAN_PEPPER_ROOT;10800;10;;;;;10812;10;10815;24;;;10806.0;63700.0
-2;806100;ASH_COATED_OSMIUM;9986;14;9983;21;;;10002;14;10004;21;;;9994.0;15027.0
-2;806100;INTARIAN_PEPPER_ROOT;10800;12;10797;20;;;10812;12;10815;20;;;10806.0;63700.0
-2;806200;ASH_COATED_OSMIUM;9986;15;9983;27;;;10002;15;10004;27;;;9994.0;15027.0
-2;806200;INTARIAN_PEPPER_ROOT;10800;11;10798;17;;;10812;11;10815;17;;;10806.0;63700.0
-2;806300;ASH_COATED_OSMIUM;9986;13;9983;30;;;10002;13;10004;30;;;9994.0;15027.0
-2;806300;INTARIAN_PEPPER_ROOT;10800;10;10798;17;;;10815;17;;;;;10807.5;63820.0
-2;806400;ASH_COATED_OSMIUM;9986;14;;;;;10001;14;10004;26;;;9993.5;15029.5
-2;806400;INTARIAN_PEPPER_ROOT;10798;25;;;;;10812;10;10815;25;;;10805.0;63620.0
-2;806500;ASH_COATED_OSMIUM;9983;28;;;;;10002;10;10004;28;;;9992.5;15034.5
-2;806500;INTARIAN_PEPPER_ROOT;10798;23;;;;;10812;10;10815;23;;;10805.0;63620.0
-2;806600;ASH_COATED_OSMIUM;9986;12;9983;28;;;10002;12;10004;28;;;9994.0;15027.0
-2;806600;INTARIAN_PEPPER_ROOT;10801;9;10798;15;;;10813;9;10815;15;;;10807.0;63780.0
-2;806700;ASH_COATED_OSMIUM;9985;11;9983;26;;;10001;11;10004;26;;;9993.0;15032.0
-2;806700;INTARIAN_PEPPER_ROOT;10809;8;10801;12;10798;16;10813;12;10815;16;;;10811.0;64100.0
-2;806800;ASH_COATED_OSMIUM;9985;12;9983;23;;;10001;12;10004;23;;;9993.0;15032.0
-2;806800;INTARIAN_PEPPER_ROOT;;;;;;;10813;12;10815;20;;;10813.0;64260.0
-2;806900;ASH_COATED_OSMIUM;9985;10;9983;26;;;10001;10;10004;26;;;9993.0;15032.0
-2;806900;INTARIAN_PEPPER_ROOT;10801;11;10798;15;;;10816;15;;;;;10808.5;63900.0
-2;807000;ASH_COATED_OSMIUM;9986;12;;;;;10002;12;;;;;9994.0;15027.0
-2;807000;INTARIAN_PEPPER_ROOT;10801;11;;;;;10813;11;;;;;10807.0;63780.0
-2;807100;ASH_COATED_OSMIUM;9986;11;;;;;10002;11;;;;;9994.0;15027.0
-2;807100;INTARIAN_PEPPER_ROOT;10801;12;10798;25;;;10813;12;10816;25;;;10807.0;63780.0
-2;807200;ASH_COATED_OSMIUM;9986;12;9983;29;;;10002;12;10004;29;;;9994.0;15027.0
-2;807200;INTARIAN_PEPPER_ROOT;10801;8;10799;22;;;10813;8;10816;22;;;10807.0;63780.0
-2;807300;ASH_COATED_OSMIUM;9985;10;9983;24;;;10001;10;;;;;9993.0;15032.0
-2;807300;INTARIAN_PEPPER_ROOT;10801;11;10799;20;;;10813;11;10816;20;;;10807.0;63780.0
-2;807400;ASH_COATED_OSMIUM;9985;10;9983;27;;;10001;10;10004;27;;;9993.0;15032.0
-2;807400;INTARIAN_PEPPER_ROOT;10801;10;10799;23;;;10813;10;10816;23;;;10807.0;63780.0
-2;807500;ASH_COATED_OSMIUM;9985;14;9983;29;;;10001;14;10004;29;;;9993.0;15032.0
-2;807500;INTARIAN_PEPPER_ROOT;;;;;;;;;;;;;0.0;-800780.0
-2;807600;ASH_COATED_OSMIUM;9994;10;9985;12;;;10001;12;10003;29;;;9997.5;14974.5
-2;807600;INTARIAN_PEPPER_ROOT;10799;21;;;;;10814;9;10816;21;;;10806.5;63740.0
-2;807700;ASH_COATED_OSMIUM;9982;26;;;;;10001;10;;;;;9991.5;15064.5
-2;807700;INTARIAN_PEPPER_ROOT;10802;11;10799;20;;;10816;20;;;;;10809.0;63940.0
-2;807800;ASH_COATED_OSMIUM;9984;14;9982;26;;;10000;14;10003;26;;;9992.0;15057.0
-2;807800;INTARIAN_PEPPER_ROOT;10802;9;10799;17;;;10814;9;10816;17;;;10808.0;63860.0
-2;807900;ASH_COATED_OSMIUM;9984;15;;;;;10000;15;10003;24;;;9992.0;15057.0
-2;807900;INTARIAN_PEPPER_ROOT;10802;10;10799;23;;;10814;10;10817;23;;;10808.0;63860.0
-2;808000;ASH_COATED_OSMIUM;9984;12;9982;21;;;10000;12;;;;;9992.0;15057.0
-2;808000;INTARIAN_PEPPER_ROOT;10802;10;;;;;10817;25;;;;;10809.5;63980.0
-2;808100;ASH_COATED_OSMIUM;9985;12;;;;;10001;12;10003;23;;;9993.0;15042.0
-2;808100;INTARIAN_PEPPER_ROOT;10799;23;;;;;10814;8;10817;23;;;10806.5;63740.0
-2;808200;ASH_COATED_OSMIUM;9985;11;9982;23;;;10001;11;10003;23;;;9993.0;15042.0
-2;808200;INTARIAN_PEPPER_ROOT;10802;9;;;;;10814;9;10817;20;;;10808.0;63860.0
-2;808300;ASH_COATED_OSMIUM;9985;11;;;;;10001;11;10003;30;;;9993.0;15042.0
-2;808300;INTARIAN_PEPPER_ROOT;10802;12;10800;22;;;10814;12;10817;22;;;10808.0;63860.0
-2;808400;ASH_COATED_OSMIUM;9990;2;9985;11;9982;28;10001;11;10003;28;;;9995.5;15040.5
-2;808400;INTARIAN_PEPPER_ROOT;10802;10;10800;23;;;10814;10;10817;23;;;10808.0;63860.0
-2;808500;ASH_COATED_OSMIUM;9984;11;9982;28;;;10003;28;;;;;9993.5;15086.5
-2;808500;INTARIAN_PEPPER_ROOT;10800;15;;;;;10817;15;;;;;10808.5;63900.0
-2;808600;ASH_COATED_OSMIUM;9984;13;9981;21;;;10000;13;10002;21;;;9992.0;15121.0
-2;808600;INTARIAN_PEPPER_ROOT;10800;18;;;;;10815;8;10817;18;;;10807.5;63820.0
-2;808700;ASH_COATED_OSMIUM;9984;15;9981;21;;;10000;15;10002;21;;;9992.0;15121.0
-2;808700;INTARIAN_PEPPER_ROOT;10800;24;;;;;10817;24;;;;;10808.5;63900.0
-2;808800;ASH_COATED_OSMIUM;9984;12;9981;26;;;10000;12;10002;26;;;9992.0;15121.0
-2;808800;INTARIAN_PEPPER_ROOT;10803;11;10800;15;;;10815;11;10817;15;;;10809.0;63940.0
-2;808900;ASH_COATED_OSMIUM;;;;;;;10000;13;10002;28;;;10000.0;14937.0
-2;808900;INTARIAN_PEPPER_ROOT;10800;17;;;;;10818;17;;;;;10809.0;63940.0
-2;809000;ASH_COATED_OSMIUM;9983;11;9981;22;;;10002;22;;;;;9992.5;15109.5
-2;809000;INTARIAN_PEPPER_ROOT;10803;9;10800;18;;;;;;;;;10803.0;63460.0
-2;809100;ASH_COATED_OSMIUM;9984;15;;;;;10000;15;10002;20;;;9992.0;15121.0
-2;809100;INTARIAN_PEPPER_ROOT;10803;12;10800;16;;;10815;12;;;;;10809.0;63940.0
-2;809200;ASH_COATED_OSMIUM;9984;15;9982;25;;;10000;15;10003;25;;;9992.0;15121.0
-2;809200;INTARIAN_PEPPER_ROOT;10803;9;10801;20;;;10815;9;10818;20;;;10809.0;63940.0
-2;809300;ASH_COATED_OSMIUM;9984;15;9982;28;;;10000;15;10003;28;;;9992.0;15121.0
-2;809300;INTARIAN_PEPPER_ROOT;10803;12;10801;19;;;;;;;;;10803.0;63460.0
-2;809400;ASH_COATED_OSMIUM;9984;14;9981;29;;;10002;29;;;;;9993.0;15098.0
-2;809400;INTARIAN_PEPPER_ROOT;10803;11;10801;17;;;10815;11;10818;17;;;10809.0;63940.0
-2;809500;ASH_COATED_OSMIUM;9983;13;9981;20;;;9999;13;10002;20;;;9991.0;15165.0
-2;809500;INTARIAN_PEPPER_ROOT;10804;11;10801;25;;;10815;11;10818;25;;;10809.5;63980.0
-2;809600;ASH_COATED_OSMIUM;9983;10;;;;;9999;10;10001;20;;;9991.0;15165.0
-2;809600;INTARIAN_PEPPER_ROOT;10812;7;10804;8;10801;25;10816;8;10818;25;;;10814.0;64340.0
-2;809700;ASH_COATED_OSMIUM;9982;14;9980;21;;;10001;21;;;;;9991.5;15152.0
-2;809700;INTARIAN_PEPPER_ROOT;10812;8;10804;8;10801;22;10816;8;10818;22;;;10814.0;64340.0
-2;809800;ASH_COATED_OSMIUM;9983;13;9980;25;;;10001;25;;;;;9992.0;15139.0
-2;809800;INTARIAN_PEPPER_ROOT;10804;8;10801;16;;;10816;8;10818;16;;;10810.0;64020.0
-2;809900;ASH_COATED_OSMIUM;9983;14;9980;28;;;9998;14;10001;28;;;9990.5;15178.0
-2;809900;INTARIAN_PEPPER_ROOT;10804;10;10801;16;;;10816;10;10819;16;;;10810.0;64020.0
-2;810000;ASH_COATED_OSMIUM;9980;26;;;;;9998;14;10001;26;;;9989.0;15217.0
-2;810000;INTARIAN_PEPPER_ROOT;10804;11;;;;;10816;11;10819;23;;;10810.0;64020.0
-2;810100;ASH_COATED_OSMIUM;9982;15;9980;21;;;;;;;;;9982.0;15399.0
-2;810100;INTARIAN_PEPPER_ROOT;10801;16;;;;;10816;11;10819;16;;;10808.5;63900.0
-2;810200;ASH_COATED_OSMIUM;9982;11;;;;;9998;11;10001;28;;;9990.0;15191.0
-2;810200;INTARIAN_PEPPER_ROOT;10804;8;10802;21;;;10816;8;10819;21;;;10810.0;64020.0
-2;810300;ASH_COATED_OSMIUM;9982;12;9980;26;;;9998;12;10001;26;;;9990.0;15191.0
-2;810300;INTARIAN_PEPPER_ROOT;10804;9;10802;18;;;10816;9;10819;18;;;10810.0;64020.0
-2;810400;ASH_COATED_OSMIUM;9988;2;9982;12;9980;22;9998;12;10001;22;;;9993.0;15113.0
-2;810400;INTARIAN_PEPPER_ROOT;10804;10;10802;16;;;10816;10;10819;16;;;10810.0;64020.0
-2;810500;ASH_COATED_OSMIUM;9982;10;9980;27;;;10001;27;;;;;9991.5;15152.0
-2;810500;INTARIAN_PEPPER_ROOT;10805;9;;;;;10816;9;10819;19;;;10810.5;64060.0
-2;810600;ASH_COATED_OSMIUM;9984;13;9981;23;;;10002;23;;;;;9993.0;15113.0
-2;810600;INTARIAN_PEPPER_ROOT;10802;25;;;;;10819;25;;;;;10810.5;64060.0
-2;810700;ASH_COATED_OSMIUM;9984;14;;;;;10000;14;10003;30;;;9992.0;15139.0
-2;810700;INTARIAN_PEPPER_ROOT;10805;9;10802;16;;;10817;9;10819;16;;;10811.0;64100.0
-2;810800;ASH_COATED_OSMIUM;9984;11;;;;;10000;11;10002;30;;;9992.0;15139.0
-2;810800;INTARIAN_PEPPER_ROOT;10805;9;;;;;10817;9;;;;;10811.0;64100.0
-2;810900;ASH_COATED_OSMIUM;9989;5;9984;11;9981;30;10000;11;10002;30;;;9994.5;15074.0
-2;810900;INTARIAN_PEPPER_ROOT;10805;10;10802;15;;;10817;10;10820;15;;;10811.0;64100.0
-2;811000;ASH_COATED_OSMIUM;9984;11;9982;21;;;10000;11;10003;21;;;9992.0;15139.0
-2;811000;INTARIAN_PEPPER_ROOT;10814;3;10805;10;10802;21;10817;10;;;;;10815.5;64460.0
-2;811100;ASH_COATED_OSMIUM;9985;11;;;;;10001;11;10003;22;;;9993.0;15113.0
-2;811100;INTARIAN_PEPPER_ROOT;10802;25;;;;;10820;25;;;;;10811.0;64100.0
-2;811200;ASH_COATED_OSMIUM;9982;26;;;;;10001;11;10003;26;;;9991.5;15152.0
-2;811200;INTARIAN_PEPPER_ROOT;10803;24;;;;;10817;11;10820;24;;;10810.0;64020.0
-2;811300;ASH_COATED_OSMIUM;9985;14;9982;29;;;9994;5;;;;;9989.5;15204.0
-2;811300;INTARIAN_PEPPER_ROOT;10803;18;;;;;10817;12;10820;18;;;10810.0;64020.0
-2;811400;ASH_COATED_OSMIUM;9985;11;9983;22;;;10001;11;10004;22;;;9993.0;15113.0
-2;811400;INTARIAN_PEPPER_ROOT;10805;10;10803;25;;;10820;25;;;;;10812.5;64220.0
-2;811500;ASH_COATED_OSMIUM;9985;12;9982;29;;;10001;12;10003;29;;;9993.0;15113.0
-2;811500;INTARIAN_PEPPER_ROOT;10806;9;;;;;;;;;;;10806.0;63700.0
-2;811600;ASH_COATED_OSMIUM;9982;30;;;;;10001;15;10003;30;;;9991.5;15152.0
-2;811600;INTARIAN_PEPPER_ROOT;10806;8;10803;24;;;10818;8;10820;24;;;10812.0;64180.0
-2;811700;ASH_COATED_OSMIUM;9985;13;9982;27;;;10001;13;10003;27;;;9993.0;15113.0
-2;811700;INTARIAN_PEPPER_ROOT;10806;9;10803;18;;;10818;9;10820;18;;;10812.0;64180.0
-2;811800;ASH_COATED_OSMIUM;9985;11;;;;;10001;11;10003;20;;;9993.0;15113.0
-2;811800;INTARIAN_PEPPER_ROOT;10806;11;;;;;10818;11;10820;19;;;10812.0;64180.0
-2;811900;ASH_COATED_OSMIUM;9985;13;9982;23;;;10001;13;10003;23;;;9993.0;15113.0
-2;811900;INTARIAN_PEPPER_ROOT;10806;9;10803;17;;;10818;9;10821;17;;;10812.0;64180.0
-2;812000;ASH_COATED_OSMIUM;9985;10;9982;26;;;10001;10;;;;;9993.0;15113.0
-2;812000;INTARIAN_PEPPER_ROOT;10803;21;;;;;10818;12;;;;;10810.5;64060.0
-2;812100;ASH_COATED_OSMIUM;9991;5;9986;10;9983;27;10002;10;10004;27;;;9996.5;15022.0
-2;812100;INTARIAN_PEPPER_ROOT;10806;10;10803;18;;;10818;10;10821;18;;;10812.0;64180.0
-2;812200;ASH_COATED_OSMIUM;9985;14;9983;26;;;10001;14;10004;26;;;9993.0;15113.0
-2;812200;INTARIAN_PEPPER_ROOT;10806;12;10804;17;;;10818;12;;;;;10812.0;64180.0
-2;812300;ASH_COATED_OSMIUM;9986;11;9983;25;;;10001;11;10004;25;;;9993.5;15100.0
-2;812300;INTARIAN_PEPPER_ROOT;;;;;;;10818;9;10821;23;;;10818.0;64660.0
-2;812400;ASH_COATED_OSMIUM;9986;11;9984;27;;;10002;11;10005;27;;;9994.0;15087.0
-2;812400;INTARIAN_PEPPER_ROOT;;;;;;;10818;10;10821;25;;;10818.0;64660.0
-2;812500;ASH_COATED_OSMIUM;9984;26;;;;;10005;26;;;;;9994.5;15074.0
-2;812500;INTARIAN_PEPPER_ROOT;10807;9;10804;15;;;10818;9;10821;15;;;10812.5;64220.0
-2;812600;ASH_COATED_OSMIUM;9991;5;9986;14;9983;26;10002;14;10004;26;;;9996.5;15022.0
-2;812600;INTARIAN_PEPPER_ROOT;10807;12;10804;15;;;10819;12;10821;15;;;10813.0;64260.0
-2;812700;ASH_COATED_OSMIUM;9985;15;9983;25;;;10004;25;;;;;9994.5;15074.0
-2;812700;INTARIAN_PEPPER_ROOT;10807;12;10804;17;;;10819;12;10821;17;;;10813.0;64260.0
-2;812800;ASH_COATED_OSMIUM;9986;10;9983;30;;;10004;30;;;;;9995.0;15061.0
-2;812800;INTARIAN_PEPPER_ROOT;10807;12;10804;22;;;10819;12;10821;22;;;10813.0;64260.0
-2;812900;ASH_COATED_OSMIUM;9986;15;9984;20;;;10002;15;10005;20;;;9994.0;15087.0
-2;812900;INTARIAN_PEPPER_ROOT;10807;12;10804;15;;;10819;12;10822;15;;;10813.0;64260.0
-2;813000;ASH_COATED_OSMIUM;9987;15;9984;21;;;10003;15;;;;;9995.0;15061.0
-2;813000;INTARIAN_PEPPER_ROOT;10807;9;10804;23;;;10822;23;;;;;10814.5;64380.0
-2;813100;ASH_COATED_OSMIUM;9986;15;9984;21;;;10002;15;10005;21;;;9994.0;15087.0
-2;813100;INTARIAN_PEPPER_ROOT;10804;15;;;;;10819;12;10822;15;;;10811.5;64140.0
-2;813200;ASH_COATED_OSMIUM;9986;10;9983;24;;;10002;10;10004;24;;;9994.0;15087.0
-2;813200;INTARIAN_PEPPER_ROOT;10807;12;;;;;10819;12;10822;20;;;10813.0;64260.0
-2;813300;ASH_COATED_OSMIUM;9986;11;9983;20;;;;;;;;;9986.0;15295.0
-2;813300;INTARIAN_PEPPER_ROOT;10807;8;10805;15;;;10819;8;10822;15;;;10813.0;64260.0
-2;813400;ASH_COATED_OSMIUM;9986;14;;;;;10002;14;;;;;9994.0;15087.0
-2;813400;INTARIAN_PEPPER_ROOT;10807;11;10805;25;;;10819;11;;;;;10813.0;64260.0
-2;813500;ASH_COATED_OSMIUM;9986;15;9983;21;;;10002;15;10004;21;;;9994.0;15087.0
-2;813500;INTARIAN_PEPPER_ROOT;10808;8;10805;16;;;10819;8;10822;16;;;10813.5;64300.0
-2;813600;ASH_COATED_OSMIUM;9986;15;9983;20;;;10004;20;;;;;9995.0;15061.0
-2;813600;INTARIAN_PEPPER_ROOT;10816;3;10808;12;;;10820;12;10822;20;;;10818.0;64660.0
-2;813700;ASH_COATED_OSMIUM;9983;25;;;;;10002;14;10004;25;;;9992.5;15126.0
-2;813700;INTARIAN_PEPPER_ROOT;10808;12;;;;;10820;12;;;;;10814.0;64340.0
-2;813800;ASH_COATED_OSMIUM;9986;11;9984;22;;;10002;11;10005;22;;;9994.0;15087.0
-2;813800;INTARIAN_PEPPER_ROOT;10808;9;;;;;10820;9;10822;22;;;10814.0;64340.0
-2;813900;ASH_COATED_OSMIUM;9986;10;9983;23;;;10002;10;10004;23;;;9994.0;15087.0
-2;813900;INTARIAN_PEPPER_ROOT;10808;8;10805;24;;;10820;8;10823;24;;;10814.0;64340.0
-2;814000;ASH_COATED_OSMIUM;9986;13;9983;27;;;10002;13;10004;27;;;9994.0;15087.0
-2;814000;INTARIAN_PEPPER_ROOT;10808;10;10805;15;;;10820;10;10823;15;;;10814.0;64340.0
-2;814100;ASH_COATED_OSMIUM;9986;14;9984;20;;;10005;20;;;;;9995.5;15048.0
-2;814100;INTARIAN_PEPPER_ROOT;10808;11;10805;25;;;10823;25;;;;;10815.5;64460.0
-2;814200;ASH_COATED_OSMIUM;9984;29;;;;;10002;15;;;;;9993.0;15113.0
-2;814200;INTARIAN_PEPPER_ROOT;;;;;;;10820;11;10823;18;;;10820.0;64820.0
-2;814300;ASH_COATED_OSMIUM;9996;8;9986;11;;;10002;11;10005;22;;;9999.0;14939.0
-2;814300;INTARIAN_PEPPER_ROOT;10806;25;;;;;10820;10;;;;;10813.0;64260.0
-2;814400;ASH_COATED_OSMIUM;9986;14;;;;;10004;20;;;;;9995.0;15087.0
-2;814400;INTARIAN_PEPPER_ROOT;10806;25;;;;;10820;10;10823;25;;;10813.0;64260.0
-2;814500;ASH_COATED_OSMIUM;9983;20;;;;;10002;12;10004;20;;;9992.5;15179.5
-2;814500;INTARIAN_PEPPER_ROOT;10809;11;10806;18;;;10820;11;10823;18;;;10814.5;64380.0
-2;814600;ASH_COATED_OSMIUM;9986;15;9984;28;;;10005;28;;;;;9995.5;15068.5
-2;814600;INTARIAN_PEPPER_ROOT;10806;22;;;;;10821;12;10823;22;;;10813.5;64300.0
-2;814700;ASH_COATED_OSMIUM;9986;14;;;;;10005;23;;;;;9995.5;15068.5
-2;814700;INTARIAN_PEPPER_ROOT;10809;9;10806;24;;;10821;9;10823;24;;;10815.0;64420.0
-2;814800;ASH_COATED_OSMIUM;9986;13;9984;25;;;10002;13;10005;25;;;9994.0;15124.0
-2;814800;INTARIAN_PEPPER_ROOT;10809;8;10806;19;;;10821;8;10823;19;;;10815.0;64420.0
-2;814900;ASH_COATED_OSMIUM;9986;10;9984;29;;;10002;10;10005;29;;;9994.0;15124.0
-2;814900;INTARIAN_PEPPER_ROOT;10809;11;10806;21;;;10821;11;;;;;10815.0;64420.0
-2;815000;ASH_COATED_OSMIUM;9987;14;9984;23;;;10003;14;10005;23;;;9995.0;15087.0
-2;815000;INTARIAN_PEPPER_ROOT;10809;8;;;;;10821;8;10824;23;;;10815.0;64420.0
-2;815100;ASH_COATED_OSMIUM;;;;;;;10003;15;10006;26;;;10003.0;14791.0
-2;815100;INTARIAN_PEPPER_ROOT;10809;9;10806;23;;;10824;23;;;;;10816.5;64540.0
-2;815200;ASH_COATED_OSMIUM;;;;;;;10003;10;10006;21;;;10003.0;14791.0
-2;815200;INTARIAN_PEPPER_ROOT;10818;4;10809;10;10807;22;10821;10;10824;22;;;10819.5;64780.0
-2;815300;ASH_COATED_OSMIUM;9987;12;9985;20;;;9993;10;10003;12;10006;20;9990.0;15242.0
-2;815300;INTARIAN_PEPPER_ROOT;10809;12;10807;19;;;10821;12;10824;19;;;10815.0;64420.0
-2;815400;ASH_COATED_OSMIUM;9987;13;9984;21;;;10003;13;;;;;9995.0;15107.0
-2;815400;INTARIAN_PEPPER_ROOT;10809;8;10807;22;;;;;;;;;10809.0;63940.0
-2;815500;ASH_COATED_OSMIUM;9987;10;9985;28;;;10003;10;10006;28;;;9995.0;15107.0
-2;815500;INTARIAN_PEPPER_ROOT;10807;17;;;;;10821;12;10824;17;;;10814.0;64340.0
-2;815600;ASH_COATED_OSMIUM;9987;15;9985;25;;;10003;15;10006;25;;;9995.0;15107.0
-2;815600;INTARIAN_PEPPER_ROOT;10810;11;10807;25;;;10822;11;;;;;10816.0;64500.0
-2;815700;ASH_COATED_OSMIUM;9987;10;9984;29;;;10003;10;10005;29;;;9995.0;15107.0
-2;815700;INTARIAN_PEPPER_ROOT;10810;9;10807;17;;;10824;17;;;;;10817.0;64580.0
-2;815800;ASH_COATED_OSMIUM;9993;5;9987;15;9985;29;10003;15;10006;29;;;9998.0;15026.0
-2;815800;INTARIAN_PEPPER_ROOT;10807;23;;;;;10822;12;;;;;10814.5;64380.0
-2;815900;ASH_COATED_OSMIUM;9987;15;9985;24;;;10006;24;;;;;9996.5;15066.5
-2;815900;INTARIAN_PEPPER_ROOT;10810;11;;;;;10822;11;;;;;10816.0;64500.0
-2;816000;ASH_COATED_OSMIUM;9988;14;;;;;10004;14;10006;25;;;9996.0;15080.0
-2;816000;INTARIAN_PEPPER_ROOT;10810;11;10807;23;;;10822;11;10825;23;;;10816.0;64500.0
-2;816100;ASH_COATED_OSMIUM;9988;10;9985;20;;;10006;20;;;;;9997.0;15053.0
-2;816100;INTARIAN_PEPPER_ROOT;10810;12;;;;;10825;18;;;;;10817.5;64620.0
-2;816200;ASH_COATED_OSMIUM;9988;10;9985;26;;;10004;10;;;;;9996.0;15080.0
-2;816200;INTARIAN_PEPPER_ROOT;10810;8;;;;;10825;21;;;;;10817.5;64620.0
-2;816300;ASH_COATED_OSMIUM;9988;15;9986;30;;;9998;5;10004;15;;;9993.0;15161.0
-2;816300;INTARIAN_PEPPER_ROOT;10808;20;;;;;10822;10;;;;;10815.0;64420.0
-2;816400;ASH_COATED_OSMIUM;9988;15;9986;24;;;10004;15;10007;24;;;9996.0;15080.0
-2;816400;INTARIAN_PEPPER_ROOT;10810;12;10808;25;;;10822;12;10825;25;;;10816.0;64500.0
-2;816500;ASH_COATED_OSMIUM;9988;12;9985;27;;;10004;12;10006;27;;;9996.0;15080.0
-2;816500;INTARIAN_PEPPER_ROOT;10808;16;;;;;10822;11;10825;16;;;10815.0;64420.0
-2;816600;ASH_COATED_OSMIUM;9985;28;;;;;10003;14;10006;28;;;9994.0;15134.0
-2;816600;INTARIAN_PEPPER_ROOT;10811;10;10808;16;;;10825;16;;;;;10818.0;64660.0
-2;816700;ASH_COATED_OSMIUM;9987;10;9985;25;;;10003;10;;;;;9995.0;15107.0
-2;816700;INTARIAN_PEPPER_ROOT;;;;;;;10823;10;10825;16;;;10823.0;65060.0
-2;816800;ASH_COATED_OSMIUM;9987;15;9984;28;;;10002;15;;;;;9994.5;15120.5
-2;816800;INTARIAN_PEPPER_ROOT;10811;10;10808;23;;;10823;10;;;;;10817.0;64580.0
-2;816900;ASH_COATED_OSMIUM;9987;11;9984;22;;;10003;11;10005;22;;;9995.0;15107.0
-2;816900;INTARIAN_PEPPER_ROOT;10811;10;;;;;10823;10;10826;24;;;10817.0;64580.0
-2;817000;ASH_COATED_OSMIUM;9987;11;9984;22;;;10003;11;;;;;9995.0;15107.0
-2;817000;INTARIAN_PEPPER_ROOT;10811;12;10808;22;;;10823;12;10826;22;;;10817.0;64580.0
-2;817100;ASH_COATED_OSMIUM;9987;12;9984;25;;;10003;12;10005;25;;;9995.0;15107.0
-2;817100;INTARIAN_PEPPER_ROOT;10811;9;10808;21;;;10823;9;10826;21;;;10817.0;64580.0
-2;817200;ASH_COATED_OSMIUM;9987;15;9984;21;;;10003;15;10005;21;;;9995.0;15107.0
-2;817200;INTARIAN_PEPPER_ROOT;10811;9;10809;19;;;10823;9;10826;19;;;10817.0;64580.0
-2;817300;ASH_COATED_OSMIUM;9987;14;9984;21;;;10003;14;10005;21;;;9995.0;15107.0
-2;817300;INTARIAN_PEPPER_ROOT;10811;11;10809;25;;;;;;;;;10811.0;64100.0
-2;817400;ASH_COATED_OSMIUM;9987;15;9985;20;;;10003;15;;;;;9995.0;15107.0
-2;817400;INTARIAN_PEPPER_ROOT;10811;9;10809;25;;;10823;9;10826;25;;;10817.0;64580.0
-2;817500;ASH_COATED_OSMIUM;9985;27;;;;;10006;27;;;;;9995.5;15093.5
-2;817500;INTARIAN_PEPPER_ROOT;10812;10;10809;24;;;10823;10;;;;;10817.5;64620.0
-2;817600;ASH_COATED_OSMIUM;9987;11;;;;;10003;11;10006;21;;;9995.0;15107.0
-2;817600;INTARIAN_PEPPER_ROOT;10812;11;;;;;10824;11;;;;;10818.0;64660.0
-2;817700;ASH_COATED_OSMIUM;9987;11;9984;27;;;10003;11;10005;27;;;9995.0;15107.0
-2;817700;INTARIAN_PEPPER_ROOT;10812;9;10809;23;;;10826;23;;;;;10819.0;64740.0
-2;817800;ASH_COATED_OSMIUM;9987;13;9985;23;;;10003;13;10006;23;;;9995.0;15107.0
-2;817800;INTARIAN_PEPPER_ROOT;10812;9;10809;19;;;10824;9;;;;;10818.0;64660.0
-2;817900;ASH_COATED_OSMIUM;9988;13;9985;27;;;10003;13;10006;27;;;9995.5;15158.5
-2;817900;INTARIAN_PEPPER_ROOT;10812;12;10809;22;;;;;;;;;10812.0;64180.0
-2;818000;ASH_COATED_OSMIUM;9985;23;;;;;10004;15;10006;23;;;9994.5;15175.5
-2;818000;INTARIAN_PEPPER_ROOT;10812;12;10809;22;;;10824;12;10827;22;;;10818.0;64660.0
-2;818100;ASH_COATED_OSMIUM;9988;10;9985;29;;;10006;29;;;;;9997.0;15133.0
-2;818100;INTARIAN_PEPPER_ROOT;10812;11;10809;19;;;10824;11;10827;19;;;10818.0;64660.0
-2;818200;ASH_COATED_OSMIUM;9988;12;9985;20;;;10004;12;10006;20;;;9996.0;15150.0
-2;818200;INTARIAN_PEPPER_ROOT;10812;9;;;;;10824;9;10827;17;;;10818.0;64660.0
-2;818300;ASH_COATED_OSMIUM;9988;14;9986;22;;;9998;2;10004;14;10007;22;9993.0;15201.0
-2;818300;INTARIAN_PEPPER_ROOT;10812;12;10810;22;;;10824;12;10827;22;;;10818.0;64660.0
-2;818400;ASH_COATED_OSMIUM;9988;14;9986;21;;;10004;14;;;;;9996.0;15150.0
-2;818400;INTARIAN_PEPPER_ROOT;10812;12;10810;20;;;10824;12;;;;;10818.0;64660.0
-2;818500;ASH_COATED_OSMIUM;9986;23;;;;;10004;10;;;;;9995.0;15167.0
-2;818500;INTARIAN_PEPPER_ROOT;10813;12;10810;22;;;10824;12;10827;22;;;10818.5;64700.0
-2;818600;ASH_COATED_OSMIUM;9989;12;;;;;10007;28;;;;;9998.0;15116.0
-2;818600;INTARIAN_PEPPER_ROOT;10810;24;;;;;10825;12;10827;24;;;10817.5;64620.0
-2;818700;ASH_COATED_OSMIUM;9986;29;;;;;10005;13;10007;29;;;9995.5;15158.5
-2;818700;INTARIAN_PEPPER_ROOT;10813;11;10810;25;;;10825;11;10827;25;;;10819.0;64740.0
-2;818800;ASH_COATED_OSMIUM;9988;10;9986;29;;;10004;10;10007;29;;;9996.0;15150.0
-2;818800;INTARIAN_PEPPER_ROOT;10813;11;10810;25;;;10827;25;;;;;10820.0;64820.0
-2;818900;ASH_COATED_OSMIUM;9988;14;9986;20;;;10004;14;10007;20;;;9996.0;15150.0
-2;818900;INTARIAN_PEPPER_ROOT;10810;22;;;;;10825;12;;;;;10817.5;64620.0
-2;819000;ASH_COATED_OSMIUM;;;;;;;10004;15;10007;26;;;10004.0;15014.0
-2;819000;INTARIAN_PEPPER_ROOT;10813;11;10810;25;;;10825;11;10828;25;;;10819.0;64740.0
-2;819100;ASH_COATED_OSMIUM;9988;10;9985;21;;;10004;10;10006;21;;;9996.0;15150.0
-2;819100;INTARIAN_PEPPER_ROOT;10813;9;;;;;10825;9;10828;15;;;10819.0;64740.0
-2;819200;ASH_COATED_OSMIUM;9988;10;9986;29;;;10004;10;10007;29;;;9996.0;15150.0
-2;819200;INTARIAN_PEPPER_ROOT;10822;8;10813;11;10811;24;10825;11;10828;24;;;10823.5;65100.0
-2;819300;ASH_COATED_OSMIUM;9988;11;;;;;10004;11;10006;29;;;9996.0;15150.0
-2;819300;INTARIAN_PEPPER_ROOT;10813;8;;;;;10825;8;10828;23;;;10819.0;64740.0
-2;819400;ASH_COATED_OSMIUM;9988;13;9986;27;;;10004;13;;;;;9996.0;15150.0
-2;819400;INTARIAN_PEPPER_ROOT;10813;10;;;;;10828;24;;;;;10820.5;64860.0
-2;819500;ASH_COATED_OSMIUM;9988;14;9986;25;;;;;;;;;9988.0;15286.0
-2;819500;INTARIAN_PEPPER_ROOT;10814;8;;;;;10825;8;10828;22;;;10819.5;64780.0
-2;819600;ASH_COATED_OSMIUM;9988;10;9986;25;;;10004;10;10006;25;;;9996.0;15150.0
-2;819600;INTARIAN_PEPPER_ROOT;10814;9;;;;;10826;9;10828;23;;;10820.0;64820.0
-2;819700;ASH_COATED_OSMIUM;;;;;;;10005;12;10007;20;;;10005.0;14997.0
-2;819700;INTARIAN_PEPPER_ROOT;10811;25;;;;;10826;12;;;;;10818.5;64700.0
-2;819800;ASH_COATED_OSMIUM;9989;13;9986;29;;;10005;13;10007;29;;;9997.0;15133.0
-2;819800;INTARIAN_PEPPER_ROOT;10814;9;10811;23;;;10826;9;10828;23;;;10820.0;64820.0
-2;819900;ASH_COATED_OSMIUM;9989;12;;;;;10005;12;10007;30;;;9997.0;15133.0
-2;819900;INTARIAN_PEPPER_ROOT;10814;8;10811;24;;;10826;8;10829;24;;;10820.0;64820.0
-2;820000;ASH_COATED_OSMIUM;9988;14;9985;26;;;10006;26;;;;;9997.0;15133.0
-2;820000;INTARIAN_PEPPER_ROOT;10814;12;10811;15;;;10829;15;;;;;10821.5;64940.0
-2;820100;ASH_COATED_OSMIUM;9986;30;;;;;10004;10;10007;30;;;9995.0;15167.0
-2;820100;INTARIAN_PEPPER_ROOT;10814;12;10811;17;;;10829;17;;;;;10821.5;64940.0
-2;820200;ASH_COATED_OSMIUM;9988;15;;;;;10004;15;10007;25;;;9996.0;15150.0
-2;820200;INTARIAN_PEPPER_ROOT;10814;11;10812;19;;;10826;11;10829;19;;;10820.0;64820.0
-2;820300;ASH_COATED_OSMIUM;9988;11;;;;;9994;5;10004;11;;;9991.0;15220.0
-2;820300;INTARIAN_PEPPER_ROOT;10814;12;;;;;10829;24;;;;;10821.5;64940.0
-2;820400;ASH_COATED_OSMIUM;9988;12;;;;;10004;12;10007;21;;;9996.0;15160.0
-2;820400;INTARIAN_PEPPER_ROOT;10814;10;10812;18;;;10826;10;;;;;10820.0;64820.0
-2;820500;ASH_COATED_OSMIUM;9994;3;9988;13;9986;27;10007;27;;;;;10000.5;15106.0
-2;820500;INTARIAN_PEPPER_ROOT;10815;12;;;;;10826;12;10829;25;;;10820.5;64860.0
-2;820600;ASH_COATED_OSMIUM;9988;14;9985;22;;;10004;14;10006;22;;;9996.0;15160.0
-2;820600;INTARIAN_PEPPER_ROOT;10815;8;10812;16;;;10829;16;;;;;10822.0;64980.0
-2;820700;ASH_COATED_OSMIUM;;;;;;;10006;30;;;;;10006.0;15040.0
-2;820700;INTARIAN_PEPPER_ROOT;10815;10;10812;19;;;10827;10;;;;;10821.0;64900.0
-2;820800;ASH_COATED_OSMIUM;9988;11;9985;26;;;;;;;;;9988.0;15256.0
-2;820800;INTARIAN_PEPPER_ROOT;10815;8;;;;;10827;8;10829;15;;;10821.0;64900.0
-2;820900;ASH_COATED_OSMIUM;9988;14;9985;23;;;10004;14;10006;23;;;9996.0;15160.0
-2;820900;INTARIAN_PEPPER_ROOT;10815;12;10812;16;;;10830;16;;;;;10822.5;65020.0
-2;821000;ASH_COATED_OSMIUM;9998;2;;;;;10004;10;10007;25;;;10001.0;15094.0
-2;821000;INTARIAN_PEPPER_ROOT;10815;10;10812;22;;;10827;10;10830;22;;;10821.0;64900.0
-2;821100;ASH_COATED_OSMIUM;9989;14;9986;27;;;10005;14;10007;27;;;9997.0;15150.0
-2;821100;INTARIAN_PEPPER_ROOT;10815;12;10812;21;;;10827;12;10830;21;;;10821.0;64900.0
-2;821200;ASH_COATED_OSMIUM;9989;12;;;;;10008;27;;;;;9998.5;15129.0
-2;821200;INTARIAN_PEPPER_ROOT;10815;12;10813;21;;;10827;12;10830;21;;;10821.0;64900.0
-2;821300;ASH_COATED_OSMIUM;9989;15;9986;29;;;9998;5;10005;15;10007;29;9993.5;15199.0
-2;821300;INTARIAN_PEPPER_ROOT;;;;;;;10827;10;10830;20;;;10827.0;65380.0
-2;821400;ASH_COATED_OSMIUM;9989;13;9987;26;;;10005;13;10008;26;;;9997.0;15150.0
-2;821400;INTARIAN_PEPPER_ROOT;10815;8;10813;17;;;10827;8;;;;;10821.0;64900.0
-2;821500;ASH_COATED_OSMIUM;9989;11;9986;23;;;10005;11;10007;23;;;9997.0;15150.0
-2;821500;INTARIAN_PEPPER_ROOT;10816;8;;;;;10827;8;10830;16;;;10821.5;64940.0
-2;821600;ASH_COATED_OSMIUM;9988;12;9986;24;;;;;;;;;9988.0;15276.0
-2;821600;INTARIAN_PEPPER_ROOT;10816;8;10813;25;;;10828;8;10830;25;;;10822.0;64980.0
-2;821700;ASH_COATED_OSMIUM;9985;27;;;;;10004;10;10006;27;;;9994.5;15185.0
-2;821700;INTARIAN_PEPPER_ROOT;10816;10;10813;23;;;10828;10;10830;23;;;10822.0;64980.0
-2;821800;ASH_COATED_OSMIUM;9988;15;;;;;10004;15;;;;;9996.0;15164.0
-2;821800;INTARIAN_PEPPER_ROOT;10816;11;;;;;10830;23;;;;;10823.0;65060.0
-2;821900;ASH_COATED_OSMIUM;9988;10;9986;29;;;10004;10;10007;29;;;9996.0;15164.0
-2;821900;INTARIAN_PEPPER_ROOT;10816;11;;;;;10828;11;10831;19;;;10822.0;64980.0
-2;822000;ASH_COATED_OSMIUM;9988;12;9985;29;;;10004;12;10006;29;;;9996.0;15164.0
-2;822000;INTARIAN_PEPPER_ROOT;10813;16;;;;;10828;9;10831;16;;;10820.5;64860.0
-2;822100;ASH_COATED_OSMIUM;9988;10;;;;;10007;29;;;;;9997.5;15143.0
-2;822100;INTARIAN_PEPPER_ROOT;10816;11;10813;22;;;10828;11;10831;22;;;10822.0;64980.0
-2;822200;ASH_COATED_OSMIUM;9986;30;;;;;10004;13;;;;;9995.0;15178.0
-2;822200;INTARIAN_PEPPER_ROOT;10814;18;;;;;10828;11;10831;18;;;10821.0;64900.0
-2;822300;ASH_COATED_OSMIUM;9988;12;9986;27;;;10004;12;10007;27;;;9996.0;15164.0
-2;822300;INTARIAN_PEPPER_ROOT;10816;12;10814;21;;;10828;12;10831;21;;;10822.0;64980.0
-2;822400;ASH_COATED_OSMIUM;9989;15;9986;25;;;10005;15;;;;;9997.0;15150.0
-2;822400;INTARIAN_PEPPER_ROOT;10816;11;10814;16;;;10828;11;10831;16;;;10822.0;64980.0
-2;822500;ASH_COATED_OSMIUM;9988;15;9986;22;;;10004;15;10007;22;;;9996.0;15164.0
-2;822500;INTARIAN_PEPPER_ROOT;10817;10;10814;15;;;10828;10;10831;15;;;10822.5;65020.0
-2;822600;ASH_COATED_OSMIUM;9988;14;9986;26;;;10004;14;;;;;9996.0;15164.0
-2;822600;INTARIAN_PEPPER_ROOT;10814;19;;;;;10831;19;;;;;10822.5;65020.0
-2;822700;ASH_COATED_OSMIUM;9989;11;9986;23;;;10005;11;10007;23;;;9997.0;15199.0
-2;822700;INTARIAN_PEPPER_ROOT;10817;9;10814;22;;;;;;;;;10817.0;64580.0
-2;822800;ASH_COATED_OSMIUM;9986;24;;;;;10004;14;10007;24;;;9995.0;15241.0
-2;822800;INTARIAN_PEPPER_ROOT;10817;8;10814;15;;;10829;8;;;;;10823.0;65060.0
-2;822900;ASH_COATED_OSMIUM;9989;15;9986;30;;;9998;5;10005;15;10007;30;9993.5;15272.5
-2;822900;INTARIAN_PEPPER_ROOT;10817;10;10814;22;;;10829;10;10832;22;;;10823.0;65060.0
-2;823000;ASH_COATED_OSMIUM;9988;14;9986;24;;;10004;14;10007;24;;;9996.0;15220.0
-2;823000;INTARIAN_PEPPER_ROOT;10817;8;;;;;10832;23;;;;;10824.5;65180.0
-2;823100;ASH_COATED_OSMIUM;9986;30;;;;;10004;14;10007;30;;;9995.0;15241.0
-2;823100;INTARIAN_PEPPER_ROOT;;;;;;;10829;10;10832;16;;;10829.0;65540.0
-2;823200;ASH_COATED_OSMIUM;9988;10;;;;;10004;10;;;;;9996.0;15220.0
-2;823200;INTARIAN_PEPPER_ROOT;10815;22;;;;;10829;11;10832;22;;;10822.0;64980.0
-2;823300;ASH_COATED_OSMIUM;9989;10;9986;27;;;10005;10;10007;27;;;9997.0;15199.0
-2;823300;INTARIAN_PEPPER_ROOT;10817;10;10815;25;;;10829;10;10832;25;;;10823.0;65060.0
-2;823400;ASH_COATED_OSMIUM;9987;25;;;;;10005;13;;;;;9996.0;15220.0
-2;823400;INTARIAN_PEPPER_ROOT;10817;9;10815;20;;;10829;9;10832;20;;;10823.0;65060.0
-2;823500;ASH_COATED_OSMIUM;9989;12;9987;24;;;10005;12;;;;;9997.0;15199.0
-2;823500;INTARIAN_PEPPER_ROOT;10818;8;10815;25;;;10829;8;;;;;10823.5;65100.0
-2;823600;ASH_COATED_OSMIUM;9989;12;9986;26;;;9998;5;10005;12;10007;26;9993.5;15272.5
-2;823600;INTARIAN_PEPPER_ROOT;10818;10;10815;17;;;10830;10;10832;17;;;10824.0;65140.0
-2;823700;ASH_COATED_OSMIUM;9988;12;9986;21;;;;;;;;;9988.0;15388.0
-2;823700;INTARIAN_PEPPER_ROOT;10818;10;10815;24;;;;;;;;;10818.0;64660.0
-2;823800;ASH_COATED_OSMIUM;9988;14;9986;23;;;10004;14;10007;23;;;9996.0;15220.0
-2;823800;INTARIAN_PEPPER_ROOT;10818;10;10815;19;;;10832;19;;;;;10825.0;65220.0
-2;823900;ASH_COATED_OSMIUM;9988;10;9986;22;;;9998;5;10004;10;10007;22;9993.0;15283.0
-2;823900;INTARIAN_PEPPER_ROOT;10818;10;;;;;10830;10;10833;22;;;10824.0;65140.0
-2;824000;ASH_COATED_OSMIUM;9987;11;9985;22;;;10003;11;10006;22;;;9995.0;15241.0
-2;824000;INTARIAN_PEPPER_ROOT;10818;12;10815;24;;;10830;12;10833;24;;;10824.0;65140.0
-2;824100;ASH_COATED_OSMIUM;9988;10;;;;;10003;10;10006;29;;;9995.5;15230.5
-2;824100;INTARIAN_PEPPER_ROOT;10818;9;10815;25;;;10830;9;10833;25;;;10824.0;65140.0
-2;824200;ASH_COATED_OSMIUM;9988;13;9985;28;;;10006;28;;;;;9997.0;15199.0
-2;824200;INTARIAN_PEPPER_ROOT;10816;20;;;;;10830;11;10833;20;;;10823.0;65060.0
-2;824300;ASH_COATED_OSMIUM;9988;14;9985;20;;;10006;20;;;;;9997.0;15199.0
-2;824300;INTARIAN_PEPPER_ROOT;10818;11;10816;17;;;10830;11;10833;17;;;10824.0;65140.0
-2;824400;ASH_COATED_OSMIUM;9988;15;9985;25;;;10004;15;10006;25;;;9996.0;15220.0
-2;824400;INTARIAN_PEPPER_ROOT;10818;10;;;;;10830;10;10833;23;;;10824.0;65140.0
-2;824500;ASH_COATED_OSMIUM;9988;10;9985;20;;;10004;10;;;;;9996.0;15220.0
-2;824500;INTARIAN_PEPPER_ROOT;10819;12;10816;23;;;10826;11;10830;12;10833;23;10822.5;65020.0
-2;824600;ASH_COATED_OSMIUM;9988;14;9986;21;;;10004;14;;;;;9996.0;15220.0
-2;824600;INTARIAN_PEPPER_ROOT;10819;10;10816;16;;;10833;16;;;;;10826.0;65300.0
-2;824700;ASH_COATED_OSMIUM;9988;15;9985;20;;;9993;7;10004;15;10006;20;9990.5;15318.0
-2;824700;INTARIAN_PEPPER_ROOT;10819;10;;;;;10831;10;;;;;10825.0;65220.0
-2;824800;ASH_COATED_OSMIUM;9986;28;;;;;10004;14;10007;28;;;9995.0;15255.0
-2;824800;INTARIAN_PEPPER_ROOT;10819;12;10816;22;;;10831;12;10833;22;;;10825.0;65220.0
-2;824900;ASH_COATED_OSMIUM;9993;3;9988;13;9985;28;10006;28;;;;;9999.5;15192.0
-2;824900;INTARIAN_PEPPER_ROOT;10819;11;;;;;10831;11;10834;15;;;10825.0;65220.0
-2;825000;ASH_COATED_OSMIUM;9985;30;;;;;10003;13;10006;30;;;9994.0;15269.0
-2;825000;INTARIAN_PEPPER_ROOT;10819;11;;;;;10831;11;10834;23;;;10825.0;65220.0
-2;825100;ASH_COATED_OSMIUM;;;;;;;10003;14;10006;26;;;10003.0;15143.0
-2;825100;INTARIAN_PEPPER_ROOT;10816;18;;;;;10834;18;;;;;10825.0;65220.0
-2;825200;ASH_COATED_OSMIUM;9987;14;9984;29;;;9992;10;10005;29;;;9989.5;15307.0
-2;825200;INTARIAN_PEPPER_ROOT;10819;8;10817;15;;;10834;15;;;;;10826.5;65340.0
-2;825300;ASH_COATED_OSMIUM;9987;12;;;;;10005;23;;;;;9996.0;15281.0
-2;825300;INTARIAN_PEPPER_ROOT;10819;10;;;;;10831;10;10834;15;;;10825.0;65220.0
-2;825400;ASH_COATED_OSMIUM;9987;11;9985;25;;;10006;25;;;;;9996.5;15279.0
-2;825400;INTARIAN_PEPPER_ROOT;10817;21;;;;;10831;8;;;;;10824.0;65140.0
-2;825500;ASH_COATED_OSMIUM;9988;15;;;;;10004;15;10006;20;;;9996.0;15281.0
-2;825500;INTARIAN_PEPPER_ROOT;10820;9;10817;21;;;10831;9;10834;21;;;10825.5;65260.0
-2;825600;ASH_COATED_OSMIUM;9988;13;9986;29;;;10007;29;;;;;9997.5;15275.0
-2;825600;INTARIAN_PEPPER_ROOT;10820;9;10817;21;;;10832;9;10834;21;;;10826.0;65300.0
-2;825700;ASH_COATED_OSMIUM;9988;15;9986;22;;;9998;4;10004;15;10007;22;9993.0;15293.0
-2;825700;INTARIAN_PEPPER_ROOT;;;;;;;10832;12;10834;17;;;10832.0;65780.0
-2;825800;ASH_COATED_OSMIUM;9988;10;9986;24;;;10004;10;;;;;9996.0;15281.0
-2;825800;INTARIAN_PEPPER_ROOT;10820;12;10817;24;;;10832;12;10834;24;;;10826.0;65300.0
-2;825900;ASH_COATED_OSMIUM;9988;11;9986;24;;;10004;11;10007;24;;;9996.0;15281.0
-2;825900;INTARIAN_PEPPER_ROOT;10820;12;10817;23;;;10832;12;10835;23;;;10826.0;65300.0
-2;826000;ASH_COATED_OSMIUM;9988;10;9985;22;;;10004;10;10006;22;;;9996.0;15281.0
-2;826000;INTARIAN_PEPPER_ROOT;10820;10;10817;25;;;10835;25;;;;;10827.5;65420.0
-2;826100;ASH_COATED_OSMIUM;9988;12;9986;23;;;10004;12;10007;23;;;9996.0;15281.0
-2;826100;INTARIAN_PEPPER_ROOT;10820;9;10817;22;;;10832;9;10835;22;;;10826.0;65300.0
-2;826200;ASH_COATED_OSMIUM;9988;15;9986;23;;;10004;15;10007;23;;;9996.0;15281.0
-2;826200;INTARIAN_PEPPER_ROOT;10818;24;;;;;10832;9;10835;24;;;10825.0;65220.0
-2;826300;ASH_COATED_OSMIUM;9986;25;;;;;10005;13;10007;25;;;9995.5;15283.0
-2;826300;INTARIAN_PEPPER_ROOT;10820;11;10818;15;;;10832;11;;;;;10826.0;65300.0
-2;826400;ASH_COATED_OSMIUM;9989;12;9987;23;;;10005;12;10008;23;;;9997.0;15277.0
-2;826400;INTARIAN_PEPPER_ROOT;10820;9;10818;23;;;10832;9;10835;23;;;10826.0;65300.0
-2;826500;ASH_COATED_OSMIUM;9989;13;9987;28;;;10005;13;10008;28;;;9997.0;15277.0
-2;826500;INTARIAN_PEPPER_ROOT;10821;8;;;;;10832;8;10835;24;;;10826.5;65340.0
-2;826600;ASH_COATED_OSMIUM;9989;13;9987;22;;;10005;13;10008;22;;;9997.0;15277.0
-2;826600;INTARIAN_PEPPER_ROOT;;;;;;;10833;12;;;;;10833.0;65860.0
-2;826700;ASH_COATED_OSMIUM;9989;11;9987;22;;;10005;11;10008;22;;;9997.0;15277.0
-2;826700;INTARIAN_PEPPER_ROOT;10821;11;10818;15;;;10833;11;;;;;10827.0;65380.0
-2;826800;ASH_COATED_OSMIUM;9989;14;9986;22;;;10007;22;;;;;9998.0;15273.0
-2;826800;INTARIAN_PEPPER_ROOT;10821;9;10818;17;;;10833;9;10835;17;;;10827.0;65380.0
-2;826900;ASH_COATED_OSMIUM;9989;10;9986;29;;;10005;10;10007;29;;;9997.0;15277.0
-2;826900;INTARIAN_PEPPER_ROOT;10830;7;10818;25;;;10833;12;10836;25;;;10831.5;65740.0
-2;827000;ASH_COATED_OSMIUM;9989;15;9986;20;;;10005;15;10007;20;;;9997.0;15277.0
-2;827000;INTARIAN_PEPPER_ROOT;10821;10;10818;24;;;10833;10;10836;24;;;10827.0;65380.0
-2;827100;ASH_COATED_OSMIUM;9988;15;;;;;10004;15;10007;27;;;9996.0;15281.0
-2;827100;INTARIAN_PEPPER_ROOT;10821;10;10818;21;;;;;;;;;10821.0;64900.0
-2;827200;ASH_COATED_OSMIUM;9989;15;;;;;9998;2;10005;15;10007;24;9993.5;15291.0
-2;827200;INTARIAN_PEPPER_ROOT;10821;11;10819;24;;;10833;11;10836;24;;;10827.0;65380.0
-2;827300;ASH_COATED_OSMIUM;9989;12;9987;25;;;10005;12;;;;;9997.0;15277.0
-2;827300;INTARIAN_PEPPER_ROOT;10821;9;10819;24;;;10833;9;;;;;10827.0;65380.0
-2;827400;ASH_COATED_OSMIUM;9989;12;9987;27;;;10005;12;10008;27;;;9997.0;15277.0
-2;827400;INTARIAN_PEPPER_ROOT;10819;25;;;;;10833;9;10836;25;;;10826.0;65300.0
-2;827500;ASH_COATED_OSMIUM;9989;11;;;;;10005;11;10008;26;;;9997.0;15277.0
-2;827500;INTARIAN_PEPPER_ROOT;10822;8;10819;21;;;10833;8;;;;;10827.5;65420.0
-2;827600;ASH_COATED_OSMIUM;9989;15;9987;22;;;10005;15;10008;22;;;9997.0;15277.0
-2;827600;INTARIAN_PEPPER_ROOT;10822;9;10819;24;;;10834;9;10836;24;;;10828.0;65460.0
-2;827700;ASH_COATED_OSMIUM;9989;11;9987;27;;;10005;11;10008;27;;;9997.0;15277.0
-2;827700;INTARIAN_PEPPER_ROOT;10822;9;10819;23;;;10834;9;;;;;10828.0;65460.0
-2;827800;ASH_COATED_OSMIUM;9989;10;9987;29;;;10005;10;10008;29;;;9997.0;15277.0
-2;827800;INTARIAN_PEPPER_ROOT;10822;9;;;;;10834;9;10836;16;;;10828.0;65460.0
-2;827900;ASH_COATED_OSMIUM;9989;12;9987;28;;;10005;12;10008;28;;;9997.0;15277.0
-2;827900;INTARIAN_PEPPER_ROOT;10822;10;10819;20;;;10834;10;10837;20;;;10828.0;65460.0
-2;828000;ASH_COATED_OSMIUM;9989;12;9987;28;;;10005;12;10008;28;;;9997.0;15277.0
-2;828000;INTARIAN_PEPPER_ROOT;10822;11;10819;24;;;10834;11;10837;24;;;10828.0;65460.0
-2;828100;ASH_COATED_OSMIUM;9989;14;9986;22;;;10005;14;10007;22;;;9997.0;15277.0
-2;828100;INTARIAN_PEPPER_ROOT;10822;10;10819;22;;;10834;10;10837;22;;;10828.0;65460.0
-2;828200;ASH_COATED_OSMIUM;9989;14;9987;22;;;10005;14;10008;22;;;9997.0;15277.0
-2;828200;INTARIAN_PEPPER_ROOT;10822;10;10820;25;;;10834;10;10837;25;;;10828.0;65460.0
-2;828300;ASH_COATED_OSMIUM;9989;10;9986;30;;;10005;10;;;;;9997.0;15277.0
-2;828300;INTARIAN_PEPPER_ROOT;10820;16;;;;;10834;8;10837;16;;;10827.0;65380.0
-2;828400;ASH_COATED_OSMIUM;9987;24;;;;;10005;11;10008;24;;;9996.0;15281.0
-2;828400;INTARIAN_PEPPER_ROOT;10822;12;10820;25;;;10837;25;;;;;10829.5;65580.0
-2;828500;ASH_COATED_OSMIUM;9990;12;;;;;10006;12;;;;;9998.0;15273.0
-2;828500;INTARIAN_PEPPER_ROOT;10823;10;10820;25;;;10837;25;;;;;10830.0;65620.0
-2;828600;ASH_COATED_OSMIUM;9995;2;9990;10;9987;28;10006;10;10008;28;;;10000.5;15263.0
-2;828600;INTARIAN_PEPPER_ROOT;10823;12;10820;21;;;10835;12;;;;;10829.0;65540.0
-2;828700;ASH_COATED_OSMIUM;9990;14;;;;;10009;22;;;;;9999.5;15267.0
-2;828700;INTARIAN_PEPPER_ROOT;10823;11;10820;23;;;10835;11;10837;23;;;10829.0;65540.0
-2;828800;ASH_COATED_OSMIUM;9990;11;9987;26;;;9999;4;10008;26;;;9994.5;15287.0
-2;828800;INTARIAN_PEPPER_ROOT;10826;6;10823;10;10820;23;10835;10;10837;23;;;10830.5;65660.0
-2;828900;ASH_COATED_OSMIUM;9987;25;;;;;10006;10;10008;25;;;9996.5;15279.0
-2;828900;INTARIAN_PEPPER_ROOT;10823;10;10820;16;;;10835;10;10838;16;;;10829.0;65540.0
-2;829000;ASH_COATED_OSMIUM;9990;13;9987;22;;;10006;13;10008;22;;;9998.0;15273.0
-2;829000;INTARIAN_PEPPER_ROOT;10820;18;;;;;10835;12;;;;;10827.5;65420.0
-2;829100;ASH_COATED_OSMIUM;9990;13;9988;28;;;10006;13;10009;28;;;9998.0;15273.0
-2;829100;INTARIAN_PEPPER_ROOT;10820;22;;;;;10838;22;;;;;10829.0;65540.0
-2;829200;ASH_COATED_OSMIUM;9989;27;;;;;10007;12;10010;27;;;9998.0;15273.0
-2;829200;INTARIAN_PEPPER_ROOT;10823;9;10821;20;;;10835;9;10838;20;;;10829.0;65540.0
-2;829300;ASH_COATED_OSMIUM;9991;11;;;;;10007;11;10009;24;;;9999.0;15269.0
-2;829300;INTARIAN_PEPPER_ROOT;10821;24;;;;;10838;24;;;;;10829.5;65580.0
-2;829400;ASH_COATED_OSMIUM;9991;10;9988;26;;;10007;10;10009;26;;;9999.0;15269.0
-2;829400;INTARIAN_PEPPER_ROOT;10821;16;;;;;10835;8;10838;16;;;10828.0;65460.0
-2;829500;ASH_COATED_OSMIUM;9991;15;;;;;10009;23;;;;;10000.0;15265.0
-2;829500;INTARIAN_PEPPER_ROOT;10824;9;;;;;10835;9;;;;;10829.5;65580.0
-2;829600;ASH_COATED_OSMIUM;;;;;;;10007;15;10009;25;;;10007.0;15237.0
-2;829600;INTARIAN_PEPPER_ROOT;10824;11;10821;17;;;10836;11;10838;17;;;10830.0;65620.0
-2;829700;ASH_COATED_OSMIUM;9991;14;9989;22;;;10010;22;;;;;10000.5;15263.0
-2;829700;INTARIAN_PEPPER_ROOT;10824;10;10821;24;;;10836;10;10838;24;;;10830.0;65620.0
-2;829800;ASH_COATED_OSMIUM;9989;20;;;;;10008;11;;;;;9998.5;15271.0
-2;829800;INTARIAN_PEPPER_ROOT;10824;12;10821;15;;;10836;12;10838;15;;;10830.0;65620.0
-2;829900;ASH_COATED_OSMIUM;9992;15;9989;27;;;10008;15;10010;27;;;10000.0;15265.0
-2;829900;INTARIAN_PEPPER_ROOT;10824;12;;;;;10839;22;;;;;10831.5;65740.0
-2;830000;ASH_COATED_OSMIUM;9992;10;9990;27;;;10011;27;;;;;10001.5;15259.0
-2;830000;INTARIAN_PEPPER_ROOT;;;;;;;10836;8;10839;18;;;10836.0;66100.0
-2;830100;ASH_COATED_OSMIUM;9990;26;;;;;10008;15;10011;26;;;9999.0;15309.0
-2;830100;INTARIAN_PEPPER_ROOT;10824;9;;;;;10836;9;10839;24;;;10830.0;65620.0
-2;830200;ASH_COATED_OSMIUM;9990;21;;;;;10008;12;;;;;9999.0;15309.0
-2;830200;INTARIAN_PEPPER_ROOT;10822;25;;;;;10836;12;10839;25;;;10829.0;65540.0
-2;830300;ASH_COATED_OSMIUM;9992;15;;;;;10002;3;10008;15;10011;28;9997.0;15307.0
-2;830300;INTARIAN_PEPPER_ROOT;10824;9;10822;20;;;10836;9;10839;20;;;10830.0;65620.0
-2;830400;ASH_COATED_OSMIUM;9991;30;;;;;10012;30;;;;;10001.5;15311.5
-2;830400;INTARIAN_PEPPER_ROOT;10824;12;10822;25;;;10836;12;10839;25;;;10830.0;65620.0
-2;830500;ASH_COATED_OSMIUM;;;;;;;10009;12;10012;22;;;10009.0;15313.0
-2;830500;INTARIAN_PEPPER_ROOT;10825;12;10822;23;;;10839;23;;;;;10832.0;65780.0
-2;830600;ASH_COATED_OSMIUM;9993;10;9991;23;;;10009;10;10012;23;;;10001.0;15353.0
-2;830600;INTARIAN_PEPPER_ROOT;10825;9;;;;;10837;9;10839;22;;;10831.0;65700.0
-2;830700;ASH_COATED_OSMIUM;9991;29;;;;;10010;10;10012;29;;;10000.5;15432.0
-2;830700;INTARIAN_PEPPER_ROOT;10825;12;10822;20;;;10837;12;10839;20;;;10831.0;65700.0
-2;830800;ASH_COATED_OSMIUM;9993;13;9991;22;;;10009;13;;;;;10001.0;15434.0
-2;830800;INTARIAN_PEPPER_ROOT;10822;17;;;;;10837;8;10839;17;;;10829.5;65580.0
-2;830900;ASH_COATED_OSMIUM;9993;15;9991;29;;;10009;15;;;;;10001.0;15434.0
-2;830900;INTARIAN_PEPPER_ROOT;10825;12;10822;16;;;10837;12;10840;16;;;10831.0;65700.0
-2;831000;ASH_COATED_OSMIUM;9994;15;9991;21;;;9999;6;10010;15;10012;21;9996.5;15401.0
-2;831000;INTARIAN_PEPPER_ROOT;10825;12;10822;22;;;10837;12;10840;22;;;10831.0;65700.0
-2;831100;ASH_COATED_OSMIUM;9993;10;9991;22;;;10009;10;10012;22;;;10001.0;15446.0
-2;831100;INTARIAN_PEPPER_ROOT;10822;16;;;;;10837;8;10840;16;;;10829.5;65580.0
-2;831200;ASH_COATED_OSMIUM;9993;13;9991;24;;;10012;24;;;;;10002.5;15461.0
-2;831200;INTARIAN_PEPPER_ROOT;10825;8;10823;19;;;10840;19;;;;;10832.5;65820.0
-2;831300;ASH_COATED_OSMIUM;9999;5;;;;;10012;28;;;;;10005.5;15491.0
-2;831300;INTARIAN_PEPPER_ROOT;10825;10;;;;;10837;10;10840;24;;;10831.0;65700.0
-2;831400;ASH_COATED_OSMIUM;9994;13;;;;;10010;13;10012;28;;;10002.0;15456.0
-2;831400;INTARIAN_PEPPER_ROOT;10825;12;10823;19;;;10837;12;10840;19;;;10831.0;65700.0
-2;831500;ASH_COATED_OSMIUM;9994;14;9992;20;;;10010;14;10013;20;;;10002.0;15456.0
-2;831500;INTARIAN_PEPPER_ROOT;10823;19;;;;;10837;12;;;;;10830.0;65620.0
-2;831600;ASH_COATED_OSMIUM;9994;10;;;;;;;;;;;9994.0;15376.0
-2;831600;INTARIAN_PEPPER_ROOT;10823;17;;;;;10838;12;10840;17;;;10830.5;65660.0
-2;831700;ASH_COATED_OSMIUM;9995;14;9992;24;;;;;;;;;9995.0;15386.0
-2;831700;INTARIAN_PEPPER_ROOT;10826;8;10823;18;;;10838;8;10840;18;;;10832.0;65780.0
-2;831800;ASH_COATED_OSMIUM;9995;12;9992;30;;;10011;12;10013;30;;;10003.0;15480.0
-2;831800;INTARIAN_PEPPER_ROOT;10823;19;;;;;10838;10;10840;19;;;10830.5;65660.0
-2;831900;ASH_COATED_OSMIUM;9995;11;9992;29;;;10011;11;10013;29;;;10003.0;15480.0
-2;831900;INTARIAN_PEPPER_ROOT;10826;11;;;;;10838;11;;;;;10832.0;65780.0
-2;832000;ASH_COATED_OSMIUM;9994;15;;;;;10010;15;10013;24;;;10002.0;15472.0
-2;832000;INTARIAN_PEPPER_ROOT;10826;11;;;;;10838;11;10841;15;;;10832.0;65780.0
-2;832100;ASH_COATED_OSMIUM;9994;11;;;;;10013;28;;;;;10003.5;15484.0
-2;832100;INTARIAN_PEPPER_ROOT;10826;10;10823;19;;;10834;9;10838;10;10841;19;10830.0;65620.0
-2;832200;ASH_COATED_OSMIUM;9991;26;;;;;10010;15;;;;;10000.5;15460.0
-2;832200;INTARIAN_PEPPER_ROOT;10824;15;;;;;10838;11;10841;15;;;10831.0;65700.0
-2;832300;ASH_COATED_OSMIUM;9992;25;;;;;10010;10;10013;25;;;10001.0;15496.0
-2;832300;INTARIAN_PEPPER_ROOT;10826;10;10824;20;;;10838;10;;;;;10832.0;65780.0
-2;832400;ASH_COATED_OSMIUM;9994;11;9992;23;;;;;;;;;9994.0;15468.0
-2;832400;INTARIAN_PEPPER_ROOT;10826;8;10824;24;;;10838;8;10841;24;;;10832.0;65780.0
-2;832500;ASH_COATED_OSMIUM;9994;15;9992;22;;;10010;15;10013;22;;;10002.0;15500.0
-2;832500;INTARIAN_PEPPER_ROOT;10827;9;;;;;10838;9;10841;20;;;10832.5;65820.0
-2;832600;ASH_COATED_OSMIUM;9995;10;9992;29;;;10011;10;;;;;10003.0;15504.0
-2;832600;INTARIAN_PEPPER_ROOT;10827;12;10824;16;;;10841;16;;;;;10834.0;65940.0
-2;832700;ASH_COATED_OSMIUM;9995;12;;;;;10011;12;10014;21;;;10003.0;15504.0
-2;832700;INTARIAN_PEPPER_ROOT;10827;10;10824;18;;;10839;10;10841;18;;;10833.0;65860.0
-2;832800;ASH_COATED_OSMIUM;9995;11;;;;;10014;20;;;;;10004.5;15510.0
-2;832800;INTARIAN_PEPPER_ROOT;10824;16;;;;;10839;9;10841;16;;;10831.5;65740.0
-2;832900;ASH_COATED_OSMIUM;9995;10;9992;24;;;10011;10;10013;24;;;10003.0;15504.0
-2;832900;INTARIAN_PEPPER_ROOT;10827;9;;;;;10842;17;;;;;10834.5;65980.0
-2;833000;ASH_COATED_OSMIUM;9995;11;9993;29;;;10014;29;;;;;10004.5;15510.0
-2;833000;INTARIAN_PEPPER_ROOT;10827;11;10824;23;;;10839;11;10842;23;;;10833.0;65860.0
-2;833100;ASH_COATED_OSMIUM;9995;13;9993;25;;;10011;13;;;;;10003.0;15504.0
-2;833100;INTARIAN_PEPPER_ROOT;10827;8;10824;25;;;;;;;;;10827.0;65380.0
-2;833200;ASH_COATED_OSMIUM;9995;11;;;;;10014;23;;;;;10004.5;15510.0
-2;833200;INTARIAN_PEPPER_ROOT;10827;12;10825;15;;;10842;15;;;;;10834.5;65980.0
-2;833300;ASH_COATED_OSMIUM;9996;15;;;;;10012;15;10014;28;;;10004.0;15564.0
-2;833300;INTARIAN_PEPPER_ROOT;10827;9;10825;15;;;;;;;;;10827.0;65380.0
-2;833400;ASH_COATED_OSMIUM;10001;4;9996;13;9993;25;10012;13;10014;25;;;10006.5;15594.0
-2;833400;INTARIAN_PEPPER_ROOT;10827;9;10825;18;;;10839;9;10842;18;;;10833.0;65860.0
-2;833500;ASH_COATED_OSMIUM;9996;12;9993;22;;;10012;12;10014;22;;;10004.0;15564.0
-2;833500;INTARIAN_PEPPER_ROOT;10828;12;10825;21;;;10839;12;10842;21;;;10833.5;65900.0
-2;833600;ASH_COATED_OSMIUM;9995;12;;;;;10014;20;;;;;10004.5;15570.0
-2;833600;INTARIAN_PEPPER_ROOT;10828;10;10825;18;;;10840;10;10842;18;;;10834.0;65940.0
-2;833700;ASH_COATED_OSMIUM;9995;15;9992;26;;;10011;15;10013;26;;;10003.0;15552.0
-2;833700;INTARIAN_PEPPER_ROOT;10828;9;10825;24;;;10840;9;10842;24;;;10834.0;65940.0
-2;833800;ASH_COATED_OSMIUM;9993;22;;;;;10011;13;10014;22;;;10002.0;15540.0
-2;833800;INTARIAN_PEPPER_ROOT;10828;10;10825;25;;;10840;10;10842;25;;;10834.0;65940.0
-2;833900;ASH_COATED_OSMIUM;9992;23;;;;;10011;12;;;;;10001.5;15534.0
-2;833900;INTARIAN_PEPPER_ROOT;10828;9;10825;22;;;10840;9;10843;22;;;10834.0;65940.0
-2;834000;ASH_COATED_OSMIUM;9995;14;9992;24;;;10011;14;;;;;10003.0;15552.0
-2;834000;INTARIAN_PEPPER_ROOT;10828;12;10825;19;;;10840;12;10843;19;;;10834.0;65940.0
-2;834100;ASH_COATED_OSMIUM;9995;13;9992;28;;;10011;13;10013;28;;;10003.0;15552.0
-2;834100;INTARIAN_PEPPER_ROOT;10828;9;10825;17;;;10840;9;10843;17;;;10834.0;65940.0
-2;834200;ASH_COATED_OSMIUM;9995;11;9992;25;;;10011;11;10013;25;;;10003.0;15552.0
-2;834200;INTARIAN_PEPPER_ROOT;10837;8;10828;12;;;10840;12;10843;23;;;10838.5;66300.0
-2;834300;ASH_COATED_OSMIUM;9995;15;9993;22;;;10011;15;10014;22;;;10003.0;15587.0
-2;834300;INTARIAN_PEPPER_ROOT;10828;8;10826;19;;;10840;8;10843;19;;;10834.0;65940.0
-2;834400;ASH_COATED_OSMIUM;9995;13;9993;29;;;10011;13;10014;29;;;10003.0;15587.0
-2;834400;INTARIAN_PEPPER_ROOT;10828;11;;;;;10840;11;10843;24;;;10834.0;65940.0
-2;834500;ASH_COATED_OSMIUM;9995;10;9993;23;;;10005;4;10011;10;10014;23;10000.0;15566.0
-2;834500;INTARIAN_PEPPER_ROOT;10829;12;10826;17;;;10840;12;10843;17;;;10834.5;65980.0
-2;834600;ASH_COATED_OSMIUM;9995;15;;;;;10011;15;;;;;10003.0;15587.0
-2;834600;INTARIAN_PEPPER_ROOT;10829;10;10826;20;;;10841;10;10843;20;;;10835.0;66020.0
-2;834700;ASH_COATED_OSMIUM;9993;20;;;;;10011;15;10014;20;;;10002.0;15580.0
-2;834700;INTARIAN_PEPPER_ROOT;10826;18;;;;;10841;12;10843;18;;;10833.5;65900.0
-2;834800;ASH_COATED_OSMIUM;9995;12;9993;30;;;10014;30;;;;;10004.5;15597.5
-2;834800;INTARIAN_PEPPER_ROOT;10826;22;;;;;10841;8;10843;22;;;10833.5;65900.0
-2;834900;ASH_COATED_OSMIUM;10000;4;9995;14;;;10013;23;;;;;10006.5;15611.5
-2;834900;INTARIAN_PEPPER_ROOT;10829;12;10826;24;;;10844;24;;;;;10836.5;66140.0
-2;835000;ASH_COATED_OSMIUM;9993;26;;;;;10011;15;10014;26;;;10002.0;15580.0
-2;835000;INTARIAN_PEPPER_ROOT;10829;9;10826;19;;;10841;9;10844;19;;;10835.0;66020.0
-2;835100;ASH_COATED_OSMIUM;9995;14;9992;24;;;10011;14;;;;;10003.0;15587.0
-2;835100;INTARIAN_PEPPER_ROOT;10829;10;10826;18;;;10844;18;;;;;10836.5;66140.0
-2;835200;ASH_COATED_OSMIUM;9995;14;9992;28;;;10011;14;10013;28;;;10003.0;15601.0
-2;835200;INTARIAN_PEPPER_ROOT;;;;;;;10841;10;10844;23;;;10841.0;66500.0
-2;835300;ASH_COATED_OSMIUM;9992;27;;;;;10013;27;;;;;10002.5;15598.5
-2;835300;INTARIAN_PEPPER_ROOT;10829;8;10827;20;;;10841;8;10844;20;;;10835.0;66020.0
-2;835400;ASH_COATED_OSMIUM;9995;10;9992;29;;;10013;29;;;;;10004.0;15606.0
-2;835400;INTARIAN_PEPPER_ROOT;10829;9;10827;19;;;10841;9;10844;19;;;10835.0;66020.0
-2;835500;ASH_COATED_OSMIUM;9994;10;9992;29;;;10010;10;10013;29;;;10002.0;15596.0
-2;835500;INTARIAN_PEPPER_ROOT;10827;21;;;;;10841;8;10844;21;;;10834.0;65940.0
-2;835600;ASH_COATED_OSMIUM;9994;11;;;;;10010;11;10013;30;;;10002.0;15596.0
-2;835600;INTARIAN_PEPPER_ROOT;10830;10;10827;17;;;10842;10;10844;17;;;10836.0;66100.0
-2;835700;ASH_COATED_OSMIUM;9994;13;;;;;10013;20;;;;;10003.5;15603.5
-2;835700;INTARIAN_PEPPER_ROOT;10827;22;;;;;10842;12;10844;22;;;10834.5;65980.0
-2;835800;ASH_COATED_OSMIUM;9994;14;9991;30;;;10012;30;;;;;10003.0;15601.0
-2;835800;INTARIAN_PEPPER_ROOT;10830;8;10827;24;;;10842;8;10844;24;;;10836.0;66100.0
-2;835900;ASH_COATED_OSMIUM;;;;;;;10010;13;10013;25;;;10010.0;15636.0
-2;835900;INTARIAN_PEPPER_ROOT;10830;8;10827;15;;;10832;5;10842;8;10845;15;10831.0;65700.0
-2;836000;ASH_COATED_OSMIUM;9994;13;9991;25;;;10012;25;;;;;10003.0;15601.0
-2;836000;INTARIAN_PEPPER_ROOT;10830;9;10827;24;;;10842;9;10845;24;;;10836.0;66100.0
-2;836100;ASH_COATED_OSMIUM;9991;23;;;;;10010;14;;;;;10000.5;15588.5
-2;836100;INTARIAN_PEPPER_ROOT;10830;10;10827;20;;;10842;10;10845;20;;;10836.0;66100.0
-2;836200;ASH_COATED_OSMIUM;9994;14;9992;28;;;10004;5;10010;14;10013;28;9999.0;15581.0
-2;836200;INTARIAN_PEPPER_ROOT;10830;12;10828;15;;;10845;15;;;;;10837.5;66220.0
-2;836300;ASH_COATED_OSMIUM;9994;11;9991;23;;;10010;11;;;;;10002.0;15596.0
-2;836300;INTARIAN_PEPPER_ROOT;10830;9;10828;25;;;10842;9;10845;25;;;10836.0;66100.0
-2;836400;ASH_COATED_OSMIUM;9994;10;9991;21;;;10010;10;10012;21;;;10002.0;15596.0
-2;836400;INTARIAN_PEPPER_ROOT;10830;8;10828;22;;;10845;22;;;;;10837.5;66220.0
-2;836500;ASH_COATED_OSMIUM;9994;11;9991;23;;;10010;11;10012;23;;;10002.0;15596.0
-2;836500;INTARIAN_PEPPER_ROOT;10828;19;;;;;10842;11;10845;19;;;10835.0;66020.0
-2;836600;ASH_COATED_OSMIUM;9994;15;9992;25;;;10010;15;;;;;10002.0;15596.0
-2;836600;INTARIAN_PEPPER_ROOT;10828;18;;;;;10843;8;10845;18;;;10835.5;66060.0
-2;836700;ASH_COATED_OSMIUM;9992;29;;;;;10010;10;;;;;10001.0;15591.0
-2;836700;INTARIAN_PEPPER_ROOT;10828;24;;;;;10845;24;;;;;10836.5;66140.0
-2;836800;ASH_COATED_OSMIUM;9994;10;9992;23;;;10010;10;10013;23;;;10002.0;15596.0
-2;836800;INTARIAN_PEPPER_ROOT;10831;8;10828;18;;;10843;8;10845;18;;;10837.0;66180.0
-2;836900;ASH_COATED_OSMIUM;9995;10;9992;23;;;10011;10;10013;23;;;10003.0;15636.0
-2;836900;INTARIAN_PEPPER_ROOT;10828;20;;;;;;;;;;;10828.0;65460.0
-2;837000;ASH_COATED_OSMIUM;9996;13;9993;27;;;10014;27;;;;;10005.0;15688.0
-2;837000;INTARIAN_PEPPER_ROOT;10831;12;10828;20;;;10843;12;10846;20;;;10837.0;66180.0
-2;837100;ASH_COATED_OSMIUM;9995;13;9993;26;;;10011;13;;;;;10003.0;15676.0
-2;837100;INTARIAN_PEPPER_ROOT;10831;10;;;;;10843;10;10846;17;;;10837.0;66180.0
-2;837200;ASH_COATED_OSMIUM;9995;11;9993;30;;;10011;11;10014;30;;;10003.0;15676.0
-2;837200;INTARIAN_PEPPER_ROOT;10829;20;;;;;10843;11;10846;20;;;10836.0;66100.0
-2;837300;ASH_COATED_OSMIUM;9995;12;9992;30;;;10011;12;10013;30;;;10003.0;15676.0
-2;837300;INTARIAN_PEPPER_ROOT;10831;8;10829;16;;;10843;8;10846;16;;;10837.0;66180.0
-2;837400;ASH_COATED_OSMIUM;9995;12;9993;22;;;10011;12;10014;22;;;10003.0;15676.0
-2;837400;INTARIAN_PEPPER_ROOT;10831;12;10829;23;;;10843;12;;;;;10837.0;66180.0
-2;837500;ASH_COATED_OSMIUM;9995;15;;;;;10011;15;10014;28;;;10003.0;15676.0
-2;837500;INTARIAN_PEPPER_ROOT;10832;11;;;;;10843;11;10846;20;;;10837.5;66220.0
-2;837600;ASH_COATED_OSMIUM;9995;15;;;;;;;;;;;9995.0;15628.0
-2;837600;INTARIAN_PEPPER_ROOT;10832;8;10829;16;;;10844;8;10846;16;;;10838.0;66260.0
-2;837700;ASH_COATED_OSMIUM;9995;10;9993;29;;;10011;10;10014;29;;;10003.0;15676.0
-2;837700;INTARIAN_PEPPER_ROOT;10832;9;10829;18;;;10846;18;;;;;10839.0;66340.0
-2;837800;ASH_COATED_OSMIUM;9995;10;9993;22;;;10011;10;10014;22;;;10003.0;15676.0
-2;837800;INTARIAN_PEPPER_ROOT;10832;8;;;;;10839;8;10844;8;10846;22;10835.5;66060.0
-2;837900;ASH_COATED_OSMIUM;9994;14;9992;27;;;10013;27;;;;;10003.5;15679.0
-2;837900;INTARIAN_PEPPER_ROOT;10832;8;10829;23;;;10844;8;10847;23;;;10838.0;66260.0
-2;838000;ASH_COATED_OSMIUM;9994;12;9992;20;;;10010;12;10013;20;;;10002.0;15670.0
-2;838000;INTARIAN_PEPPER_ROOT;10832;8;;;;;10844;8;10847;22;;;10838.0;66260.0
-2;838100;ASH_COATED_OSMIUM;9994;10;9992;25;;;10010;10;;;;;10002.0;15670.0
-2;838100;INTARIAN_PEPPER_ROOT;10829;24;;;;;10844;11;10847;24;;;10836.5;66140.0
-2;838200;ASH_COATED_OSMIUM;9995;10;;;;;10011;10;;;;;10003.0;15676.0
-2;838200;INTARIAN_PEPPER_ROOT;10832;10;;;;;10844;10;10847;19;;;10838.0;66260.0
-2;838300;ASH_COATED_OSMIUM;9995;11;9992;26;;;10011;11;10013;26;;;10003.0;15676.0
-2;838300;INTARIAN_PEPPER_ROOT;10832;12;10830;22;;;10844;12;10847;22;;;10838.0;66260.0
-2;838400;ASH_COATED_OSMIUM;9995;12;9992;23;;;10011;12;10013;23;;;10003.0;15676.0
-2;838400;INTARIAN_PEPPER_ROOT;10832;9;10830;24;;;10844;9;10847;24;;;10838.0;66260.0
-2;838500;ASH_COATED_OSMIUM;9995;12;9992;21;;;10013;21;;;;;10004.0;15682.0
-2;838500;INTARIAN_PEPPER_ROOT;10833;11;;;;;10844;11;10847;15;;;10838.5;66300.0
-2;838600;ASH_COATED_OSMIUM;9995;11;9992;21;;;10013;21;;;;;10004.0;15682.0
-2;838600;INTARIAN_PEPPER_ROOT;10830;17;;;;;10845;8;10847;17;;;10837.5;66220.0
-2;838700;ASH_COATED_OSMIUM;9995;11;9992;26;;;10013;26;;;;;10004.0;15682.0
-2;838700;INTARIAN_PEPPER_ROOT;10833;8;10830;19;;;10845;8;;;;;10839.0;66340.0
-2;838800;ASH_COATED_OSMIUM;9994;11;9992;29;;;10010;11;10013;29;;;10002.0;15670.0
-2;838800;INTARIAN_PEPPER_ROOT;10830;23;;;;;10847;23;;;;;10838.5;66300.0
-2;838900;ASH_COATED_OSMIUM;9994;12;;;;;;;;;;;9994.0;15622.0
-2;838900;INTARIAN_PEPPER_ROOT;10833;9;10830;20;;;10845;9;10848;20;;;10839.0;66340.0
-2;839000;ASH_COATED_OSMIUM;9994;14;9992;26;;;10010;14;10013;26;;;10002.0;15670.0
-2;839000;INTARIAN_PEPPER_ROOT;10833;12;10830;18;;;10845;12;10848;18;;;10839.0;66340.0
-2;839100;ASH_COATED_OSMIUM;9994;14;9991;20;;;10010;14;10012;20;;;10002.0;15670.0
-2;839100;INTARIAN_PEPPER_ROOT;10833;12;10830;20;;;10845;12;10848;20;;;10839.0;66340.0
-2;839200;ASH_COATED_OSMIUM;9994;14;9991;30;;;10012;30;;;;;10003.0;15676.0
-2;839200;INTARIAN_PEPPER_ROOT;;;;;;;10835;5;10845;9;;;10835.0;66020.0
-2;839300;ASH_COATED_OSMIUM;9991;30;;;;;10010;11;10012;30;;;10000.5;15661.0
-2;839300;INTARIAN_PEPPER_ROOT;10833;8;10831;24;;;10845;8;;;;;10839.0;66340.0
-2;839400;ASH_COATED_OSMIUM;9994;10;9991;26;;;9999;8;10010;10;10012;26;9996.5;15617.0
-2;839400;INTARIAN_PEPPER_ROOT;10831;18;;;;;10845;8;10848;18;;;10838.0;66260.0
-2;839500;ASH_COATED_OSMIUM;9993;10;;;;;10009;10;10012;26;;;10001.0;15680.0
-2;839500;INTARIAN_PEPPER_ROOT;10834;8;10831;19;;;10845;8;10848;19;;;10839.5;66380.0
-2;839600;ASH_COATED_OSMIUM;9991;25;;;;;10010;14;10012;25;;;10000.5;15673.0
-2;839600;INTARIAN_PEPPER_ROOT;10831;20;;;;;10846;9;10848;20;;;10838.5;66300.0
-2;839700;ASH_COATED_OSMIUM;9994;13;9992;22;;;10010;13;10013;22;;;10002.0;15694.0
-2;839700;INTARIAN_PEPPER_ROOT;10831;23;;;;;10846;11;10848;23;;;10838.5;66300.0
-2;839800;ASH_COATED_OSMIUM;9995;15;9992;20;;;10013;20;;;;;10004.0;15722.0
-2;839800;INTARIAN_PEPPER_ROOT;10834;9;10831;22;;;10846;9;10848;22;;;10840.0;66420.0
-2;839900;ASH_COATED_OSMIUM;9994;13;9992;29;;;10010;13;10013;29;;;10002.0;15694.0
-2;839900;INTARIAN_PEPPER_ROOT;10834;12;10831;18;;;10846;12;;;;;10840.0;66420.0
-2;840000;ASH_COATED_OSMIUM;9994;10;9992;24;;;10010;10;10013;24;;;10002.0;15729.0
-2;840000;INTARIAN_PEPPER_ROOT;10834;8;;;;;10846;8;10849;23;;;10840.0;66420.0
-2;840100;ASH_COATED_OSMIUM;9994;13;9992;23;;;10010;13;10013;23;;;10002.0;15729.0
-2;840100;INTARIAN_PEPPER_ROOT;10831;22;;;;;10846;9;;;;;10838.5;66300.0
-2;840200;ASH_COATED_OSMIUM;9994;14;9992;20;;;10013;20;;;;;10003.5;15742.5
-2;840200;INTARIAN_PEPPER_ROOT;10832;15;;;;;10846;8;10849;15;;;10839.0;66340.0
-2;840300;ASH_COATED_OSMIUM;10001;4;9995;12;9993;21;10011;12;10014;21;;;10006.0;15765.0
-2;840300;INTARIAN_PEPPER_ROOT;10834;8;10832;20;;;10846;8;10849;20;;;10840.0;66420.0
-2;840400;ASH_COATED_OSMIUM;;;;;;;10011;11;10014;30;;;10011.0;15810.0
-2;840400;INTARIAN_PEPPER_ROOT;10834;10;;;;;10846;10;10849;17;;;10840.0;66420.0
-2;840500;ASH_COATED_OSMIUM;9995;11;;;;;10011;11;10013;22;;;10003.0;15738.0
-2;840500;INTARIAN_PEPPER_ROOT;10835;11;10832;23;;;10846;11;10849;23;;;10840.5;66460.0
-2;840600;ASH_COATED_OSMIUM;9992;27;;;;;10013;27;;;;;10002.5;15733.5
-2;840600;INTARIAN_PEPPER_ROOT;10835;10;10832;16;;;10847;10;;;;;10841.0;66500.0
-2;840700;ASH_COATED_OSMIUM;;;;;;;10011;15;10013;25;;;10011.0;15810.0
-2;840700;INTARIAN_PEPPER_ROOT;10835;9;10832;20;;;10847;9;10849;20;;;10841.0;66500.0
-2;840800;ASH_COATED_OSMIUM;9995;13;9993;30;;;10011;13;10014;30;;;10003.0;15738.0
-2;840800;INTARIAN_PEPPER_ROOT;10835;10;10832;21;;;10847;10;10849;21;;;10841.0;66500.0
-2;840900;ASH_COATED_OSMIUM;9995;11;9992;30;;;10011;11;;;;;10003.0;15738.0
-2;840900;INTARIAN_PEPPER_ROOT;10835;10;10832;17;;;10847;10;10850;17;;;10841.0;66500.0
-2;841000;ASH_COATED_OSMIUM;9995;13;9993;28;;;10011;13;;;;;10003.0;15738.0
-2;841000;INTARIAN_PEPPER_ROOT;10835;10;10832;15;;;10847;10;10850;15;;;10841.0;66500.0
-2;841100;ASH_COATED_OSMIUM;9995;11;9993;23;;;10011;11;10014;23;;;10003.0;15773.0
-2;841100;INTARIAN_PEPPER_ROOT;10835;11;10832;23;;;10847;11;10850;23;;;10841.0;66500.0
-2;841200;ASH_COATED_OSMIUM;9995;11;9993;22;;;10014;22;;;;;10004.5;15794.0
-2;841200;INTARIAN_PEPPER_ROOT;10835;9;;;;;10850;17;;;;;10842.5;66620.0
-2;841300;ASH_COATED_OSMIUM;9996;15;9993;23;;;10012;15;10014;23;;;10004.0;15787.0
-2;841300;INTARIAN_PEPPER_ROOT;10835;11;10833;19;;;10847;11;10850;19;;;10841.0;66500.0
-2;841400;ASH_COATED_OSMIUM;9994;23;;;;;10012;14;;;;;10003.0;15773.0
-2;841400;INTARIAN_PEPPER_ROOT;10835;12;10833;23;;;10850;23;;;;;10842.5;66620.0
-2;841500;ASH_COATED_OSMIUM;9996;15;9993;26;;;10012;15;10014;26;;;10004.0;15787.0
-2;841500;INTARIAN_PEPPER_ROOT;10836;10;10833;25;;;10847;10;10850;25;;;10841.5;66540.0
-2;841600;ASH_COATED_OSMIUM;9996;13;9993;28;;;10012;13;10014;28;;;10004.0;15787.0
-2;841600;INTARIAN_PEPPER_ROOT;10836;8;10833;24;;;10848;8;10850;24;;;10842.0;66580.0
-2;841700;ASH_COATED_OSMIUM;9996;10;9993;25;;;;;;;;;9996.0;15675.0
-2;841700;INTARIAN_PEPPER_ROOT;10836;9;;;;;10848;9;10850;17;;;10842.0;66580.0
-2;841800;ASH_COATED_OSMIUM;9994;24;;;;;10012;14;10015;24;;;10003.0;15773.0
-2;841800;INTARIAN_PEPPER_ROOT;10836;8;;;;;10850;23;;;;;10843.0;66660.0
-2;841900;ASH_COATED_OSMIUM;9995;14;9993;23;;;10011;14;10014;23;;;10003.0;15773.0
-2;841900;INTARIAN_PEPPER_ROOT;10836;9;10833;18;;;10851;18;;;;;10843.5;66700.0
-2;842000;ASH_COATED_OSMIUM;9996;13;9993;24;;;10012;13;10014;24;;;10004.0;15787.0
-2;842000;INTARIAN_PEPPER_ROOT;10836;9;10833;25;;;10848;9;10851;25;;;10842.0;66580.0
-2;842100;ASH_COATED_OSMIUM;9996;12;;;;;10012;12;10014;20;;;10004.0;15787.0
-2;842100;INTARIAN_PEPPER_ROOT;10836;9;10833;22;;;10848;9;10851;22;;;10842.0;66580.0
-2;842200;ASH_COATED_OSMIUM;9996;10;9993;26;;;10012;10;10014;26;;;10004.0;15822.0
-2;842200;INTARIAN_PEPPER_ROOT;10836;8;10834;20;;;10848;8;10851;20;;;10842.0;66580.0
-2;842300;ASH_COATED_OSMIUM;9996;13;9993;28;;;10012;13;10014;28;;;10004.0;15822.0
-2;842300;INTARIAN_PEPPER_ROOT;10834;23;;;;;10848;12;10851;23;;;10841.0;66500.0
-2;842400;ASH_COATED_OSMIUM;;;;;;;10012;12;;;;;10012.0;15974.0
-2;842400;INTARIAN_PEPPER_ROOT;10845;6;10836;8;10834;24;10851;24;;;;;10848.0;67060.0
-2;842500;ASH_COATED_OSMIUM;9996;12;9993;26;;;10012;12;;;;;10004.0;15822.0
-2;842500;INTARIAN_PEPPER_ROOT;10837;11;10834;25;;;10848;11;10851;25;;;10842.5;66620.0
-2;842600;ASH_COATED_OSMIUM;9996;14;9994;27;;;10012;14;10015;27;;;10004.0;15822.0
-2;842600;INTARIAN_PEPPER_ROOT;10837;8;10834;25;;;10849;8;10851;25;;;10843.0;66660.0
-2;842700;ASH_COATED_OSMIUM;9996;11;9993;24;;;10014;24;;;;;10005.0;15841.0
-2;842700;INTARIAN_PEPPER_ROOT;10837;9;;;;;10849;9;10851;24;;;10843.0;66660.0
-2;842800;ASH_COATED_OSMIUM;9996;13;;;;;10012;13;;;;;10004.0;15822.0
-2;842800;INTARIAN_PEPPER_ROOT;10837;10;;;;;10849;10;10851;20;;;10843.0;66660.0
-2;842900;ASH_COATED_OSMIUM;9996;14;;;;;10012;14;10014;30;;;10004.0;15822.0
-2;842900;INTARIAN_PEPPER_ROOT;10834;15;;;;;10849;11;10852;15;;;10841.5;66540.0
-2;843000;ASH_COATED_OSMIUM;9995;10;9993;25;;;10011;10;10014;25;;;10003.0;15803.0
-2;843000;INTARIAN_PEPPER_ROOT;10837;8;10834;19;;;10839;7;10849;8;10852;19;10838.0;66260.0
-2;843100;ASH_COATED_OSMIUM;9995;14;9993;24;;;10011;14;10014;24;;;10003.0;15803.0
-2;843100;INTARIAN_PEPPER_ROOT;10837;11;10834;24;;;10849;11;;;;;10843.0;66660.0
-2;843200;ASH_COATED_OSMIUM;;;;;;;10012;15;10014;23;;;10012.0;15974.0
-2;843200;INTARIAN_PEPPER_ROOT;10837;10;10835;16;;;10849;10;10852;16;;;10843.0;66660.0
-2;843300;ASH_COATED_OSMIUM;9995;11;9993;30;;;10011;11;10014;30;;;10003.0;15803.0
-2;843300;INTARIAN_PEPPER_ROOT;10837;8;;;;;10852;19;;;;;10844.5;66780.0
-2;843400;ASH_COATED_OSMIUM;9995;14;9993;23;;;10001;5;10011;14;10014;23;9998.0;15693.0
-2;843400;INTARIAN_PEPPER_ROOT;10837;8;10835;20;;;10849;8;10852;20;;;10843.0;66660.0
-2;843500;ASH_COATED_OSMIUM;9995;10;9993;23;;;10011;10;10014;23;;;10003.0;15813.0
-2;843500;INTARIAN_PEPPER_ROOT;10835;22;;;;;10849;11;10852;22;;;10842.0;66580.0
-2;843600;ASH_COATED_OSMIUM;;;;;;;10011;13;10014;27;;;10011.0;16005.0
-2;843600;INTARIAN_PEPPER_ROOT;10838;9;10835;16;;;10852;16;;;;;10845.0;66820.0
-2;843700;ASH_COATED_OSMIUM;9996;14;;;;;10012;14;10014;23;;;10004.0;15837.0
-2;843700;INTARIAN_PEPPER_ROOT;10838;8;10835;22;;;10852;22;;;;;10845.0;66820.0
-2;843800;ASH_COATED_OSMIUM;9996;15;9993;21;;;10012;15;;;;;10004.0;15837.0
-2;843800;INTARIAN_PEPPER_ROOT;10838;8;10835;21;;;10850;8;;;;;10844.0;66740.0
-2;843900;ASH_COATED_OSMIUM;9996;14;9993;20;;;10012;14;10014;20;;;10004.0;15837.0
-2;843900;INTARIAN_PEPPER_ROOT;10838;12;10835;15;;;10850;12;10853;15;;;10844.0;66740.0
-2;844000;ASH_COATED_OSMIUM;9996;10;;;;;10012;10;10014;25;;;10004.0;15837.0
-2;844000;INTARIAN_PEPPER_ROOT;10838;9;10835;15;;;10850;9;10853;15;;;10844.0;66740.0
-2;844100;ASH_COATED_OSMIUM;9996;12;9993;22;;;10012;12;10014;22;;;10004.0;15837.0
-2;844100;INTARIAN_PEPPER_ROOT;10838;9;10835;16;;;10850;9;10853;16;;;10844.0;66740.0
-2;844200;ASH_COATED_OSMIUM;9995;15;9993;29;;;10011;15;;;;;10003.0;15813.0
-2;844200;INTARIAN_PEPPER_ROOT;10838;8;10836;25;;;10850;8;10853;25;;;10844.0;66740.0
-2;844300;ASH_COATED_OSMIUM;9995;13;;;;;10011;13;10014;26;;;10003.0;15813.0
-2;844300;INTARIAN_PEPPER_ROOT;10838;10;10836;17;;;10850;10;10853;17;;;10844.0;66740.0
-2;844400;ASH_COATED_OSMIUM;9995;10;9993;30;;;10011;10;10014;30;;;10003.0;15813.0
-2;844400;INTARIAN_PEPPER_ROOT;10838;8;;;;;10841;8;10853;20;;;10839.5;66380.0
-2;844500;ASH_COATED_OSMIUM;9995;15;;;;;10011;15;;;;;10003.0;15813.0
-2;844500;INTARIAN_PEPPER_ROOT;10839;10;10836;21;;;10850;10;10853;21;;;10844.5;66780.0
-2;844600;ASH_COATED_OSMIUM;9995;11;9993;27;;;;;;;;;9995.0;15621.0
-2;844600;INTARIAN_PEPPER_ROOT;10839;9;10836;15;;;10851;9;10853;15;;;10845.0;66820.0
-2;844700;ASH_COATED_OSMIUM;9993;21;;;;;10011;12;10014;21;;;10002.0;15789.0
-2;844700;INTARIAN_PEPPER_ROOT;10839;9;10836;15;;;10851;9;;;;;10845.0;66820.0
-2;844800;ASH_COATED_OSMIUM;10005;6;9995;15;9993;26;10011;15;10014;26;;;10008.0;15915.0
-2;844800;INTARIAN_PEPPER_ROOT;10836;16;;;;;10851;8;10853;16;;;10843.5;66700.0
-2;844900;ASH_COATED_OSMIUM;9996;15;9993;29;;;10012;15;10014;29;;;10004.0;15843.0
-2;844900;INTARIAN_PEPPER_ROOT;10839;8;10836;19;;;10851;8;10854;19;;;10845.0;66820.0
-2;845000;ASH_COATED_OSMIUM;9993;24;;;;;10014;24;;;;;10003.5;15834.0
-2;845000;INTARIAN_PEPPER_ROOT;10839;10;;;;;10851;10;10854;17;;;10845.0;66820.0
-2;845100;ASH_COATED_OSMIUM;9995;12;9993;26;;;10011;12;10014;26;;;10003.0;15825.0
-2;845100;INTARIAN_PEPPER_ROOT;10836;25;;;;;10851;8;10854;25;;;10843.5;66700.0
-2;845200;ASH_COATED_OSMIUM;9995;10;9993;30;;;10011;10;;;;;10003.0;15825.0
-2;845200;INTARIAN_PEPPER_ROOT;;;;;;;;;;;;;0.0;-800780.0
-2;845300;ASH_COATED_OSMIUM;9995;14;9993;27;;;10011;14;10014;27;;;10003.0;15825.0
-2;845300;INTARIAN_PEPPER_ROOT;10839;11;10837;23;;;10851;11;10854;23;;;10845.0;66820.0
-2;845400;ASH_COATED_OSMIUM;10005;4;9995;15;9993;24;10014;24;;;;;10009.5;15924.0
-2;845400;INTARIAN_PEPPER_ROOT;10839;12;;;;;10851;12;10854;19;;;10845.0;66820.0
-2;845500;ASH_COATED_OSMIUM;9996;10;9993;23;;;;;;;;;9996.0;15735.0
-2;845500;INTARIAN_PEPPER_ROOT;10840;9;;;;;10851;9;10854;22;;;10845.5;66860.0
-2;845600;ASH_COATED_OSMIUM;9995;10;9992;28;;;10011;10;10013;28;;;10003.0;15833.0
-2;845600;INTARIAN_PEPPER_ROOT;10840;11;10837;16;;;10852;11;10854;16;;;10846.0;66900.0
-2;845700;ASH_COATED_OSMIUM;9995;12;9993;24;;;10011;12;;;;;10003.0;15833.0
-2;845700;INTARIAN_PEPPER_ROOT;10840;10;;;;;10854;23;;;;;10847.0;66980.0
-2;845800;ASH_COATED_OSMIUM;9995;13;9992;24;;;10004;4;10011;13;10013;24;9999.5;15784.0
-2;845800;INTARIAN_PEPPER_ROOT;10837;16;;;;;10852;8;10854;16;;;10844.5;66780.0
-2;845900;ASH_COATED_OSMIUM;9995;11;9992;20;;;10011;11;10013;20;;;10003.0;15833.0
-2;845900;INTARIAN_PEPPER_ROOT;10837;19;;;;;10848;10;10852;11;10855;19;10842.5;66620.0
-2;846000;ASH_COATED_OSMIUM;9995;12;;;;;10013;26;;;;;10004.0;15847.0
-2;846000;INTARIAN_PEPPER_ROOT;10840;12;;;;;;;;;;;10840.0;66420.0
-2;846100;ASH_COATED_OSMIUM;9995;12;9993;21;;;10011;12;10014;21;;;10003.0;15833.0
-2;846100;INTARIAN_PEPPER_ROOT;10837;20;;;;;10852;12;10855;20;;;10844.5;66780.0
-2;846200;ASH_COATED_OSMIUM;10005;8;9995;11;;;10011;11;10014;28;;;10008.0;15879.0
-2;846200;INTARIAN_PEPPER_ROOT;10840;10;10838;15;;;10852;10;10855;15;;;10846.0;66900.0
-2;846300;ASH_COATED_OSMIUM;9992;27;;;;;10011;12;10013;27;;;10001.5;15882.5
-2;846300;INTARIAN_PEPPER_ROOT;;;;;;;;;;;;;0.0;-800780.0
-2;846400;ASH_COATED_OSMIUM;9995;15;9993;26;;;10014;26;;;;;10004.5;15885.5
-2;846400;INTARIAN_PEPPER_ROOT;10840;11;10838;20;;;10852;11;10855;20;;;10846.0;66900.0
-2;846500;ASH_COATED_OSMIUM;9993;29;;;;;10012;14;;;;;10002.5;15883.5
-2;846500;INTARIAN_PEPPER_ROOT;10838;20;;;;;10852;10;10855;20;;;10845.0;66820.0
-2;846600;ASH_COATED_OSMIUM;9996;11;;;;;10012;11;;;;;10004.0;15885.0
-2;846600;INTARIAN_PEPPER_ROOT;10841;8;10838;24;;;10853;8;10855;24;;;10847.0;66980.0
-2;846700;ASH_COATED_OSMIUM;9996;11;;;;;10012;11;10014;25;;;10004.0;15885.0
-2;846700;INTARIAN_PEPPER_ROOT;10841;9;10838;24;;;10853;9;10855;24;;;10847.0;66980.0
-2;846800;ASH_COATED_OSMIUM;9996;14;9993;24;;;;;;;;;9996.0;15877.0
-2;846800;INTARIAN_PEPPER_ROOT;10841;11;10838;18;;;10855;18;;;;;10848.0;67060.0
-2;846900;ASH_COATED_OSMIUM;9996;14;9993;27;;;10012;14;;;;;10004.0;15885.0
-2;846900;INTARIAN_PEPPER_ROOT;10841;12;;;;;10856;18;;;;;10848.5;67100.0
-2;847000;ASH_COATED_OSMIUM;9996;12;9994;28;;;10012;12;10015;28;;;10004.0;15885.0
-2;847000;INTARIAN_PEPPER_ROOT;10841;12;10838;18;;;10853;12;10856;18;;;10847.0;66980.0
-2;847100;ASH_COATED_OSMIUM;9996;13;9993;22;;;10012;13;10014;22;;;10004.0;15885.0
-2;847100;INTARIAN_PEPPER_ROOT;10838;17;;;;;10856;17;;;;;10847.0;66980.0
-2;847200;ASH_COATED_OSMIUM;9996;10;;;;;10012;10;10014;21;;;10004.0;15885.0
-2;847200;INTARIAN_PEPPER_ROOT;10850;3;10841;12;10839;16;10853;12;10856;16;;;10851.5;67340.0
-2;847300;ASH_COATED_OSMIUM;9996;12;;;;;10015;25;;;;;10005.5;15886.5
-2;847300;INTARIAN_PEPPER_ROOT;10841;8;10839;23;;;10853;8;10856;23;;;10847.0;66980.0
-2;847400;ASH_COATED_OSMIUM;9996;10;9994;24;;;10012;10;10015;24;;;10004.0;15885.0
-2;847400;INTARIAN_PEPPER_ROOT;10841;8;10839;25;;;10853;8;10856;25;;;10847.0;66980.0
-2;847500;ASH_COATED_OSMIUM;9994;20;;;;;10012;15;10015;20;;;10003.0;15884.0
-2;847500;INTARIAN_PEPPER_ROOT;10839;21;;;;;10856;21;;;;;10847.5;67020.0
-2;847600;ASH_COATED_OSMIUM;9997;14;9994;23;;;10013;14;;;;;10005.0;15886.0
-2;847600;INTARIAN_PEPPER_ROOT;10842;10;10839;21;;;10854;10;10856;21;;;10848.0;67060.0
-2;847700;ASH_COATED_OSMIUM;9997;10;9995;30;;;10013;10;10016;30;;;10005.0;15886.0
-2;847700;INTARIAN_PEPPER_ROOT;10842;12;10839;15;;;10854;12;10856;15;;;10848.0;67060.0
-2;847800;ASH_COATED_OSMIUM;9995;27;;;;;10013;11;10016;27;;;10004.0;15885.0
-2;847800;INTARIAN_PEPPER_ROOT;10839;22;;;;;10854;12;;;;;10846.5;66940.0
-2;847900;ASH_COATED_OSMIUM;10003;4;9997;10;;;10013;10;10016;22;;;10008.0;15889.0
-2;847900;INTARIAN_PEPPER_ROOT;10842;12;10839;24;;;10857;24;;;;;10849.5;67180.0
-2;848000;ASH_COATED_OSMIUM;9995;23;;;;;10016;23;;;;;10005.5;15886.5
-2;848000;INTARIAN_PEPPER_ROOT;10839;22;;;;;10857;22;;;;;10848.0;67060.0
-2;848100;ASH_COATED_OSMIUM;9994;28;;;;;10013;12;10015;28;;;10003.5;15884.5
-2;848100;INTARIAN_PEPPER_ROOT;10842;8;;;;;10854;8;10857;25;;;10848.0;67060.0
-2;848200;ASH_COATED_OSMIUM;9994;23;;;;;10013;14;10015;23;;;10003.5;15884.5
-2;848200;INTARIAN_PEPPER_ROOT;10842;9;10840;17;;;10857;17;;;;;10849.5;67180.0
-2;848300;ASH_COATED_OSMIUM;9996;10;9994;30;;;10012;10;10015;30;;;10004.0;15885.0
-2;848300;INTARIAN_PEPPER_ROOT;10842;9;;;;;10857;18;;;;;10849.5;67180.0
-2;848400;ASH_COATED_OSMIUM;9996;10;9994;26;;;10012;10;10015;26;;;10004.0;15885.0
-2;848400;INTARIAN_PEPPER_ROOT;10842;8;;;;;10854;8;10857;15;;;10848.0;67060.0
-2;848500;ASH_COATED_OSMIUM;9996;14;9994;24;;;10012;14;;;;;10004.0;15885.0
-2;848500;INTARIAN_PEPPER_ROOT;10843;10;10840;21;;;10854;10;10857;21;;;10848.5;67100.0
-2;848600;ASH_COATED_OSMIUM;9997;13;9994;27;;;10015;27;;;;;10006.0;15887.0
-2;848600;INTARIAN_PEPPER_ROOT;10843;10;10840;20;;;10857;20;;;;;10850.0;67220.0
-2;848700;ASH_COATED_OSMIUM;9997;13;;;;;10013;13;10015;23;;;10005.0;15886.0
-2;848700;INTARIAN_PEPPER_ROOT;10843;10;10840;19;;;10855;10;10857;19;;;10849.0;67140.0
-2;848800;ASH_COATED_OSMIUM;9997;12;;;;;10007;2;10016;25;;;10002.0;15883.0
-2;848800;INTARIAN_PEPPER_ROOT;10840;17;;;;;10855;10;10857;17;;;10847.5;67020.0
-2;848900;ASH_COATED_OSMIUM;9997;13;9995;26;;;10013;13;10016;26;;;10005.0;15886.0
-2;848900;INTARIAN_PEPPER_ROOT;10843;10;10840;19;;;10858;19;;;;;10850.5;67260.0
-2;849000;ASH_COATED_OSMIUM;9994;27;;;;;10012;15;10015;27;;;10003.0;15884.0
-2;849000;INTARIAN_PEPPER_ROOT;10843;12;10840;19;;;10855;12;10858;19;;;10849.0;67140.0
-2;849100;ASH_COATED_OSMIUM;9996;12;9994;26;;;10012;12;;;;;10004.0;15885.0
-2;849100;INTARIAN_PEPPER_ROOT;10843;11;10840;22;;;10858;22;;;;;10850.5;67260.0
-2;849200;ASH_COATED_OSMIUM;9996;12;9994;29;;;10012;12;10015;29;;;10004.0;15885.0
-2;849200;INTARIAN_PEPPER_ROOT;10843;9;10841;16;;;10858;16;;;;;10850.5;67260.0
-2;849300;ASH_COATED_OSMIUM;9994;21;;;;;10015;21;;;;;10004.5;15885.5
-2;849300;INTARIAN_PEPPER_ROOT;10841;20;;;;;10855;8;10858;20;;;10848.0;67060.0
-2;849400;ASH_COATED_OSMIUM;9994;27;;;;;10012;15;10015;27;;;10003.0;15884.0
-2;849400;INTARIAN_PEPPER_ROOT;10843;12;10841;18;;;;;;;;;10843.0;66660.0
-2;849500;ASH_COATED_OSMIUM;9996;13;;;;;10012;13;10015;23;;;10004.0;15885.0
-2;849500;INTARIAN_PEPPER_ROOT;10844;12;;;;;;;;;;;10844.0;66740.0
-2;849600;ASH_COATED_OSMIUM;;;;;;;10012;10;10015;22;;;10012.0;15893.0
-2;849600;INTARIAN_PEPPER_ROOT;10844;8;10841;16;;;10856;8;10858;16;;;10850.0;67220.0
-2;849700;ASH_COATED_OSMIUM;9996;13;;;;;10015;29;;;;;10005.5;15886.5
-2;849700;INTARIAN_PEPPER_ROOT;10844;10;;;;;10856;10;10858;17;;;10850.0;67220.0
-2;849800;ASH_COATED_OSMIUM;9996;12;9994;23;;;10012;12;10015;23;;;10004.0;15885.0
-2;849800;INTARIAN_PEPPER_ROOT;10844;9;10841;16;;;10856;9;10858;16;;;10850.0;67220.0
-2;849900;ASH_COATED_OSMIUM;9996;14;;;;;10012;14;10014;28;;;10004.0;15885.0
-2;849900;INTARIAN_PEPPER_ROOT;;;;;;;10852;5;10856;8;10859;23;10852.0;67380.0
-2;850000;ASH_COATED_OSMIUM;9996;13;;;;;10012;13;10015;28;;;10004.0;15955.0
-2;850000;INTARIAN_PEPPER_ROOT;10844;9;10841;25;;;10856;9;10859;25;;;10850.0;67220.0
-2;850100;ASH_COATED_OSMIUM;9996;15;9993;23;;;10012;15;10014;23;;;10004.0;15955.0
-2;850100;INTARIAN_PEPPER_ROOT;10844;10;10841;23;;;10859;23;;;;;10851.5;67340.0
-2;850200;ASH_COATED_OSMIUM;;;;;;;10014;29;;;;;10014.0;16065.0
-2;850200;INTARIAN_PEPPER_ROOT;10844;8;10842;24;;;10859;24;;;;;10851.5;67340.0
-2;850300;ASH_COATED_OSMIUM;9996;15;9993;26;;;10012;15;10014;26;;;10004.0;15955.0
-2;850300;INTARIAN_PEPPER_ROOT;10842;21;;;;;10859;21;;;;;10850.5;67260.0
-2;850400;ASH_COATED_OSMIUM;9995;14;9993;24;;;10014;24;;;;;10004.5;15960.5
-2;850400;INTARIAN_PEPPER_ROOT;10844;12;10842;23;;;;;;;;;10844.0;66740.0
-2;850500;ASH_COATED_OSMIUM;9995;11;9993;25;;;10011;11;10014;25;;;10003.0;15944.0
-2;850500;INTARIAN_PEPPER_ROOT;10845;10;10842;20;;;10859;20;;;;;10852.0;67380.0
-2;850600;ASH_COATED_OSMIUM;9992;22;;;;;10011;12;10014;22;;;10001.5;15953.0
-2;850600;INTARIAN_PEPPER_ROOT;10845;12;10842;18;;;10852;12;;;;;10848.5;67100.0
-2;850700;ASH_COATED_OSMIUM;9994;10;9992;26;;;10010;10;10013;26;;;10002.0;15960.0
-2;850700;INTARIAN_PEPPER_ROOT;10842;21;;;;;10859;21;;;;;10850.5;67260.0
-2;850800;ASH_COATED_OSMIUM;9994;12;9992;28;;;10010;12;10013;28;;;10002.0;15960.0
-2;850800;INTARIAN_PEPPER_ROOT;10845;12;10842;16;;;10857;12;10859;16;;;10851.0;67300.0
-2;850900;ASH_COATED_OSMIUM;9994;14;9992;25;;;10010;14;10013;25;;;10002.0;15960.0
-2;850900;INTARIAN_PEPPER_ROOT;10845;10;;;;;10857;10;10860;24;;;10851.0;67300.0
-2;851000;ASH_COATED_OSMIUM;10000;3;9994;13;;;10013;27;;;;;10006.5;16023.0
-2;851000;INTARIAN_PEPPER_ROOT;10845;8;10842;20;;;10857;8;10860;20;;;10851.0;67300.0
-2;851100;ASH_COATED_OSMIUM;9992;27;;;;;10013;27;;;;;10002.5;15967.0
-2;851100;INTARIAN_PEPPER_ROOT;10845;9;10842;25;;;10857;9;10860;25;;;10851.0;67300.0
-2;851200;ASH_COATED_OSMIUM;9992;29;;;;;10011;10;10013;29;;;10001.5;16004.0
-2;851200;INTARIAN_PEPPER_ROOT;10843;18;;;;;10857;12;10860;18;;;10850.0;67220.0
-2;851300;ASH_COATED_OSMIUM;9992;26;;;;;10013;26;;;;;10002.5;16012.0
-2;851300;INTARIAN_PEPPER_ROOT;10845;8;10843;25;;;10857;8;10860;25;;;10851.0;67300.0
-2;851400;ASH_COATED_OSMIUM;;;;;;;10010;10;;;;;10010.0;16072.0
-2;851400;INTARIAN_PEPPER_ROOT;10843;19;;;;;10857;11;10860;19;;;10850.0;67220.0
-2;851500;ASH_COATED_OSMIUM;10001;4;9995;11;9993;25;10011;11;;;;;10006.0;16040.0
-2;851500;INTARIAN_PEPPER_ROOT;10846;11;10843;19;;;10860;19;;;;;10853.0;67460.0
-2;851600;ASH_COATED_OSMIUM;9993;28;;;;;10011;12;;;;;10002.0;16008.0
-2;851600;INTARIAN_PEPPER_ROOT;10843;16;;;;;10858;10;10860;16;;;10850.5;67260.0
-2;851700;ASH_COATED_OSMIUM;9995;13;9993;27;;;10014;27;;;;;10004.5;16028.0
-2;851700;INTARIAN_PEPPER_ROOT;10846;8;;;;;10858;8;10860;20;;;10852.0;67380.0
-2;851800;ASH_COATED_OSMIUM;9995;14;9992;20;;;10011;14;;;;;10003.0;16016.0
-2;851800;INTARIAN_PEPPER_ROOT;;;;;;;10860;20;;;;;10860.0;68020.0
-2;851900;ASH_COATED_OSMIUM;9995;11;9992;22;;;10011;11;10013;22;;;10003.0;16016.0
-2;851900;INTARIAN_PEPPER_ROOT;10846;11;10843;15;;;10858;11;10861;15;;;10852.0;67380.0
-2;852000;ASH_COATED_OSMIUM;9995;10;9992;26;;;10011;10;10013;26;;;10003.0;16016.0
-2;852000;INTARIAN_PEPPER_ROOT;10843;16;;;;;10858;10;10861;16;;;10850.5;67260.0
-2;852100;ASH_COATED_OSMIUM;9994;12;9992;24;;;10010;12;10013;24;;;10002.0;16008.0
-2;852100;INTARIAN_PEPPER_ROOT;10846;11;;;;;10858;11;;;;;10852.0;67380.0
-2;852200;ASH_COATED_OSMIUM;9994;13;9992;23;;;10010;13;10013;23;;;10002.0;16008.0
-2;852200;INTARIAN_PEPPER_ROOT;10846;11;10844;18;;;10858;11;10861;18;;;10852.0;67380.0
-2;852300;ASH_COATED_OSMIUM;9994;15;9992;21;;;10004;3;10010;15;10013;21;9999.0;15984.0
-2;852300;INTARIAN_PEPPER_ROOT;10846;10;10844;20;;;10858;10;10861;20;;;10852.0;67380.0
-2;852400;ASH_COATED_OSMIUM;9994;14;;;;;10010;14;10013;24;;;10002.0;16008.0
-2;852400;INTARIAN_PEPPER_ROOT;10844;21;;;;;10858;9;10861;21;;;10851.0;67300.0
-2;852500;ASH_COATED_OSMIUM;9995;15;9992;23;;;10011;15;10013;23;;;10003.0;16016.0
-2;852500;INTARIAN_PEPPER_ROOT;10847;10;;;;;10858;10;10861;23;;;10852.5;67420.0
-2;852600;ASH_COATED_OSMIUM;9995;10;9992;20;;;10011;10;10013;20;;;10003.0;16016.0
-2;852600;INTARIAN_PEPPER_ROOT;10847;8;10844;19;;;10861;19;;;;;10854.0;67540.0
-2;852700;ASH_COATED_OSMIUM;9995;14;9992;25;;;10011;14;10013;25;;;10003.0;16016.0
-2;852700;INTARIAN_PEPPER_ROOT;10847;12;10844;17;;;10859;12;10861;17;;;10853.0;67460.0
-2;852800;ASH_COATED_OSMIUM;9994;14;9992;26;;;10010;14;;;;;10002.0;16008.0
-2;852800;INTARIAN_PEPPER_ROOT;10847;8;;;;;10859;8;10861;19;;;10853.0;67460.0
-2;852900;ASH_COATED_OSMIUM;9994;14;9992;29;;;10010;14;10013;29;;;10002.0;16008.0
-2;852900;INTARIAN_PEPPER_ROOT;10847;11;10844;19;;;10859;11;10862;19;;;10853.0;67460.0
-2;853000;ASH_COATED_OSMIUM;9994;12;;;;;10013;25;;;;;10003.5;16020.0
-2;853000;INTARIAN_PEPPER_ROOT;10847;12;10844;19;;;10859;12;10862;19;;;10853.0;67460.0
-2;853100;ASH_COATED_OSMIUM;9994;12;9991;28;;;10010;12;10012;28;;;10002.0;16008.0
-2;853100;INTARIAN_PEPPER_ROOT;10847;11;10844;18;;;10859;11;10862;18;;;10853.0;67460.0
-2;853200;ASH_COATED_OSMIUM;9994;11;9991;24;;;10010;11;10012;24;;;10002.0;16008.0
-2;853200;INTARIAN_PEPPER_ROOT;10847;10;10845;25;;;10859;10;;;;;10853.0;67460.0
-2;853300;ASH_COATED_OSMIUM;9993;15;9990;28;;;10009;15;;;;;10001.0;16000.0
-2;853300;INTARIAN_PEPPER_ROOT;10847;11;;;;;10850;7;10859;11;;;10848.5;67100.0
-2;853400;ASH_COATED_OSMIUM;9993;13;9990;27;;;10009;13;10011;27;;;10001.0;16028.0
-2;853400;INTARIAN_PEPPER_ROOT;10847;12;10845;17;;;10859;12;10862;17;;;10853.0;67460.0
-2;853500;ASH_COATED_OSMIUM;9993;13;;;;;10009;13;10012;30;;;10001.0;16028.0
-2;853500;INTARIAN_PEPPER_ROOT;10845;16;;;;;10859;11;10862;16;;;10852.0;67380.0
-2;853600;ASH_COATED_OSMIUM;9993;13;9990;28;;;10009;13;10011;28;;;10001.0;16028.0
-2;853600;INTARIAN_PEPPER_ROOT;10848;9;;;;;10860;9;10862;17;;;10854.0;67540.0
-2;853700;ASH_COATED_OSMIUM;9993;12;9990;23;;;10009;12;10011;23;;;10001.0;16028.0
-2;853700;INTARIAN_PEPPER_ROOT;10848;12;10845;17;;;10860;12;;;;;10854.0;67540.0
-2;853800;ASH_COATED_OSMIUM;9993;14;9991;30;;;;;;;;;9993.0;15932.0
-2;853800;INTARIAN_PEPPER_ROOT;10848;9;10845;15;;;10860;9;10862;15;;;10854.0;67540.0
-2;853900;ASH_COATED_OSMIUM;9993;10;;;;;10009;10;10012;27;;;10001.0;16028.0
-2;853900;INTARIAN_PEPPER_ROOT;10848;9;10845;25;;;10863;25;;;;;10855.5;67660.0
-2;854000;ASH_COATED_OSMIUM;9993;15;;;;;10009;15;10012;21;;;10001.0;16028.0
-2;854000;INTARIAN_PEPPER_ROOT;10848;12;10845;25;;;10860;12;10863;25;;;10854.0;67540.0
-2;854100;ASH_COATED_OSMIUM;9993;13;9991;20;;;10009;13;10012;20;;;10001.0;16028.0
-2;854100;INTARIAN_PEPPER_ROOT;10848;9;10845;21;;;10863;21;;;;;10855.5;67660.0
-2;854200;ASH_COATED_OSMIUM;9993;13;9990;27;;;10011;27;;;;;10002.0;16040.0
-2;854200;INTARIAN_PEPPER_ROOT;10846;21;;;;;10860;8;10863;21;;;10853.0;67460.0
-2;854300;ASH_COATED_OSMIUM;9993;12;;;;;10012;25;;;;;10002.5;16046.0
-2;854300;INTARIAN_PEPPER_ROOT;10848;10;10846;23;;;10860;10;10863;23;;;10854.0;67540.0
-2;854400;ASH_COATED_OSMIUM;9991;20;;;;;10009;15;;;;;10000.0;16016.0
-2;854400;INTARIAN_PEPPER_ROOT;10848;9;10846;19;;;10860;9;10863;19;;;10854.0;67540.0
-2;854500;ASH_COATED_OSMIUM;9993;15;9991;28;;;10009;15;10012;28;;;10001.0;16028.0
-2;854500;INTARIAN_PEPPER_ROOT;10849;9;10846;18;;;10863;18;;;;;10856.0;67700.0
-2;854600;ASH_COATED_OSMIUM;9993;10;;;;;10009;10;10011;30;;;10001.0;16028.0
-2;854600;INTARIAN_PEPPER_ROOT;10849;8;10846;22;;;10861;8;10863;22;;;10855.0;67620.0
-2;854700;ASH_COATED_OSMIUM;9993;15;9991;22;;;10009;15;10012;22;;;10001.0;16028.0
-2;854700;INTARIAN_PEPPER_ROOT;10849;11;;;;;10863;21;;;;;10856.0;67700.0
-2;854800;ASH_COATED_OSMIUM;9993;14;9991;22;;;10009;14;10012;22;;;10001.0;16028.0
-2;854800;INTARIAN_PEPPER_ROOT;10846;17;;;;;10863;17;;;;;10854.5;67580.0
-2;854900;ASH_COATED_OSMIUM;9992;28;;;;;10010;14;10013;28;;;10001.0;16028.0
-2;854900;INTARIAN_PEPPER_ROOT;10849;8;10846;22;;;10861;8;10864;22;;;10855.0;67620.0
-2;855000;ASH_COATED_OSMIUM;9994;11;;;;;10010;11;10013;29;;;10002.0;16040.0
-2;855000;INTARIAN_PEPPER_ROOT;10846;24;;;;;10857;12;10861;9;10864;24;10851.5;67340.0
-2;855100;ASH_COATED_OSMIUM;9992;26;;;;;10010;13;10013;26;;;10001.0;16028.0
-2;855100;INTARIAN_PEPPER_ROOT;10849;9;10846;25;;;10861;9;10864;25;;;10855.0;67620.0
-2;855200;ASH_COATED_OSMIUM;9994;12;9992;22;;;10010;12;10013;22;;;10002.0;16040.0
-2;855200;INTARIAN_PEPPER_ROOT;10849;10;10847;23;;;10861;10;10864;23;;;10855.0;67620.0
-2;855300;ASH_COATED_OSMIUM;9994;10;;;;;;;;;;;9994.0;15944.0
-2;855300;INTARIAN_PEPPER_ROOT;10847;23;;;;;10864;23;;;;;10855.5;67660.0
-2;855400;ASH_COATED_OSMIUM;9992;29;;;;;10010;11;;;;;10001.0;16028.0
-2;855400;INTARIAN_PEPPER_ROOT;10849;12;10847;25;;;10861;12;10864;25;;;10855.0;67620.0
-2;855500;ASH_COATED_OSMIUM;9992;20;;;;;10010;11;10013;20;;;10001.0;16028.0
-2;855500;INTARIAN_PEPPER_ROOT;10850;12;10847;17;;;10861;12;10864;17;;;10855.5;67660.0
-2;855600;ASH_COATED_OSMIUM;9994;11;9992;21;;;10010;11;10013;21;;;10002.0;16040.0
-2;855600;INTARIAN_PEPPER_ROOT;10850;12;10847;18;;;10862;12;10864;18;;;10856.0;67700.0
-2;855700;ASH_COATED_OSMIUM;9995;11;9992;29;;;10011;11;10013;29;;;10003.0;16052.0
-2;855700;INTARIAN_PEPPER_ROOT;10847;17;;;;;10864;17;;;;;10855.5;67660.0
-2;855800;ASH_COATED_OSMIUM;9995;12;9992;27;;;10011;12;10013;27;;;10003.0;16052.0
-2;855800;INTARIAN_PEPPER_ROOT;10850;12;10847;18;;;10862;12;10864;18;;;10856.0;67700.0
-2;855900;ASH_COATED_OSMIUM;9993;21;;;;;10014;21;;;;;10003.5;16058.0
-2;855900;INTARIAN_PEPPER_ROOT;10850;11;10847;25;;;10862;11;10865;25;;;10856.0;67700.0
-2;856000;ASH_COATED_OSMIUM;10005;8;9995;13;9993;21;10011;13;10014;21;;;10008.0;16088.0
-2;856000;INTARIAN_PEPPER_ROOT;10847;21;;;;;10862;9;;;;;10854.5;67580.0
-2;856100;ASH_COATED_OSMIUM;9996;13;9993;27;;;;;;;;;9996.0;16040.0
-2;856100;INTARIAN_PEPPER_ROOT;10847;23;;;;;10862;8;10865;23;;;10854.5;67580.0
-2;856200;ASH_COATED_OSMIUM;9995;14;;;;;10011;14;10014;29;;;10003.0;16068.0
-2;856200;INTARIAN_PEPPER_ROOT;10850;12;10848;20;;;10862;12;10865;20;;;10856.0;67700.0
-2;856300;ASH_COATED_OSMIUM;9995;13;9993;24;;;10011;13;10014;24;;;10003.0;16068.0
-2;856300;INTARIAN_PEPPER_ROOT;10848;24;;;;;10862;10;;;;;10855.0;67620.0
-2;856400;ASH_COATED_OSMIUM;9996;13;9994;22;;;10015;22;;;;;10005.5;16078.0
-2;856400;INTARIAN_PEPPER_ROOT;10850;10;10848;17;;;10862;10;10865;17;;;10856.0;67700.0
-2;856500;ASH_COATED_OSMIUM;9996;10;9993;26;;;10012;10;10014;26;;;10004.0;16072.0
-2;856500;INTARIAN_PEPPER_ROOT;10851;11;10848;17;;;10862;11;10865;17;;;10856.5;67740.0
-2;856600;ASH_COATED_OSMIUM;9996;14;9993;22;;;10012;14;10014;22;;;10004.0;16072.0
-2;856600;INTARIAN_PEPPER_ROOT;10851;11;;;;;10863;11;;;;;10857.0;67780.0
-2;856700;ASH_COATED_OSMIUM;9993;24;;;;;10012;12;10014;24;;;10002.5;16066.0
-2;856700;INTARIAN_PEPPER_ROOT;10851;12;;;;;10863;12;10865;17;;;10857.0;67780.0
-2;856800;ASH_COATED_OSMIUM;9995;15;9993;27;;;10011;15;10014;27;;;10003.0;16068.0
-2;856800;INTARIAN_PEPPER_ROOT;10851;8;10848;15;;;10863;8;10865;15;;;10857.0;67780.0
-2;856900;ASH_COATED_OSMIUM;9995;15;9992;26;;;10011;15;10013;26;;;10003.0;16068.0
-2;856900;INTARIAN_PEPPER_ROOT;10851;10;10848;17;;;10863;10;10866;17;;;10857.0;67780.0
-2;857000;ASH_COATED_OSMIUM;9995;15;;;;;10011;15;;;;;10003.0;16068.0
-2;857000;INTARIAN_PEPPER_ROOT;10851;10;10848;17;;;10863;10;10866;17;;;10857.0;67780.0
-2;857100;ASH_COATED_OSMIUM;10000;5;9994;12;;;10010;12;10013;30;;;10005.0;16076.0
-2;857100;INTARIAN_PEPPER_ROOT;10851;12;;;;;10863;12;;;;;10857.0;67780.0
-2;857200;ASH_COATED_OSMIUM;9995;13;9992;24;;;10011;13;10013;24;;;10003.0;16068.0
-2;857200;INTARIAN_PEPPER_ROOT;10851;11;10849;23;;;10863;11;10866;23;;;10857.0;67780.0
-2;857300;ASH_COATED_OSMIUM;9995;14;9992;24;;;10011;14;10013;24;;;10003.0;16068.0
-2;857300;INTARIAN_PEPPER_ROOT;10851;11;;;;;10863;11;10866;19;;;10857.0;67780.0
-2;857400;ASH_COATED_OSMIUM;10004;9;9992;25;;;10011;13;;;;;10007.5;16054.5
-2;857400;INTARIAN_PEPPER_ROOT;10849;22;;;;;10866;22;;;;;10857.5;67820.0
-2;857500;ASH_COATED_OSMIUM;9995;12;9992;29;;;10011;12;10013;29;;;10003.0;16077.0
-2;857500;INTARIAN_PEPPER_ROOT;10852;11;10849;19;;;10863;11;10866;19;;;10857.5;67820.0
-2;857600;ASH_COATED_OSMIUM;9992;22;;;;;10013;22;;;;;10002.5;16079.5
-2;857600;INTARIAN_PEPPER_ROOT;10852;11;10849;23;;;10864;11;10866;23;;;10858.0;67860.0
-2;857700;ASH_COATED_OSMIUM;9995;10;9992;24;;;10013;24;;;;;10004.0;16072.0
-2;857700;INTARIAN_PEPPER_ROOT;10852;9;10849;17;;;10866;17;;;;;10859.0;67940.0
-2;857800;ASH_COATED_OSMIUM;;;;;;;10013;27;;;;;10013.0;16027.0
-2;857800;INTARIAN_PEPPER_ROOT;10852;11;10849;24;;;10864;11;10866;24;;;10858.0;67860.0
-2;857900;ASH_COATED_OSMIUM;9994;15;9992;21;;;10010;15;10013;21;;;10002.0;16082.0
-2;857900;INTARIAN_PEPPER_ROOT;10852;12;10849;24;;;10864;12;10867;24;;;10858.0;67860.0
-2;858000;ASH_COATED_OSMIUM;9994;15;;;;;10010;15;10012;25;;;10002.0;16082.0
-2;858000;INTARIAN_PEPPER_ROOT;10852;8;10849;20;;;10864;8;10867;20;;;10858.0;67860.0
-2;858100;ASH_COATED_OSMIUM;9994;13;9991;24;;;10003;3;10010;13;10012;24;9998.5;16099.5
-2;858100;INTARIAN_PEPPER_ROOT;10852;8;;;;;10864;8;10867;16;;;10858.0;67860.0
-2;858200;ASH_COATED_OSMIUM;9994;11;;;;;10010;11;10012;27;;;10002.0;16082.0
-2;858200;INTARIAN_PEPPER_ROOT;10852;10;10850;16;;;10864;10;10867;16;;;10858.0;67860.0
-2;858300;ASH_COATED_OSMIUM;9993;11;9991;29;;;10009;11;10012;29;;;10001.0;16087.0
-2;858300;INTARIAN_PEPPER_ROOT;10852;10;10850;24;;;10864;10;10867;24;;;10858.0;67860.0
-2;858400;ASH_COATED_OSMIUM;9993;15;;;;;10009;15;10012;28;;;10001.0;16122.0
-2;858400;INTARIAN_PEPPER_ROOT;10852;9;;;;;10864;9;10867;16;;;10858.0;67860.0
-2;858500;ASH_COATED_OSMIUM;9993;15;9991;24;;;10009;15;;;;;10001.0;16122.0
-2;858500;INTARIAN_PEPPER_ROOT;;;;;;;10867;22;;;;;10867.0;68580.0
-2;858600;ASH_COATED_OSMIUM;9993;10;9991;27;;;10009;10;10012;27;;;10001.0;16192.0
-2;858600;INTARIAN_PEPPER_ROOT;10853;12;10850;16;;;10865;12;;;;;10859.0;67940.0
-2;858700;ASH_COATED_OSMIUM;9993;12;;;;;10009;12;10011;27;;;10001.0;16192.0
-2;858700;INTARIAN_PEPPER_ROOT;10853;11;;;;;10860;9;10865;11;10867;17;10856.5;67740.0
-2;858800;ASH_COATED_OSMIUM;9993;10;9990;26;;;10009;10;10011;26;;;10001.0;16192.0
-2;858800;INTARIAN_PEPPER_ROOT;10853;11;10850;20;;;;;;;;;10853.0;67460.0
-2;858900;ASH_COATED_OSMIUM;9993;13;9990;24;;;;;;;;;9993.0;16112.0
-2;858900;INTARIAN_PEPPER_ROOT;10853;9;10850;18;;;;;;;;;10853.0;67460.0
-2;859000;ASH_COATED_OSMIUM;9993;11;9991;28;;;10012;28;;;;;10002.5;16207.0
-2;859000;INTARIAN_PEPPER_ROOT;;;;;;;10865;11;10868;15;;;10865.0;68420.0
-2;859100;ASH_COATED_OSMIUM;9993;12;9990;23;;;10009;12;;;;;10001.0;16192.0
-2;859100;INTARIAN_PEPPER_ROOT;10853;11;10850;18;;;10865;11;10868;18;;;10859.0;67940.0
-2;859200;ASH_COATED_OSMIUM;9993;11;;;;;10011;22;;;;;10002.0;16202.0
-2;859200;INTARIAN_PEPPER_ROOT;10853;10;10851;19;;;10865;10;10868;19;;;10859.0;67940.0
-2;859300;ASH_COATED_OSMIUM;9992;13;9990;25;;;10008;13;10011;25;;;10000.0;16182.0
-2;859300;INTARIAN_PEPPER_ROOT;10853;10;10851;23;;;10865;10;10868;23;;;10859.0;67940.0
-2;859400;ASH_COATED_OSMIUM;9993;10;9990;26;;;10009;10;10011;26;;;10001.0;16192.0
-2;859400;INTARIAN_PEPPER_ROOT;10851;21;;;;;10865;8;10868;21;;;10858.0;67860.0
-2;859500;ASH_COATED_OSMIUM;9993;12;9990;28;;;10009;12;;;;;10001.0;16192.0
-2;859500;INTARIAN_PEPPER_ROOT;10854;9;10851;22;;;10865;9;;;;;10859.5;67980.0
-2;859600;ASH_COATED_OSMIUM;9993;15;;;;;10009;15;10011;29;;;10001.0;16192.0
-2;859600;INTARIAN_PEPPER_ROOT;10854;12;10851;25;;;10866;12;10868;25;;;10860.0;68020.0
-2;859700;ASH_COATED_OSMIUM;9991;20;;;;;10009;15;;;;;10000.0;16182.0
-2;859700;INTARIAN_PEPPER_ROOT;10851;20;;;;;10866;9;10868;20;;;10858.5;67900.0
-2;859800;ASH_COATED_OSMIUM;9991;23;;;;;10010;12;10012;23;;;10000.5;16187.0
-2;859800;INTARIAN_PEPPER_ROOT;10851;15;;;;;10866;11;10868;15;;;10858.5;67900.0
-2;859900;ASH_COATED_OSMIUM;9994;11;9992;21;;;10010;11;10013;21;;;10002.0;16202.0
-2;859900;INTARIAN_PEPPER_ROOT;10854;8;10851;25;;;10866;8;10869;25;;;10860.0;68020.0
-2;860000;ASH_COATED_OSMIUM;9994;15;9992;29;;;10010;15;10013;29;;;10002.0;16202.0
-2;860000;INTARIAN_PEPPER_ROOT;10854;8;10851;21;;;10866;8;10869;21;;;10860.0;68020.0
-2;860100;ASH_COATED_OSMIUM;9994;10;9992;29;;;10010;10;;;;;10002.0;16202.0
-2;860100;INTARIAN_PEPPER_ROOT;10854;12;10851;23;;;10869;23;;;;;10861.5;68140.0
-2;860200;ASH_COATED_OSMIUM;9995;13;9992;30;;;10011;13;;;;;10003.0;16212.0
-2;860200;INTARIAN_PEPPER_ROOT;10854;11;10852;17;;;10866;11;10869;17;;;10860.0;68020.0
-2;860300;ASH_COATED_OSMIUM;9995;13;9993;21;;;10011;13;10014;21;;;10003.0;16212.0
-2;860300;INTARIAN_PEPPER_ROOT;10854;11;10852;22;;;10866;11;;;;;10860.0;68020.0
-2;860400;ASH_COATED_OSMIUM;9995;11;9993;24;;;10011;11;10014;24;;;10003.0;16212.0
-2;860400;INTARIAN_PEPPER_ROOT;10854;11;10852;25;;;10866;11;;;;;10860.0;68020.0
-2;860500;ASH_COATED_OSMIUM;9995;15;9992;24;;;10013;24;;;;;10004.0;16222.0
-2;860500;INTARIAN_PEPPER_ROOT;10852;22;;;;;10866;11;10869;22;;;10859.0;67940.0
-2;860600;ASH_COATED_OSMIUM;9995;12;9992;23;;;10004;4;10013;23;;;9999.5;16177.0
-2;860600;INTARIAN_PEPPER_ROOT;10855;10;;;;;10867;10;10869;17;;;10861.0;68100.0
-2;860700;ASH_COATED_OSMIUM;9995;13;9992;21;;;10013;21;;;;;10004.0;16222.0
-2;860700;INTARIAN_PEPPER_ROOT;10855;10;10852;22;;;10867;10;10869;22;;;10861.0;68100.0
-2;860800;ASH_COATED_OSMIUM;9994;14;9992;23;;;10010;14;;;;;10002.0;16202.0
-2;860800;INTARIAN_PEPPER_ROOT;10855;9;10852;17;;;10867;9;10869;17;;;10861.0;68100.0
-2;860900;ASH_COATED_OSMIUM;9992;23;;;;;10013;23;;;;;10002.5;16207.0
-2;860900;INTARIAN_PEPPER_ROOT;10855;9;;;;;10870;22;;;;;10862.5;68220.0
-2;861000;ASH_COATED_OSMIUM;9994;11;9991;23;;;10010;11;10012;23;;;10002.0;16202.0
-2;861000;INTARIAN_PEPPER_ROOT;10855;11;10852;22;;;10867;11;;;;;10861.0;68100.0
-2;861100;ASH_COATED_OSMIUM;9994;10;9992;22;;;10010;10;10013;22;;;10002.0;16202.0
-2;861100;INTARIAN_PEPPER_ROOT;10855;8;10852;17;;;10867;8;10870;17;;;10861.0;68100.0
-2;861200;ASH_COATED_OSMIUM;9994;14;9991;30;;;;;;;;;9994.0;16122.0
-2;861200;INTARIAN_PEPPER_ROOT;10864;8;10855;12;10853;15;10867;12;10870;15;;;10865.5;68460.0
-2;861300;ASH_COATED_OSMIUM;9994;13;9991;20;;;10010;13;10012;20;;;10002.0;16202.0
-2;861300;INTARIAN_PEPPER_ROOT;10859;11;10855;10;;;;;;;;;10859.0;67940.0
-2;861400;ASH_COATED_OSMIUM;9994;14;9991;24;;;10003;4;10010;14;10012;24;9998.5;16167.0
-2;861400;INTARIAN_PEPPER_ROOT;10853;15;;;;;10867;10;10870;15;;;10860.0;68020.0
-2;861500;ASH_COATED_OSMIUM;9995;11;9992;30;;;10013;30;;;;;10004.0;16222.0
-2;861500;INTARIAN_PEPPER_ROOT;10856;10;10853;15;;;10870;15;;;;;10863.0;68260.0
-2;861600;ASH_COATED_OSMIUM;9992;29;;;;;10013;29;;;;;10002.5;16207.0
-2;861600;INTARIAN_PEPPER_ROOT;;;;;;;10868;10;;;;;10868.0;68660.0
-2;861700;ASH_COATED_OSMIUM;9995;12;9993;24;;;10005;3;10014;24;;;10000.0;16182.0
-2;861700;INTARIAN_PEPPER_ROOT;10856;9;10853;17;;;10868;9;10870;17;;;10862.0;68180.0
-2;861800;ASH_COATED_OSMIUM;9995;15;9993;28;;;10011;15;;;;;10003.0;16212.0
-2;861800;INTARIAN_PEPPER_ROOT;10856;8;;;;;10870;23;;;;;10863.0;68260.0
-2;861900;ASH_COATED_OSMIUM;9995;13;9992;23;;;10011;13;;;;;10003.0;16212.0
-2;861900;INTARIAN_PEPPER_ROOT;10856;11;;;;;10871;19;;;;;10863.5;68300.0
-2;862000;ASH_COATED_OSMIUM;9995;12;9992;25;;;10011;12;;;;;10003.0;16212.0
-2;862000;INTARIAN_PEPPER_ROOT;10856;9;;;;;10868;9;10871;21;;;10862.0;68180.0
-2;862100;ASH_COATED_OSMIUM;9995;10;9992;29;;;10013;29;;;;;10004.0;16222.0
-2;862100;INTARIAN_PEPPER_ROOT;10856;11;10853;23;;;10868;11;10871;23;;;10862.0;68180.0
-2;862200;ASH_COATED_OSMIUM;9994;10;9992;21;;;10013;21;;;;;10003.5;16217.0
-2;862200;INTARIAN_PEPPER_ROOT;10856;11;10854;17;;;10868;11;10871;17;;;10862.0;68180.0
-2;862300;ASH_COATED_OSMIUM;9994;14;9992;20;;;10013;20;;;;;10003.5;16217.0
-2;862300;INTARIAN_PEPPER_ROOT;10856;12;10854;21;;;;;;;;;10856.0;67700.0
-2;862400;ASH_COATED_OSMIUM;9992;29;;;;;10010;10;10013;29;;;10001.0;16192.0
-2;862400;INTARIAN_PEPPER_ROOT;10856;9;10854;18;;;10871;18;;;;;10863.5;68300.0
-2;862500;ASH_COATED_OSMIUM;9995;14;9992;20;;;10011;14;10013;20;;;10003.0;16212.0
-2;862500;INTARIAN_PEPPER_ROOT;10860;11;10854;16;;;10868;11;;;;;10864.0;68340.0
-2;862600;ASH_COATED_OSMIUM;9993;25;;;;;10011;12;10014;25;;;10002.0;16202.0
-2;862600;INTARIAN_PEPPER_ROOT;10857;10;10854;23;;;10869;10;10871;23;;;10863.0;68260.0
-2;862700;ASH_COATED_OSMIUM;9994;14;9992;30;;;10010;14;10013;30;;;10002.0;16202.0
-2;862700;INTARIAN_PEPPER_ROOT;10857;9;10854;20;;;10871;20;;;;;10864.0;68340.0
-2;862800;ASH_COATED_OSMIUM;9995;10;9992;27;;;10011;10;10013;27;;;10003.0;16212.0
-2;862800;INTARIAN_PEPPER_ROOT;10857;8;10854;23;;;10871;23;;;;;10864.0;68340.0
-2;862900;ASH_COATED_OSMIUM;;;;;;;10014;26;;;;;10014.0;16322.0
-2;862900;INTARIAN_PEPPER_ROOT;10857;8;10854;20;;;10869;8;10872;20;;;10863.0;68260.0
-2;863000;ASH_COATED_OSMIUM;9995;11;9993;29;;;10014;29;;;;;10004.5;16227.0
-2;863000;INTARIAN_PEPPER_ROOT;10857;10;10854;25;;;10869;10;10872;25;;;10863.0;68260.0
-2;863100;ASH_COATED_OSMIUM;9995;10;;;;;10014;27;;;;;10004.5;16227.0
-2;863100;INTARIAN_PEPPER_ROOT;10857;11;10854;15;;;10869;11;10872;15;;;10863.0;68260.0
-2;863200;ASH_COATED_OSMIUM;9996;12;9993;26;;;10012;12;;;;;10004.0;16222.0
-2;863200;INTARIAN_PEPPER_ROOT;10855;20;;;;;10869;9;;;;;10862.0;68180.0
-2;863300;ASH_COATED_OSMIUM;9997;15;9994;25;;;10013;15;10015;25;;;10005.0;16232.0
-2;863300;INTARIAN_PEPPER_ROOT;10855;23;;;;;10869;11;;;;;10862.0;68180.0
-2;863400;ASH_COATED_OSMIUM;9996;14;;;;;10012;14;10014;20;;;10004.0;16222.0
-2;863400;INTARIAN_PEPPER_ROOT;10857;11;;;;;10869;11;10872;15;;;10863.0;68260.0
-2;863500;ASH_COATED_OSMIUM;9997;11;9994;27;;;10013;11;10015;27;;;10005.0;16232.0
-2;863500;INTARIAN_PEPPER_ROOT;10858;8;10855;22;;;10869;8;10872;22;;;10863.5;68300.0
-2;863600;ASH_COATED_OSMIUM;9994;28;;;;;10013;15;10015;28;;;10003.5;16217.0
-2;863600;INTARIAN_PEPPER_ROOT;10858;9;10855;15;;;10870;9;;;;;10864.0;68340.0
-2;863700;ASH_COATED_OSMIUM;9997;14;9994;26;;;10015;26;;;;;10006.0;16242.0
-2;863700;INTARIAN_PEPPER_ROOT;;;;;;;10870;9;;;;;10870.0;68820.0
-2;863800;ASH_COATED_OSMIUM;9997;13;9995;29;;;10013;13;10016;29;;;10005.0;16232.0
-2;863800;INTARIAN_PEPPER_ROOT;10858;12;;;;;10870;12;10872;21;;;10864.0;68340.0
-2;863900;ASH_COATED_OSMIUM;9997;15;9995;28;;;10013;15;10016;28;;;10005.0;16232.0
-2;863900;INTARIAN_PEPPER_ROOT;10858;12;10855;23;;;10870;12;10873;23;;;10864.0;68340.0
-2;864000;ASH_COATED_OSMIUM;9997;14;9995;21;;;;;;;;;9997.0;16152.0
-2;864000;INTARIAN_PEPPER_ROOT;10855;17;;;;;10873;17;;;;;10864.0;68340.0
-2;864100;ASH_COATED_OSMIUM;9997;10;9995;27;;;10013;10;10016;27;;;10005.0;16232.0
-2;864100;INTARIAN_PEPPER_ROOT;10858;11;10855;20;;;10870;11;10873;20;;;10864.0;68340.0
-2;864200;ASH_COATED_OSMIUM;9995;20;;;;;10013;12;10016;20;;;10004.0;16222.0
-2;864200;INTARIAN_PEPPER_ROOT;10858;11;10856;19;;;10873;19;;;;;10865.5;68460.0
-2;864300;ASH_COATED_OSMIUM;;;;;;;10014;14;10016;22;;;10014.0;16322.0
-2;864300;INTARIAN_PEPPER_ROOT;10856;15;;;;;10870;8;;;;;10863.0;68260.0
-2;864400;ASH_COATED_OSMIUM;9995;30;;;;;10014;12;10016;30;;;10004.5;16227.0
-2;864400;INTARIAN_PEPPER_ROOT;10858;8;10856;20;;;10870;8;10873;20;;;10864.0;68340.0
-2;864500;ASH_COATED_OSMIUM;9998;11;9995;27;;;10014;11;10016;27;;;10006.0;16242.0
-2;864500;INTARIAN_PEPPER_ROOT;10859;9;;;;;10873;24;;;;;10866.0;68500.0
-2;864600;ASH_COATED_OSMIUM;9998;14;9995;28;;;10014;14;10016;28;;;10006.0;16242.0
-2;864600;INTARIAN_PEPPER_ROOT;10859;12;10856;23;;;10871;12;10873;23;;;10865.0;68420.0
-2;864700;ASH_COATED_OSMIUM;9997;13;9995;21;;;;;;;;;9997.0;16152.0
-2;864700;INTARIAN_PEPPER_ROOT;10859;9;10856;21;;;10871;9;;;;;10865.0;68420.0
-2;864800;ASH_COATED_OSMIUM;9998;11;9995;29;;;10016;29;;;;;10007.0;16252.0
-2;864800;INTARIAN_PEPPER_ROOT;10856;23;;;;;10873;23;;;;;10864.5;68380.0
-2;864900;ASH_COATED_OSMIUM;9998;13;9996;30;;;10014;13;;;;;10006.0;16242.0
-2;864900;INTARIAN_PEPPER_ROOT;10859;10;10856;16;;;10871;10;10874;16;;;10865.0;68420.0
-2;865000;ASH_COATED_OSMIUM;9995;20;;;;;10014;12;;;;;10004.5;16227.0
-2;865000;INTARIAN_PEPPER_ROOT;10859;8;;;;;10871;8;;;;;10865.0;68420.0
-2;865100;ASH_COATED_OSMIUM;9995;26;;;;;10014;14;10016;26;;;10004.5;16227.0
-2;865100;INTARIAN_PEPPER_ROOT;10859;8;;;;;10871;8;10874;18;;;10865.0;68420.0
-2;865200;ASH_COATED_OSMIUM;9995;24;;;;;10013;14;10016;24;;;10004.0;16222.0
-2;865200;INTARIAN_PEPPER_ROOT;10859;10;;;;;10871;10;10874;15;;;10865.0;68420.0
-2;865300;ASH_COATED_OSMIUM;9997;11;9995;26;;;10013;11;10016;26;;;10005.0;16232.0
-2;865300;INTARIAN_PEPPER_ROOT;10859;9;10857;20;;;10871;9;10874;20;;;10865.0;68420.0
-2;865400;ASH_COATED_OSMIUM;9997;12;9995;26;;;10013;12;10016;26;;;10005.0;16232.0
-2;865400;INTARIAN_PEPPER_ROOT;10859;12;10857;16;;;10871;12;10874;16;;;10865.0;68420.0
-2;865500;ASH_COATED_OSMIUM;9994;30;;;;;10013;10;10015;30;;;10003.5;16217.0
-2;865500;INTARIAN_PEPPER_ROOT;10860;9;10857;21;;;10871;9;;;;;10865.5;68460.0
-2;865600;ASH_COATED_OSMIUM;9997;14;9994;30;;;10013;14;10015;30;;;10005.0;16232.0
-2;865600;INTARIAN_PEPPER_ROOT;10860;10;10857;20;;;10872;10;10874;20;;;10866.0;68500.0
-2;865700;ASH_COATED_OSMIUM;9996;15;9994;25;;;10012;15;;;;;10004.0;16222.0
-2;865700;INTARIAN_PEPPER_ROOT;10860;11;10857;22;;;10872;11;;;;;10866.0;68500.0
-2;865800;ASH_COATED_OSMIUM;9996;14;9994;29;;;10012;14;10015;29;;;10004.0;16222.0
-2;865800;INTARIAN_PEPPER_ROOT;10860;8;10857;18;;;10874;18;;;;;10867.0;68580.0
-2;865900;ASH_COATED_OSMIUM;9997;14;9994;24;;;10013;14;10015;24;;;10005.0;16232.0
-2;865900;INTARIAN_PEPPER_ROOT;;;;;;;10872;11;10875;16;;;10872.0;68980.0
-2;866000;ASH_COATED_OSMIUM;9997;14;9994;21;;;10013;14;10015;21;;;10005.0;16232.0
-2;866000;INTARIAN_PEPPER_ROOT;10860;9;10857;20;;;10872;9;10875;20;;;10866.0;68500.0
-2;866100;ASH_COATED_OSMIUM;9997;10;9994;30;;;10013;10;10015;30;;;10005.0;16232.0
-2;866100;INTARIAN_PEPPER_ROOT;10857;21;;;;;10872;8;10875;21;;;10864.5;68380.0
-2;866200;ASH_COATED_OSMIUM;9995;30;;;;;10013;12;10016;30;;;10004.0;16222.0
-2;866200;INTARIAN_PEPPER_ROOT;10858;21;;;;;10872;10;;;;;10865.0;68420.0
-2;866300;ASH_COATED_OSMIUM;9997;15;9994;24;;;10013;15;10015;24;;;10005.0;16232.0
-2;866300;INTARIAN_PEPPER_ROOT;10858;15;;;;;10872;8;10875;15;;;10865.0;68420.0
-2;866400;ASH_COATED_OSMIUM;9998;14;9995;22;;;10014;14;10016;22;;;10006.0;16242.0
-2;866400;INTARIAN_PEPPER_ROOT;10860;11;10858;15;;;;;;;;;10860.0;68020.0
-2;866500;ASH_COATED_OSMIUM;9998;14;9995;20;;;10014;14;;;;;10006.0;16242.0
-2;866500;INTARIAN_PEPPER_ROOT;10861;8;10858;23;;;10872;8;;;;;10866.5;68540.0
-2;866600;ASH_COATED_OSMIUM;9997;11;9994;26;;;10013;11;;;;;10005.0;16232.0
-2;866600;INTARIAN_PEPPER_ROOT;10861;8;10858;18;;;10873;8;10875;18;;;10867.0;68580.0
-2;866700;ASH_COATED_OSMIUM;9997;11;9994;25;;;10013;11;10015;25;;;10005.0;16232.0
-2;866700;INTARIAN_PEPPER_ROOT;;;;;;;10873;10;10875;22;;;10873.0;69060.0
-2;866800;ASH_COATED_OSMIUM;9997;12;9994;26;;;10013;12;;;;;10005.0;16232.0
-2;866800;INTARIAN_PEPPER_ROOT;10861;12;10858;18;;;;;;;;;10861.0;68100.0
-2;866900;ASH_COATED_OSMIUM;9994;21;;;;;10013;15;10015;21;;;10003.5;16217.0
-2;866900;INTARIAN_PEPPER_ROOT;10861;11;10858;22;;;;;;;;;10861.0;68100.0
-2;867000;ASH_COATED_OSMIUM;;;;;;;10012;14;;;;;10012.0;16302.0
-2;867000;INTARIAN_PEPPER_ROOT;10861;9;;;;;10873;9;;;;;10867.0;68580.0
-2;867100;ASH_COATED_OSMIUM;10002;4;9994;26;;;10013;14;10015;26;;;10007.5;16257.0
-2;867100;INTARIAN_PEPPER_ROOT;10864;6;10858;18;;;10873;11;;;;;10868.5;68700.0
-2;867200;ASH_COATED_OSMIUM;9997;13;9994;24;;;10013;13;10015;24;;;10005.0;16232.0
-2;867200;INTARIAN_PEPPER_ROOT;10861;10;10859;25;;;10876;25;;;;;10868.5;68700.0
-2;867300;ASH_COATED_OSMIUM;9997;13;;;;;10015;28;;;;;10006.0;16306.0
-2;867300;INTARIAN_PEPPER_ROOT;;;;;;;10873;12;10876;25;;;10873.0;69060.0
-2;867400;ASH_COATED_OSMIUM;10002;5;9997;15;;;10013;15;10015;27;;;10007.5;16333.0
-2;867400;INTARIAN_PEPPER_ROOT;10861;11;10859;19;;;10876;19;;;;;10868.5;68700.0
-2;867500;ASH_COATED_OSMIUM;9997;15;9994;23;;;10013;15;10015;23;;;10005.0;16288.0
-2;867500;INTARIAN_PEPPER_ROOT;10862;8;10859;17;;;;;;;;;10862.0;68180.0
-2;867600;ASH_COATED_OSMIUM;9994;27;;;;;10015;27;;;;;10004.5;16279.0
-2;867600;INTARIAN_PEPPER_ROOT;10862;8;10859;20;;;10874;8;;;;;10868.0;68660.0
-2;867700;ASH_COATED_OSMIUM;9997;15;9994;23;;;10013;15;;;;;10005.0;16288.0
-2;867700;INTARIAN_PEPPER_ROOT;10862;8;10859;19;;;10876;19;;;;;10869.0;68740.0
-2;867800;ASH_COATED_OSMIUM;9997;11;9994;27;;;10013;11;10015;27;;;10005.0;16288.0
-2;867800;INTARIAN_PEPPER_ROOT;10862;12;10859;17;;;10874;12;10876;17;;;10868.0;68660.0
-2;867900;ASH_COATED_OSMIUM;9994;21;;;;;10013;15;10015;21;;;10003.5;16261.0
-2;867900;INTARIAN_PEPPER_ROOT;10862;12;10859;16;;;10874;12;10877;16;;;10868.0;68660.0
-2;868000;ASH_COATED_OSMIUM;9997;15;9994;28;;;10013;15;10015;28;;;10005.0;16288.0
-2;868000;INTARIAN_PEPPER_ROOT;10859;19;;;;;10864;3;10874;10;;;10861.5;68140.0
-2;868100;ASH_COATED_OSMIUM;9997;12;9994;29;;;10013;12;10015;29;;;10005.0;16288.0
-2;868100;INTARIAN_PEPPER_ROOT;10862;9;10859;17;;;10874;9;10877;17;;;10868.0;68660.0
-2;868200;ASH_COATED_OSMIUM;9997;15;9994;29;;;10015;29;;;;;10006.0;16306.0
-2;868200;INTARIAN_PEPPER_ROOT;10860;18;;;;;10877;18;;;;;10868.5;68700.0
-2;868300;ASH_COATED_OSMIUM;9996;14;9993;23;;;10012;14;10014;23;;;10004.0;16270.0
-2;868300;INTARIAN_PEPPER_ROOT;10860;18;;;;;10874;12;10877;18;;;10867.0;68580.0
-2;868400;ASH_COATED_OSMIUM;9996;13;;;;;10001;5;10012;13;10014;26;9998.5;16158.5
-2;868400;INTARIAN_PEPPER_ROOT;10862;10;10860;23;;;;;;;;;10862.0;68180.0
-2;868500;ASH_COATED_OSMIUM;9996;11;9993;30;;;10005;4;;;;;10000.5;16204.5
-2;868500;INTARIAN_PEPPER_ROOT;10866;11;10860;16;;;10874;11;10877;16;;;10870.0;68820.0
-2;868600;ASH_COATED_OSMIUM;9993;26;;;;;10012;10;10014;26;;;10002.5;16250.5
-2;868600;INTARIAN_PEPPER_ROOT;10863;8;;;;;10877;15;;;;;10870.0;68820.0
-2;868700;ASH_COATED_OSMIUM;9993;20;;;;;;;;;;;9993.0;16032.0
-2;868700;INTARIAN_PEPPER_ROOT;10863;8;10860;21;;;10875;8;10877;21;;;10869.0;68740.0
-2;868800;ASH_COATED_OSMIUM;9993;29;;;;;10011;14;10014;29;;;10002.0;16239.0
-2;868800;INTARIAN_PEPPER_ROOT;10863;10;10860;20;;;10875;10;10877;20;;;10869.0;68740.0
-2;868900;ASH_COATED_OSMIUM;9996;12;9993;24;;;10012;12;10014;24;;;10004.0;16285.0
-2;868900;INTARIAN_PEPPER_ROOT;10863;11;10860;17;;;10875;11;10878;17;;;10869.0;68740.0
-2;869000;ASH_COATED_OSMIUM;9996;11;9993;22;;;10012;11;10014;22;;;10004.0;16285.0
-2;869000;INTARIAN_PEPPER_ROOT;10863;10;10860;23;;;10875;10;10878;23;;;10869.0;68740.0
-2;869100;ASH_COATED_OSMIUM;9996;12;9993;30;;;10012;12;10014;30;;;10004.0;16285.0
-2;869100;INTARIAN_PEPPER_ROOT;10860;19;;;;;10875;9;10878;19;;;10867.5;68620.0
-2;869200;ASH_COATED_OSMIUM;9996;12;9993;23;;;10012;12;10014;23;;;10004.0;16285.0
-2;869200;INTARIAN_PEPPER_ROOT;10863;12;10861;24;;;10878;24;;;;;10870.5;68860.0
-2;869300;ASH_COATED_OSMIUM;9994;30;;;;;10015;30;;;;;10004.5;16296.5
-2;869300;INTARIAN_PEPPER_ROOT;10861;23;;;;;10875;12;10878;23;;;10868.0;68660.0
-2;869400;ASH_COATED_OSMIUM;9996;11;9993;22;;;10014;22;;;;;10005.0;16308.0
-2;869400;INTARIAN_PEPPER_ROOT;10863;12;10861;22;;;10875;12;10878;22;;;10869.0;68740.0
-2;869500;ASH_COATED_OSMIUM;9996;15;9993;27;;;10012;15;10014;27;;;10004.0;16285.0
-2;869500;INTARIAN_PEPPER_ROOT;10864;8;10861;18;;;10875;8;10878;18;;;10869.5;68780.0
-2;869600;ASH_COATED_OSMIUM;9996;11;9993;26;;;10012;11;10014;26;;;10004.0;16285.0
-2;869600;INTARIAN_PEPPER_ROOT;10861;18;;;;;10876;11;10878;18;;;10868.5;68700.0
-2;869700;ASH_COATED_OSMIUM;9996;12;9993;28;;;10012;12;10014;28;;;10004.0;16285.0
-2;869700;INTARIAN_PEPPER_ROOT;10864;9;10861;20;;;10876;9;10878;20;;;10870.0;68820.0
-2;869800;ASH_COATED_OSMIUM;;;;;;;10011;11;10014;28;;;10011.0;16446.0
-2;869800;INTARIAN_PEPPER_ROOT;10864;12;10861;20;;;10876;12;10878;20;;;10870.0;68820.0
-2;869900;ASH_COATED_OSMIUM;9995;13;9993;27;;;10011;13;;;;;10003.0;16262.0
-2;869900;INTARIAN_PEPPER_ROOT;10864;10;10861;25;;;10879;25;;;;;10871.5;68940.0
-2;870000;ASH_COATED_OSMIUM;9995;10;9993;25;;;10011;10;10014;25;;;10003.0;16262.0
-2;870000;INTARIAN_PEPPER_ROOT;10864;11;10861;19;;;10866;5;10879;19;;;10865.0;68420.0
-2;870100;ASH_COATED_OSMIUM;9996;12;9993;28;;;10012;12;10014;28;;;10004.0;16285.0
-2;870100;INTARIAN_PEPPER_ROOT;10861;25;;;;;10876;10;10879;25;;;10868.5;68700.0
-2;870200;ASH_COATED_OSMIUM;9996;11;9993;23;;;10012;11;10014;23;;;10004.0;16285.0
-2;870200;INTARIAN_PEPPER_ROOT;10862;20;;;;;10876;9;10879;20;;;10869.0;68740.0
-2;870300;ASH_COATED_OSMIUM;9996;15;9994;24;;;10015;24;;;;;10005.5;16319.5
-2;870300;INTARIAN_PEPPER_ROOT;10862;17;;;;;10876;11;;;;;10869.0;68740.0
-2;870400;ASH_COATED_OSMIUM;9996;13;9993;27;;;10012;13;10014;27;;;10004.0;16285.0
-2;870400;INTARIAN_PEPPER_ROOT;10864;10;10862;20;;;10876;10;10879;20;;;10870.0;68820.0
-2;870500;ASH_COATED_OSMIUM;9996;15;9993;28;;;10012;15;;;;;10004.0;16285.0
-2;870500;INTARIAN_PEPPER_ROOT;10862;15;;;;;10876;10;10879;15;;;10869.0;68740.0
-2;870600;ASH_COATED_OSMIUM;9996;11;;;;;10014;27;;;;;10005.0;16308.0
-2;870600;INTARIAN_PEPPER_ROOT;10865;9;;;;;10879;23;;;;;10872.0;68980.0
-2;870700;ASH_COATED_OSMIUM;10005;10;;;;;10012;12;;;;;10008.5;16353.5
-2;870700;INTARIAN_PEPPER_ROOT;10865;12;;;;;10877;12;10879;15;;;10871.0;68900.0
-2;870800;ASH_COATED_OSMIUM;9996;13;9993;25;;;10012;13;10014;25;;;10004.0;16295.0
-2;870800;INTARIAN_PEPPER_ROOT;10862;16;;;;;10877;12;10879;16;;;10869.5;68780.0
-2;870900;ASH_COATED_OSMIUM;;;;;;;10011;13;;;;;10011.0;16386.0
-2;870900;INTARIAN_PEPPER_ROOT;10865;10;10862;17;;;10877;10;10880;17;;;10871.0;68900.0
-2;871000;ASH_COATED_OSMIUM;9995;14;9993;24;;;10011;14;10014;24;;;10003.0;16282.0
-2;871000;INTARIAN_PEPPER_ROOT;10865;12;10862;21;;;10880;21;;;;;10872.5;69020.0
-2;871100;ASH_COATED_OSMIUM;9995;12;9992;21;;;;;;;;;9995.0;16178.0
-2;871100;INTARIAN_PEPPER_ROOT;10865;9;10862;25;;;10877;9;10880;25;;;10871.0;68900.0
-2;871200;ASH_COATED_OSMIUM;;;;;;;10011;11;;;;;10011.0;16386.0
-2;871200;INTARIAN_PEPPER_ROOT;10869;7;10865;10;;;10880;15;;;;;10874.5;69180.0
-2;871300;ASH_COATED_OSMIUM;9996;15;9993;29;;;10012;15;10014;29;;;10004.0;16295.0
-2;871300;INTARIAN_PEPPER_ROOT;10865;9;10863;15;;;10877;9;10880;15;;;10871.0;68900.0
-2;871400;ASH_COATED_OSMIUM;9996;11;;;;;10012;11;10014;24;;;10004.0;16295.0
-2;871400;INTARIAN_PEPPER_ROOT;10865;9;;;;;10877;9;10880;19;;;10871.0;68900.0
-2;871500;ASH_COATED_OSMIUM;9996;10;9993;26;;;10012;10;10014;26;;;10004.0;16295.0
-2;871500;INTARIAN_PEPPER_ROOT;10863;19;;;;;10877;10;10880;19;;;10870.0;68820.0
-2;871600;ASH_COATED_OSMIUM;9995;14;9993;30;;;10014;30;;;;;10004.5;16301.5
-2;871600;INTARIAN_PEPPER_ROOT;10863;25;;;;;10878;12;;;;;10870.5;68860.0
-2;871700;ASH_COATED_OSMIUM;;;;;;;10011;10;;;;;10011.0;16386.0
-2;871700;INTARIAN_PEPPER_ROOT;10866;11;10863;20;;;10878;11;10880;20;;;10872.0;68980.0
-2;871800;ASH_COATED_OSMIUM;9993;27;;;;;10014;27;;;;;10003.5;16288.5
-2;871800;INTARIAN_PEPPER_ROOT;10863;24;;;;;10878;10;;;;;10870.5;68860.0
-2;871900;ASH_COATED_OSMIUM;;;;;;;10011;15;10014;30;;;10011.0;16386.0
-2;871900;INTARIAN_PEPPER_ROOT;10863;21;;;;;10878;10;;;;;10870.5;68860.0
-2;872000;ASH_COATED_OSMIUM;9995;12;9993;27;;;10011;12;10014;27;;;10003.0;16282.0
-2;872000;INTARIAN_PEPPER_ROOT;10863;20;;;;;10878;9;;;;;10870.5;68860.0
-2;872100;ASH_COATED_OSMIUM;9996;13;9993;28;;;;;;;;;9996.0;16191.0
-2;872100;INTARIAN_PEPPER_ROOT;10866;10;10863;23;;;10878;10;10881;23;;;10872.0;68980.0
-2;872200;ASH_COATED_OSMIUM;9996;12;9994;22;;;10012;12;10015;22;;;10004.0;16295.0
-2;872200;INTARIAN_PEPPER_ROOT;10864;15;;;;;10878;8;10881;15;;;10871.0;68900.0
-2;872300;ASH_COATED_OSMIUM;9996;13;9994;29;;;10012;13;10015;29;;;10004.0;16295.0
-2;872300;INTARIAN_PEPPER_ROOT;10866;11;10864;16;;;10878;11;;;;;10872.0;68980.0
-2;872400;ASH_COATED_OSMIUM;9996;14;;;;;10012;14;10015;26;;;10004.0;16295.0
-2;872400;INTARIAN_PEPPER_ROOT;10866;10;;;;;10878;10;;;;;10872.0;68980.0
-2;872500;ASH_COATED_OSMIUM;9994;23;;;;;10013;11;10015;23;;;10003.5;16288.5
-2;872500;INTARIAN_PEPPER_ROOT;10867;9;10864;22;;;;;;;;;10867.0;68580.0
-2;872600;ASH_COATED_OSMIUM;9994;28;;;;;10013;12;10015;28;;;10003.5;16288.5
-2;872600;INTARIAN_PEPPER_ROOT;10867;9;10864;24;;;10881;24;;;;;10874.0;69140.0
-2;872700;ASH_COATED_OSMIUM;9997;14;9994;22;;;10013;14;10015;22;;;10005.0;16308.0
-2;872700;INTARIAN_PEPPER_ROOT;10867;9;10864;16;;;10881;16;;;;;10874.0;69140.0
-2;872800;ASH_COATED_OSMIUM;9997;10;9995;30;;;10013;10;10016;30;;;10005.0;16308.0
-2;872800;INTARIAN_PEPPER_ROOT;10876;8;10867;12;10864;25;10879;12;10881;25;;;10877.5;69420.0
-2;872900;ASH_COATED_OSMIUM;9996;13;9994;28;;;10012;13;;;;;10004.0;16295.0
-2;872900;INTARIAN_PEPPER_ROOT;10864;17;;;;;10879;8;10882;17;;;10871.5;68940.0
-2;873000;ASH_COATED_OSMIUM;9996;12;9994;21;;;10012;12;10015;21;;;10004.0;16295.0
-2;873000;INTARIAN_PEPPER_ROOT;10867;8;10864;22;;;10879;8;;;;;10873.0;69060.0
-2;873100;ASH_COATED_OSMIUM;10002;5;9996;12;9994;27;10012;12;10015;27;;;10007.0;16334.0
-2;873100;INTARIAN_PEPPER_ROOT;10864;24;;;;;10879;9;;;;;10871.5;68940.0
-2;873200;ASH_COATED_OSMIUM;9996;14;9994;20;;;10012;14;10015;20;;;10004.0;16295.0
-2;873200;INTARIAN_PEPPER_ROOT;10867;11;10865;15;;;10879;11;;;;;10873.0;69060.0
-2;873300;ASH_COATED_OSMIUM;9996;14;9993;23;;;10012;14;10014;23;;;10004.0;16295.0
-2;873300;INTARIAN_PEPPER_ROOT;10865;24;;;;;10879;12;10882;24;;;10872.0;68980.0
-2;873400;ASH_COATED_OSMIUM;9996;14;9993;20;;;10014;20;;;;;10005.0;16308.0
-2;873400;INTARIAN_PEPPER_ROOT;10865;15;;;;;10879;12;10882;15;;;10872.0;68980.0
-2;873500;ASH_COATED_OSMIUM;9996;12;9994;29;;;10015;29;;;;;10005.5;16314.5
-2;873500;INTARIAN_PEPPER_ROOT;10868;11;10865;17;;;10879;11;10882;17;;;10873.5;69100.0
-2;873600;ASH_COATED_OSMIUM;9993;29;;;;;10012;12;10014;29;;;10002.5;16275.5
-2;873600;INTARIAN_PEPPER_ROOT;10865;21;;;;;10880;11;10882;21;;;10872.5;69020.0
-2;873700;ASH_COATED_OSMIUM;9996;13;;;;;10012;13;;;;;10004.0;16295.0
-2;873700;INTARIAN_PEPPER_ROOT;10868;8;10865;16;;;10882;16;;;;;10875.0;69220.0
-2;873800;ASH_COATED_OSMIUM;10001;4;9996;15;9993;30;10014;30;;;;;10007.5;16340.5
-2;873800;INTARIAN_PEPPER_ROOT;10868;12;10865;22;;;10882;22;;;;;10875.0;69220.0
-2;873900;ASH_COATED_OSMIUM;9996;15;9993;28;;;10012;15;;;;;10004.0;16295.0
-2;873900;INTARIAN_PEPPER_ROOT;10868;9;10865;23;;;10880;9;10883;23;;;10874.0;69140.0
-2;874000;ASH_COATED_OSMIUM;9996;12;9994;26;;;10012;12;10015;26;;;10004.0;16295.0
-2;874000;INTARIAN_PEPPER_ROOT;10868;10;10865;24;;;10880;10;;;;;10874.0;69140.0
-2;874100;ASH_COATED_OSMIUM;9996;15;9994;24;;;10012;15;;;;;10004.0;16295.0
-2;874100;INTARIAN_PEPPER_ROOT;10868;9;10865;25;;;10880;9;10883;25;;;10874.0;69140.0
-2;874200;ASH_COATED_OSMIUM;9994;28;;;;;10012;10;10015;28;;;10003.0;16282.0
-2;874200;INTARIAN_PEPPER_ROOT;10868;12;;;;;10880;12;10883;25;;;10874.0;69140.0
-2;874300;ASH_COATED_OSMIUM;9996;11;9994;30;;;10012;11;10015;30;;;10004.0;16295.0
-2;874300;INTARIAN_PEPPER_ROOT;10866;21;;;;;10880;9;10883;21;;;10873.0;69060.0
-2;874400;ASH_COATED_OSMIUM;10002;5;9996;10;9994;23;10012;10;10015;23;;;10007.0;16334.0
-2;874400;INTARIAN_PEPPER_ROOT;10866;25;;;;;10880;8;10883;25;;;10873.0;69060.0
-2;874500;ASH_COATED_OSMIUM;9996;12;9994;20;;;10012;12;;;;;10004.0;16295.0
-2;874500;INTARIAN_PEPPER_ROOT;10869;8;10866;18;;;10880;8;10883;18;;;10874.5;69180.0
-2;874600;ASH_COATED_OSMIUM;9997;15;;;;;10013;15;10015;24;;;10005.0;16308.0
-2;874600;INTARIAN_PEPPER_ROOT;10869;11;10866;15;;;10881;11;10883;15;;;10875.0;69220.0
-2;874700;ASH_COATED_OSMIUM;9997;11;;;;;10013;11;10015;20;;;10005.0;16308.0
-2;874700;INTARIAN_PEPPER_ROOT;10869;9;10866;15;;;10881;9;10883;15;;;10875.0;69220.0
-2;874800;ASH_COATED_OSMIUM;;;;;;;10013;10;10015;23;;;10013.0;16410.0
-2;874800;INTARIAN_PEPPER_ROOT;10869;12;10866;19;;;10881;12;10883;19;;;10875.0;69220.0
-2;874900;ASH_COATED_OSMIUM;9996;11;9994;21;;;10012;11;10015;21;;;10004.0;16311.0
-2;874900;INTARIAN_PEPPER_ROOT;10869;11;10866;20;;;10881;11;10884;20;;;10875.0;69220.0
-2;875000;ASH_COATED_OSMIUM;9996;10;9994;28;;;10012;10;10015;28;;;10004.0;16311.0
-2;875000;INTARIAN_PEPPER_ROOT;10869;9;10866;17;;;10877;9;;;;;10873.0;69060.0
-2;875100;ASH_COATED_OSMIUM;9996;15;9994;22;;;10012;15;;;;;10004.0;16311.0
-2;875100;INTARIAN_PEPPER_ROOT;10869;11;10866;17;;;10881;11;10884;17;;;10875.0;69220.0
-2;875200;ASH_COATED_OSMIUM;9997;11;9994;22;;;10013;11;10015;22;;;10005.0;16322.0
-2;875200;INTARIAN_PEPPER_ROOT;10869;12;10867;23;;;10881;12;10884;23;;;10875.0;69220.0
-2;875300;ASH_COATED_OSMIUM;9994;28;;;;;10015;28;;;;;10004.5;16316.5
-2;875300;INTARIAN_PEPPER_ROOT;10869;9;10867;20;;;10881;9;10884;20;;;10875.0;69220.0
-2;875400;ASH_COATED_OSMIUM;9997;10;9995;22;;;10013;10;10016;22;;;10005.0;16322.0
-2;875400;INTARIAN_PEPPER_ROOT;10869;10;10867;21;;;10881;10;10884;21;;;10875.0;69220.0
-2;875500;ASH_COATED_OSMIUM;9997;12;;;;;10013;12;10016;30;;;10005.0;16322.0
-2;875500;INTARIAN_PEPPER_ROOT;10870;8;10867;23;;;10881;8;10884;23;;;10875.5;69260.0
-2;875600;ASH_COATED_OSMIUM;9997;15;9995;20;;;10016;20;;;;;10006.5;16338.5
-2;875600;INTARIAN_PEPPER_ROOT;10870;8;10867;21;;;10882;8;;;;;10876.0;69300.0
-2;875700;ASH_COATED_OSMIUM;9995;25;;;;;10013;10;10016;25;;;10004.0;16311.0
-2;875700;INTARIAN_PEPPER_ROOT;10870;9;10867;19;;;10882;9;10884;19;;;10876.0;69300.0
-2;875800;ASH_COATED_OSMIUM;9997;12;9995;25;;;10013;12;10016;25;;;10005.0;16322.0
-2;875800;INTARIAN_PEPPER_ROOT;10870;8;;;;;10882;8;10884;21;;;10876.0;69300.0
-2;875900;ASH_COATED_OSMIUM;9997;14;;;;;10013;14;10016;23;;;10005.0;16322.0
-2;875900;INTARIAN_PEPPER_ROOT;10870;12;;;;;10885;23;;;;;10877.5;69420.0
-2;876000;ASH_COATED_OSMIUM;9995;24;;;;;10013;10;10016;24;;;10004.0;16311.0
-2;876000;INTARIAN_PEPPER_ROOT;10870;12;10867;20;;;10882;12;10885;20;;;10876.0;69300.0
-2;876100;ASH_COATED_OSMIUM;9997;14;9995;28;;;10013;14;10016;28;;;10005.0;16322.0
-2;876100;INTARIAN_PEPPER_ROOT;10867;22;;;;;10882;10;10885;22;;;10874.5;69180.0
-2;876200;ASH_COATED_OSMIUM;9997;13;9995;25;;;10013;13;10016;25;;;10005.0;16322.0
-2;876200;INTARIAN_PEPPER_ROOT;10870;12;10868;15;;;;;;;;;10870.0;68820.0
-2;876300;ASH_COATED_OSMIUM;9997;15;;;;;10013;15;10016;25;;;10005.0;16322.0
-2;876300;INTARIAN_PEPPER_ROOT;10868;25;;;;;10882;8;;;;;10875.0;69220.0
-2;876400;ASH_COATED_OSMIUM;9997;14;9994;22;;;10013;14;10015;22;;;10005.0;16336.0
-2;876400;INTARIAN_PEPPER_ROOT;10870;12;10868;25;;;10882;12;10885;25;;;10876.0;69300.0
-2;876500;ASH_COATED_OSMIUM;9994;29;;;;;10013;11;;;;;10003.5;16322.5
-2;876500;INTARIAN_PEPPER_ROOT;10871;9;10868;17;;;10885;17;;;;;10878.0;69460.0
-2;876600;ASH_COATED_OSMIUM;9997;14;;;;;10013;14;;;;;10005.0;16336.0
-2;876600;INTARIAN_PEPPER_ROOT;10879;8;10871;8;10868;23;10883;8;;;;;10881.0;69700.0
-2;876700;ASH_COATED_OSMIUM;9996;13;;;;;10006;3;10012;13;10015;20;10001.0;16300.0
-2;876700;INTARIAN_PEPPER_ROOT;10871;10;10868;25;;;10885;25;;;;;10878.0;69460.0
-2;876800;ASH_COATED_OSMIUM;9997;14;9994;27;;;10013;14;10015;27;;;10005.0;16336.0
-2;876800;INTARIAN_PEPPER_ROOT;10871;9;10868;18;;;10883;9;10885;18;;;10877.0;69380.0
-2;876900;ASH_COATED_OSMIUM;9996;12;9994;28;;;10012;12;10015;28;;;10004.0;16327.0
-2;876900;INTARIAN_PEPPER_ROOT;10871;9;10868;15;;;10883;9;10886;15;;;10877.0;69380.0
-2;877000;ASH_COATED_OSMIUM;9994;28;;;;;10013;15;10015;28;;;10003.5;16322.5
-2;877000;INTARIAN_PEPPER_ROOT;10871;12;;;;;10883;12;;;;;10877.0;69380.0
-2;877100;ASH_COATED_OSMIUM;9997;10;9994;23;;;10013;10;10015;23;;;10005.0;16336.0
-2;877100;INTARIAN_PEPPER_ROOT;10871;11;10868;16;;;10883;11;;;;;10877.0;69380.0
-2;877200;ASH_COATED_OSMIUM;9997;13;9995;22;;;10007;5;;;;;10002.0;16309.0
-2;877200;INTARIAN_PEPPER_ROOT;10871;8;10869;15;;;10883;8;10886;15;;;10877.0;69380.0
-2;877300;ASH_COATED_OSMIUM;9996;11;9994;20;;;10012;11;10015;20;;;10004.0;16327.0
-2;877300;INTARIAN_PEPPER_ROOT;10871;9;10869;21;;;10883;9;10886;21;;;10877.0;69380.0
-2;877400;ASH_COATED_OSMIUM;9996;13;9994;21;;;10015;21;;;;;10005.5;16340.5
-2;877400;INTARIAN_PEPPER_ROOT;10871;10;10869;20;;;10883;10;;;;;10877.0;69380.0
-2;877500;ASH_COATED_OSMIUM;9996;14;9994;24;;;10012;14;;;;;10004.0;16327.0
-2;877500;INTARIAN_PEPPER_ROOT;10872;11;;;;;10883;11;10886;16;;;10877.5;69420.0
-2;877600;ASH_COATED_OSMIUM;9996;10;9994;22;;;10012;10;10015;22;;;10004.0;16327.0
-2;877600;INTARIAN_PEPPER_ROOT;10872;8;10869;18;;;10884;8;10886;18;;;10878.0;69460.0
-2;877700;ASH_COATED_OSMIUM;9996;14;9994;21;;;10012;14;10015;21;;;10004.0;16327.0
-2;877700;INTARIAN_PEPPER_ROOT;10872;10;10869;25;;;10884;10;10886;25;;;10878.0;69460.0
-2;877800;ASH_COATED_OSMIUM;9996;15;;;;;10012;15;10015;24;;;10004.0;16327.0
-2;877800;INTARIAN_PEPPER_ROOT;10872;8;10869;18;;;10884;8;10886;18;;;10878.0;69460.0
-2;877900;ASH_COATED_OSMIUM;10002;5;9994;26;;;10012;14;10015;26;;;10007.0;16354.0
-2;877900;INTARIAN_PEPPER_ROOT;;;;;;;10884;11;10887;17;;;10884.0;69940.0
-2;878000;ASH_COATED_OSMIUM;9994;24;;;;;;;;;;;9994.0;16237.0
-2;878000;INTARIAN_PEPPER_ROOT;10869;18;;;;;10884;8;10887;18;;;10876.5;69340.0
-2;878100;ASH_COATED_OSMIUM;9996;14;9994;30;;;10012;14;10015;30;;;10004.0;16355.0
-2;878100;INTARIAN_PEPPER_ROOT;10872;12;10869;17;;;10884;12;10887;17;;;10878.0;69460.0
-2;878200;ASH_COATED_OSMIUM;9996;10;9994;27;;;10012;10;10015;27;;;10004.0;16355.0
-2;878200;INTARIAN_PEPPER_ROOT;10872;10;10870;18;;;10884;10;10887;18;;;10878.0;69460.0
-2;878300;ASH_COATED_OSMIUM;9997;12;9994;26;;;10013;12;10015;26;;;10005.0;16360.0
-2;878300;INTARIAN_PEPPER_ROOT;10872;9;10870;19;;;10884;9;10887;19;;;10878.0;69460.0
-2;878400;ASH_COATED_OSMIUM;9996;15;9994;27;;;10012;15;10015;27;;;10004.0;16355.0
-2;878400;INTARIAN_PEPPER_ROOT;10881;3;10872;10;10870;16;10887;16;;;;;10884.0;69940.0
-2;878500;ASH_COATED_OSMIUM;10006;4;9996;10;9994;29;10012;10;;;;;10009.0;16368.0
-2;878500;INTARIAN_PEPPER_ROOT;10873;8;10870;15;;;10887;15;;;;;10880.0;69620.0
-2;878600;ASH_COATED_OSMIUM;9996;14;;;;;10012;14;;;;;10004.0;16363.0
-2;878600;INTARIAN_PEPPER_ROOT;10873;10;10870;19;;;10885;10;10887;19;;;10879.0;69540.0
-2;878700;ASH_COATED_OSMIUM;10002;3;9996;13;9994;21;10012;13;10015;21;;;10007.0;16366.0
-2;878700;INTARIAN_PEPPER_ROOT;10873;10;10870;23;;;10885;10;10887;23;;;10879.0;69540.0
-2;878800;ASH_COATED_OSMIUM;9993;21;;;;;;;;;;;9993.0;16352.0
-2;878800;INTARIAN_PEPPER_ROOT;10873;12;10870;23;;;10885;12;10887;23;;;10879.0;69540.0
-2;878900;ASH_COATED_OSMIUM;10001;3;9996;13;9993;26;10014;26;;;;;10007.5;16366.5
-2;878900;INTARIAN_PEPPER_ROOT;10873;9;;;;;10888;25;;;;;10880.5;69660.0
-2;879000;ASH_COATED_OSMIUM;9996;15;9993;20;;;10012;15;10014;20;;;10004.0;16363.0
-2;879000;INTARIAN_PEPPER_ROOT;10873;12;10870;22;;;10885;12;10888;22;;;10879.0;69540.0
-2;879100;ASH_COATED_OSMIUM;9995;10;;;;;10011;10;10014;22;;;10003.0;16362.0
-2;879100;INTARIAN_PEPPER_ROOT;10873;11;;;;;10885;11;10888;15;;;10879.0;69540.0
-2;879200;ASH_COATED_OSMIUM;;;;;;;10012;15;;;;;10012.0;16371.0
-2;879200;INTARIAN_PEPPER_ROOT;10873;12;10871;24;;;10885;12;;;;;10879.0;69540.0
-2;879300;ASH_COATED_OSMIUM;9996;10;9993;23;;;10012;10;;;;;10004.0;16363.0
-2;879300;INTARIAN_PEPPER_ROOT;10873;12;;;;;10885;12;;;;;10879.0;69540.0
-2;879400;ASH_COATED_OSMIUM;;;;;;;10012;13;10014;28;;;10012.0;16371.0
-2;879400;INTARIAN_PEPPER_ROOT;10873;8;10871;24;;;10885;8;10888;24;;;10879.0;69540.0
-2;879500;ASH_COATED_OSMIUM;9996;13;9993;22;;;10014;22;;;;;10005.0;16364.0
-2;879500;INTARIAN_PEPPER_ROOT;10871;23;;;;;10885;11;10888;23;;;10878.0;69460.0
-2;879600;ASH_COATED_OSMIUM;9993;21;;;;;10012;14;;;;;10002.5;16361.5
-2;879600;INTARIAN_PEPPER_ROOT;10874;9;10871;15;;;10886;9;10888;15;;;10880.0;69620.0
-2;879700;ASH_COATED_OSMIUM;9996;15;9994;21;;;10012;15;10015;21;;;10004.0;16363.0
-2;879700;INTARIAN_PEPPER_ROOT;10874;9;10871;23;;;10888;23;;;;;10881.0;69700.0
-2;879800;ASH_COATED_OSMIUM;9997;14;9994;26;;;10013;14;10015;26;;;10005.0;16364.0
-2;879800;INTARIAN_PEPPER_ROOT;10871;17;;;;;10888;17;;;;;10879.5;69580.0
-2;879900;ASH_COATED_OSMIUM;9994;23;;;;;10015;23;;;;;10004.5;16363.5
-2;879900;INTARIAN_PEPPER_ROOT;10871;17;;;;;10886;10;;;;;10878.5;69500.0
-2;880000;ASH_COATED_OSMIUM;9994;24;;;;;10012;12;10015;24;;;10003.0;16362.0
-2;880000;INTARIAN_PEPPER_ROOT;10874;12;;;;;10886;12;;;;;10880.0;69620.0
-2;880100;ASH_COATED_OSMIUM;9997;13;9994;29;;;10013;13;10015;29;;;10005.0;16364.0
-2;880100;INTARIAN_PEPPER_ROOT;10874;8;10871;16;;;10886;8;10889;16;;;10880.0;69620.0
-2;880200;ASH_COATED_OSMIUM;9994;20;;;;;10012;11;10015;20;;;10003.0;16362.0
-2;880200;INTARIAN_PEPPER_ROOT;10874;9;10872;25;;;10886;9;10889;25;;;10880.0;69620.0
-2;880300;ASH_COATED_OSMIUM;9997;11;;;;;10013;11;10015;30;;;10005.0;16364.0
-2;880300;INTARIAN_PEPPER_ROOT;10874;8;10872;19;;;10886;8;10889;19;;;10880.0;69620.0
-2;880400;ASH_COATED_OSMIUM;9996;13;9994;30;;;10012;13;;;;;10004.0;16363.0
-2;880400;INTARIAN_PEPPER_ROOT;10874;10;;;;;10886;10;10889;19;;;10880.0;69620.0
-2;880500;ASH_COATED_OSMIUM;9996;12;9994;24;;;10012;12;10015;24;;;10004.0;16363.0
-2;880500;INTARIAN_PEPPER_ROOT;10872;25;;;;;10886;8;10889;25;;;10879.0;69540.0
-2;880600;ASH_COATED_OSMIUM;9996;14;9994;20;;;10012;14;10015;20;;;10004.0;16363.0
-2;880600;INTARIAN_PEPPER_ROOT;10875;8;;;;;10887;8;10889;21;;;10881.0;69700.0
-2;880700;ASH_COATED_OSMIUM;9994;28;;;;;10012;12;10015;28;;;10003.0;16362.0
-2;880700;INTARIAN_PEPPER_ROOT;10875;12;;;;;10889;25;;;;;10882.0;69780.0
-2;880800;ASH_COATED_OSMIUM;9997;12;9994;22;;;10013;12;10015;22;;;10005.0;16364.0
-2;880800;INTARIAN_PEPPER_ROOT;10875;10;;;;;10887;10;10889;22;;;10881.0;69700.0
-2;880900;ASH_COATED_OSMIUM;9996;13;9993;25;;;10012;13;10014;25;;;10004.0;16363.0
-2;880900;INTARIAN_PEPPER_ROOT;10875;11;10872;18;;;10887;11;10890;18;;;10881.0;69700.0
-2;881000;ASH_COATED_OSMIUM;9996;14;9993;23;;;10012;14;10014;23;;;10004.0;16363.0
-2;881000;INTARIAN_PEPPER_ROOT;10872;18;;;;;10887;9;10890;18;;;10879.5;69580.0
-2;881100;ASH_COATED_OSMIUM;9995;13;9993;28;;;10011;13;10014;28;;;10003.0;16362.0
-2;881100;INTARIAN_PEPPER_ROOT;10875;11;10872;25;;;10887;11;10890;25;;;10881.0;69700.0
-2;881200;ASH_COATED_OSMIUM;9996;15;;;;;10012;15;10014;20;;;10004.0;16363.0
-2;881200;INTARIAN_PEPPER_ROOT;10875;10;10873;25;;;10887;10;10890;25;;;10881.0;69700.0
-2;881300;ASH_COATED_OSMIUM;9996;13;9993;30;;;10012;13;10014;30;;;10004.0;16363.0
-2;881300;INTARIAN_PEPPER_ROOT;10875;9;10873;24;;;10887;9;;;;;10881.0;69700.0
-2;881400;ASH_COATED_OSMIUM;9996;12;9993;29;;;10012;12;10014;29;;;10004.0;16363.0
-2;881400;INTARIAN_PEPPER_ROOT;10875;10;;;;;10887;10;10890;16;;;10881.0;69700.0
-2;881500;ASH_COATED_OSMIUM;9996;11;9993;26;;;10012;11;10014;26;;;10004.0;16363.0
-2;881500;INTARIAN_PEPPER_ROOT;10876;10;10873;17;;;10890;17;;;;;10883.0;69860.0
-2;881600;ASH_COATED_OSMIUM;9996;15;;;;;;;;;;;9996.0;16355.0
-2;881600;INTARIAN_PEPPER_ROOT;10873;19;;;;;10888;12;10890;19;;;10880.5;69660.0
-2;881700;ASH_COATED_OSMIUM;9996;15;9994;24;;;10012;15;10015;24;;;10004.0;16363.0
-2;881700;INTARIAN_PEPPER_ROOT;10873;18;;;;;10888;12;;;;;10880.5;69660.0
-2;881800;ASH_COATED_OSMIUM;9996;12;9993;26;;;10012;12;;;;;10004.0;16363.0
-2;881800;INTARIAN_PEPPER_ROOT;10876;9;10873;22;;;10888;9;10890;22;;;10882.0;69780.0
-2;881900;ASH_COATED_OSMIUM;9996;13;;;;;10014;26;;;;;10005.0;16364.0
-2;881900;INTARIAN_PEPPER_ROOT;10876;9;10873;23;;;10888;9;;;;;10882.0;69780.0
-2;882000;ASH_COATED_OSMIUM;9995;12;9993;20;;;10014;20;;;;;10004.5;16363.5
-2;882000;INTARIAN_PEPPER_ROOT;10876;8;;;;;10888;8;10891;18;;;10882.0;69780.0
-2;882100;ASH_COATED_OSMIUM;9995;13;9993;28;;;10011;13;10014;28;;;10003.0;16362.0
-2;882100;INTARIAN_PEPPER_ROOT;10876;8;10873;17;;;10891;17;;;;;10883.5;69900.0
-2;882200;ASH_COATED_OSMIUM;9994;14;9992;21;;;10010;14;10013;21;;;10002.0;16361.0
-2;882200;INTARIAN_PEPPER_ROOT;10876;12;10874;20;;;10888;12;10891;20;;;10882.0;69780.0
-2;882300;ASH_COATED_OSMIUM;9994;14;;;;;10010;14;10013;25;;;10002.0;16361.0
-2;882300;INTARIAN_PEPPER_ROOT;10874;19;;;;;;;;;;;10874.0;69140.0
-2;882400;ASH_COATED_OSMIUM;9994;13;9991;24;;;10012;24;;;;;10003.0;16362.0
-2;882400;INTARIAN_PEPPER_ROOT;10876;9;10874;17;;;10888;9;10891;17;;;10882.0;69780.0
-2;882500;ASH_COATED_OSMIUM;9991;23;;;;;10010;10;10012;23;;;10000.5;16359.5
-2;882500;INTARIAN_PEPPER_ROOT;10877;11;10874;15;;;10888;11;10891;15;;;10882.5;69820.0
-2;882600;ASH_COATED_OSMIUM;9994;14;9991;24;;;10010;14;10012;24;;;10002.0;16361.0
-2;882600;INTARIAN_PEPPER_ROOT;10877;8;;;;;10889;8;10891;18;;;10883.0;69860.0
-2;882700;ASH_COATED_OSMIUM;9993;15;9991;20;;;10009;15;;;;;10001.0;16360.0
-2;882700;INTARIAN_PEPPER_ROOT;10877;8;10874;19;;;10889;8;10891;19;;;10883.0;69860.0
-2;882800;ASH_COATED_OSMIUM;9993;13;9991;27;;;10009;13;;;;;10001.0;16360.0
-2;882800;INTARIAN_PEPPER_ROOT;10877;10;10874;25;;;10889;10;10891;25;;;10883.0;69860.0
-2;882900;ASH_COATED_OSMIUM;;;;;;;10009;14;10012;26;;;10009.0;16368.0
-2;882900;INTARIAN_PEPPER_ROOT;10877;11;10874;19;;;10889;11;10892;19;;;10883.0;69860.0
-2;883000;ASH_COATED_OSMIUM;9993;10;9991;21;;;10009;10;10012;21;;;10001.0;16360.0
-2;883000;INTARIAN_PEPPER_ROOT;10877;12;10874;20;;;10889;12;10892;20;;;10883.0;69860.0
-2;883100;ASH_COATED_OSMIUM;9993;14;;;;;10009;14;10011;28;;;10001.0;16360.0
-2;883100;INTARIAN_PEPPER_ROOT;10874;24;;;;;10889;8;;;;;10881.5;69740.0
-2;883200;ASH_COATED_OSMIUM;9993;12;9990;20;;;10011;20;;;;;10002.0;16361.0
-2;883200;INTARIAN_PEPPER_ROOT;10877;9;;;;;10889;9;10892;15;;;10883.0;69860.0
-2;883300;ASH_COATED_OSMIUM;9993;13;9991;28;;;10009;13;10012;28;;;10001.0;16360.0
-2;883300;INTARIAN_PEPPER_ROOT;10877;11;10875;19;;;10892;19;;;;;10884.5;69980.0
-2;883400;ASH_COATED_OSMIUM;9993;14;9991;25;;;10003;5;10009;14;10012;25;9998.0;16357.0
-2;883400;INTARIAN_PEPPER_ROOT;10877;12;10875;15;;;10889;12;10892;15;;;10883.0;69860.0
-2;883500;ASH_COATED_OSMIUM;9994;12;9991;30;;;10010;12;;;;;10002.0;16361.0
-2;883500;INTARIAN_PEPPER_ROOT;10878;8;;;;;10889;8;10892;23;;;10883.5;69900.0
-2;883600;ASH_COATED_OSMIUM;9994;14;9991;28;;;10010;14;10012;28;;;10002.0;16361.0
-2;883600;INTARIAN_PEPPER_ROOT;;;;;;;10890;12;10892;20;;;10890.0;70420.0
-2;883700;ASH_COATED_OSMIUM;9994;14;9991;23;;;;;;;;;9994.0;16353.0
-2;883700;INTARIAN_PEPPER_ROOT;10878;9;10875;25;;;10890;9;10892;25;;;10884.0;69940.0
-2;883800;ASH_COATED_OSMIUM;9994;11;9991;23;;;10010;11;10012;23;;;10002.0;16361.0
-2;883800;INTARIAN_PEPPER_ROOT;10878;11;10875;17;;;10890;11;10892;17;;;10884.0;69940.0
-2;883900;ASH_COATED_OSMIUM;;;;;;;10009;14;;;;;10009.0;16368.0
-2;883900;INTARIAN_PEPPER_ROOT;10875;23;;;;;10890;10;10893;23;;;10882.5;69820.0
-2;884000;ASH_COATED_OSMIUM;9994;14;9991;29;;;10010;14;10012;29;;;10002.0;16361.0
-2;884000;INTARIAN_PEPPER_ROOT;10878;8;10875;18;;;10890;8;10893;18;;;10884.0;69940.0
-2;884100;ASH_COATED_OSMIUM;9994;12;;;;;10010;12;10012;20;;;10002.0;16361.0
-2;884100;INTARIAN_PEPPER_ROOT;10875;17;;;;;10890;9;10893;17;;;10882.5;69820.0
-2;884200;ASH_COATED_OSMIUM;9994;12;9992;26;;;10010;12;10013;26;;;10002.0;16361.0
-2;884200;INTARIAN_PEPPER_ROOT;10878;8;10876;17;;;10890;8;10893;17;;;10884.0;69940.0
-2;884300;ASH_COATED_OSMIUM;9992;29;;;;;10010;14;;;;;10001.0;16360.0
-2;884300;INTARIAN_PEPPER_ROOT;10878;10;10876;23;;;10890;10;10893;23;;;10884.0;69940.0
-2;884400;ASH_COATED_OSMIUM;9994;13;9991;28;;;10010;13;10012;28;;;10002.0;16361.0
-2;884400;INTARIAN_PEPPER_ROOT;10878;8;10876;24;;;10893;24;;;;;10885.5;70060.0
-2;884500;ASH_COATED_OSMIUM;9994;12;;;;;10003;3;10010;12;10012;29;9998.5;16357.5
-2;884500;INTARIAN_PEPPER_ROOT;10879;11;10876;21;;;10893;21;;;;;10886.0;70100.0
-2;884600;ASH_COATED_OSMIUM;9994;15;9991;22;;;10010;15;10012;22;;;10002.0;16361.0
-2;884600;INTARIAN_PEPPER_ROOT;10876;24;;;;;;;;;;;10876.0;69300.0
-2;884700;ASH_COATED_OSMIUM;9993;12;9991;27;;;10009;12;;;;;10001.0;16360.0
-2;884700;INTARIAN_PEPPER_ROOT;10879;12;10876;16;;;10891;12;10893;16;;;10885.0;70020.0
-2;884800;ASH_COATED_OSMIUM;9993;15;9991;21;;;10009;15;;;;;10001.0;16360.0
-2;884800;INTARIAN_PEPPER_ROOT;10879;9;10876;25;;;10891;9;10893;25;;;10885.0;70020.0
-2;884900;ASH_COATED_OSMIUM;9993;12;9991;26;;;10009;12;10012;26;;;10001.0;16360.0
-2;884900;INTARIAN_PEPPER_ROOT;10879;12;10876;16;;;10894;16;;;;;10886.5;70140.0
-2;885000;ASH_COATED_OSMIUM;9993;10;9991;20;;;10009;10;10012;20;;;10001.0;16360.0
-2;885000;INTARIAN_PEPPER_ROOT;10879;10;10876;22;;;10891;10;10894;22;;;10885.0;70020.0
-2;885100;ASH_COATED_OSMIUM;9993;13;9990;30;;;10009;13;10011;30;;;10001.0;16360.0
-2;885100;INTARIAN_PEPPER_ROOT;10879;11;10876;21;;;10891;11;10894;21;;;10885.0;70020.0
-2;885200;ASH_COATED_OSMIUM;9993;14;9991;30;;;10012;30;;;;;10002.5;16361.5
-2;885200;INTARIAN_PEPPER_ROOT;10879;8;10877;20;;;10894;20;;;;;10886.5;70140.0
-2;885300;ASH_COATED_OSMIUM;9993;10;9990;28;;;10009;10;10011;28;;;10001.0;16360.0
-2;885300;INTARIAN_PEPPER_ROOT;10879;8;10877;18;;;10891;8;10894;18;;;10885.0;70020.0
-2;885400;ASH_COATED_OSMIUM;9989;26;;;;;10008;13;10010;26;;;9998.5;16357.5
-2;885400;INTARIAN_PEPPER_ROOT;10879;12;;;;;10894;16;;;;;10886.5;70140.0
-2;885500;ASH_COATED_OSMIUM;9991;10;9989;25;;;10010;25;;;;;10000.5;16359.5
-2;885500;INTARIAN_PEPPER_ROOT;10880;8;;;;;10894;18;;;;;10887.0;70180.0
-2;885600;ASH_COATED_OSMIUM;9991;14;;;;;10007;14;10010;21;;;9999.0;16358.0
-2;885600;INTARIAN_PEPPER_ROOT;10880;9;10877;23;;;10892;9;10894;23;;;10886.0;70100.0
-2;885700;ASH_COATED_OSMIUM;9988;24;;;;;10007;11;10009;24;;;9997.5;16356.5
-2;885700;INTARIAN_PEPPER_ROOT;10880;11;;;;;10892;11;;;;;10886.0;70100.0
-2;885800;ASH_COATED_OSMIUM;9991;15;;;;;10007;15;10010;30;;;9999.0;16358.0
-2;885800;INTARIAN_PEPPER_ROOT;10880;9;;;;;10892;9;;;;;10886.0;70100.0
-2;885900;ASH_COATED_OSMIUM;9997;2;9991;11;9989;20;10007;11;10010;20;;;10002.0;16361.0
-2;885900;INTARIAN_PEPPER_ROOT;10880;12;10877;20;;;10892;12;10895;20;;;10886.0;70100.0
-2;886000;ASH_COATED_OSMIUM;9990;10;9988;21;;;10009;21;;;;;9999.5;16358.5
-2;886000;INTARIAN_PEPPER_ROOT;10877;24;;;;;10895;24;;;;;10886.0;70100.0
-2;886100;ASH_COATED_OSMIUM;;;;;;;10007;12;10009;25;;;10007.0;16366.0
-2;886100;INTARIAN_PEPPER_ROOT;10880;12;10877;25;;;10892;12;10895;25;;;10886.0;70100.0
-2;886200;ASH_COATED_OSMIUM;9991;13;9988;29;;;10009;29;;;;;10000.0;16359.0
-2;886200;INTARIAN_PEPPER_ROOT;10878;24;;;;;10892;8;10895;24;;;10885.0;70020.0
-2;886300;ASH_COATED_OSMIUM;9991;12;9989;28;;;10001;3;10007;12;10010;28;9996.0;16355.0
-2;886300;INTARIAN_PEPPER_ROOT;10880;10;10878;16;;;10895;16;;;;;10887.5;70220.0
-2;886400;ASH_COATED_OSMIUM;9991;11;9989;23;;;10010;23;;;;;10000.5;16359.5
-2;886400;INTARIAN_PEPPER_ROOT;;;;;;;10892;12;10895;22;;;10892.0;70580.0
-2;886500;ASH_COATED_OSMIUM;9992;11;9989;28;;;10008;11;10010;28;;;10000.0;16359.0
-2;886500;INTARIAN_PEPPER_ROOT;10881;10;;;;;10892;10;10895;16;;;10886.5;70140.0
-2;886600;ASH_COATED_OSMIUM;9992;15;9989;22;;;10008;15;10010;22;;;10000.0;16359.0
-2;886600;INTARIAN_PEPPER_ROOT;10878;18;;;;;10893;9;10895;18;;;10885.5;70060.0
-2;886700;ASH_COATED_OSMIUM;9991;13;9989;22;;;10010;22;;;;;10000.5;16359.5
-2;886700;INTARIAN_PEPPER_ROOT;10881;10;;;;;10893;10;;;;;10887.0;70180.0
-2;886800;ASH_COATED_OSMIUM;9992;15;9989;27;;;10008;15;10010;27;;;10000.0;16359.0
-2;886800;INTARIAN_PEPPER_ROOT;10881;9;;;;;10895;20;;;;;10888.0;70260.0
-2;886900;ASH_COATED_OSMIUM;9989;26;;;;;10008;11;10010;26;;;9998.5;16357.5
-2;886900;INTARIAN_PEPPER_ROOT;10881;12;;;;;10883;8;10893;12;10896;20;10882.0;69780.0
-2;887000;ASH_COATED_OSMIUM;9992;12;9989;30;;;9997;6;10008;12;10010;30;9994.5;16338.5
-2;887000;INTARIAN_PEPPER_ROOT;10881;10;10878;18;;;10893;10;10896;18;;;10887.0;70180.0
-2;887100;ASH_COATED_OSMIUM;9991;15;9989;23;;;;;;;;;9991.0;16314.0
-2;887100;INTARIAN_PEPPER_ROOT;10881;11;10878;25;;;10893;11;;;;;10887.0;70180.0
-2;887200;ASH_COATED_OSMIUM;9991;10;9989;26;;;10007;10;;;;;9999.0;16370.0
-2;887200;INTARIAN_PEPPER_ROOT;10881;10;10879;23;;;10896;23;;;;;10888.5;70300.0
-2;887300;ASH_COATED_OSMIUM;9990;25;;;;;10011;25;;;;;10000.5;16380.5
-2;887300;INTARIAN_PEPPER_ROOT;10879;23;;;;;10893;9;10896;23;;;10886.0;70100.0
-2;887400;ASH_COATED_OSMIUM;9992;12;9989;24;;;10008;12;;;;;10000.0;16377.0
-2;887400;INTARIAN_PEPPER_ROOT;10881;9;;;;;10893;9;10896;18;;;10887.0;70180.0
-2;887500;ASH_COATED_OSMIUM;9992;12;9990;20;;;10008;12;10011;20;;;10000.0;16377.0
-2;887500;INTARIAN_PEPPER_ROOT;10882;9;10879;23;;;10893;9;10896;23;;;10887.5;70220.0
-2;887600;ASH_COATED_OSMIUM;9992;13;9989;23;;;10008;13;;;;;10000.0;16377.0
-2;887600;INTARIAN_PEPPER_ROOT;10879;17;;;;;10894;10;10896;17;;;10886.5;70140.0
-2;887700;ASH_COATED_OSMIUM;9992;11;9990;26;;;10008;11;10011;26;;;10000.0;16377.0
-2;887700;INTARIAN_PEPPER_ROOT;10882;11;10879;24;;;10894;11;10896;24;;;10888.0;70260.0
-2;887800;ASH_COATED_OSMIUM;9990;30;;;;;10008;12;10011;30;;;9999.0;16370.0
-2;887800;INTARIAN_PEPPER_ROOT;10882;11;;;;;10894;11;10896;18;;;10888.0;70260.0
-2;887900;ASH_COATED_OSMIUM;9993;13;9990;23;;;10009;13;10011;23;;;10001.0;16384.0
-2;887900;INTARIAN_PEPPER_ROOT;10882;11;10879;21;;;10894;11;10897;21;;;10888.0;70260.0
-2;888000;ASH_COATED_OSMIUM;9993;10;;;;;10009;10;10012;29;;;10001.0;16384.0
-2;888000;INTARIAN_PEPPER_ROOT;10882;9;10879;21;;;10894;9;10897;21;;;10888.0;70260.0
-2;888100;ASH_COATED_OSMIUM;9993;10;9990;25;;;10011;25;;;;;10002.0;16391.0
-2;888100;INTARIAN_PEPPER_ROOT;10882;9;;;;;10894;9;10897;19;;;10888.0;70260.0
-2;888200;ASH_COATED_OSMIUM;9993;12;9990;26;;;10009;12;10011;26;;;10001.0;16384.0
-2;888200;INTARIAN_PEPPER_ROOT;10882;10;10880;24;;;10897;24;;;;;10889.5;70380.0
-2;888300;ASH_COATED_OSMIUM;9993;11;9991;30;;;10012;30;;;;;10002.5;16394.5
-2;888300;INTARIAN_PEPPER_ROOT;;;;;;;10894;12;10897;16;;;10894.0;70740.0
-2;888400;ASH_COATED_OSMIUM;9994;15;9991;23;;;10010;15;10012;23;;;10002.0;16391.0
-2;888400;INTARIAN_PEPPER_ROOT;10891;3;10882;9;10880;19;10894;9;10897;19;;;10892.5;70620.0
-2;888500;ASH_COATED_OSMIUM;9994;14;;;;;10010;14;10012;29;;;10002.0;16391.0
-2;888500;INTARIAN_PEPPER_ROOT;10880;16;;;;;10894;11;;;;;10887.0;70180.0
-2;888600;ASH_COATED_OSMIUM;9994;14;9991;30;;;10010;14;10013;30;;;10002.0;16391.0
-2;888600;INTARIAN_PEPPER_ROOT;10880;25;;;;;10895;12;10897;25;;;10887.5;70220.0
-2;888700;ASH_COATED_OSMIUM;9994;15;;;;;10010;15;10013;26;;;10002.0;16391.0
-2;888700;INTARIAN_PEPPER_ROOT;10883;9;10880;18;;;10895;9;10897;18;;;10889.0;70340.0
-2;888800;ASH_COATED_OSMIUM;9994;13;;;;;10010;13;10012;20;;;10002.0;16391.0
-2;888800;INTARIAN_PEPPER_ROOT;10883;10;10880;15;;;10895;10;10897;15;;;10889.0;70340.0
-2;888900;ASH_COATED_OSMIUM;9994;13;;;;;10010;13;10012;28;;;10002.0;16391.0
-2;888900;INTARIAN_PEPPER_ROOT;10883;8;10880;19;;;10895;8;10898;19;;;10889.0;70340.0
-2;889000;ASH_COATED_OSMIUM;9994;12;9991;22;;;10010;12;10012;22;;;10002.0;16391.0
-2;889000;INTARIAN_PEPPER_ROOT;10883;12;10880;21;;;10895;12;10898;21;;;10889.0;70340.0
-2;889100;ASH_COATED_OSMIUM;9991;21;;;;;10009;12;;;;;10000.0;16377.0
-2;889100;INTARIAN_PEPPER_ROOT;10883;8;;;;;10895;8;;;;;10889.0;70340.0
-2;889200;ASH_COATED_OSMIUM;9993;12;9991;25;;;10012;25;;;;;10002.5;16394.5
-2;889200;INTARIAN_PEPPER_ROOT;10883;9;10881;22;;;10895;9;10898;22;;;10889.0;70340.0
-2;889300;ASH_COATED_OSMIUM;9993;12;;;;;10003;4;10009;12;10012;30;9998.0;16363.0
-2;889300;INTARIAN_PEPPER_ROOT;;;;;;;10895;8;10898;25;;;10895.0;70820.0
-2;889400;ASH_COATED_OSMIUM;9993;13;;;;;;;;;;;9993.0;16328.0
-2;889400;INTARIAN_PEPPER_ROOT;10883;12;10881;20;;;10895;12;10898;20;;;10889.0;70340.0
-2;889500;ASH_COATED_OSMIUM;9993;14;9990;23;;;10009;14;10011;23;;;10001.0;16384.0
-2;889500;INTARIAN_PEPPER_ROOT;10884;11;10881;19;;;;;;;;;10884.0;69940.0
-2;889600;ASH_COATED_OSMIUM;9993;10;9991;23;;;10009;10;10012;23;;;10001.0;16384.0
-2;889600;INTARIAN_PEPPER_ROOT;10884;8;10881;24;;;10896;8;10898;24;;;10890.0;70420.0
-2;889700;ASH_COATED_OSMIUM;9993;13;9990;21;;;10009;13;10011;21;;;10001.0;16384.0
-2;889700;INTARIAN_PEPPER_ROOT;10884;12;;;;;10896;12;10898;16;;;10890.0;70420.0
-2;889800;ASH_COATED_OSMIUM;9992;12;;;;;10008;12;10011;30;;;10000.0;16377.0
-2;889800;INTARIAN_PEPPER_ROOT;10884;12;10881;19;;;10886;3;;;;;10885.0;70020.0
-2;889900;ASH_COATED_OSMIUM;9992;10;9990;25;;;10008;10;10011;25;;;10000.0;16377.0
-2;889900;INTARIAN_PEPPER_ROOT;10884;8;;;;;10896;8;10899;21;;;10890.0;70420.0
-2;890000;ASH_COATED_OSMIUM;9993;12;;;;;10011;27;;;;;10002.0;16391.0
-2;890000;INTARIAN_PEPPER_ROOT;10884;11;10881;18;;;10896;11;10899;18;;;10890.0;70420.0
-2;890100;ASH_COATED_OSMIUM;9992;15;9990;27;;;10008;15;10011;27;;;10000.0;16377.0
-2;890100;INTARIAN_PEPPER_ROOT;10884;12;10881;15;;;10896;12;10899;15;;;10890.0;70420.0
-2;890200;ASH_COATED_OSMIUM;9992;14;9990;24;;;10008;14;10011;24;;;10000.0;16377.0
-2;890200;INTARIAN_PEPPER_ROOT;10884;8;10882;23;;;10896;8;10899;23;;;10890.0;70420.0
-2;890300;ASH_COATED_OSMIUM;9989;23;;;;;10008;11;10010;23;;;9998.5;16366.5
-2;890300;INTARIAN_PEPPER_ROOT;10882;17;;;;;10899;17;;;;;10890.5;70460.0
-2;890400;ASH_COATED_OSMIUM;9993;10;9990;22;;;10009;10;10011;22;;;10001.0;16384.0
-2;890400;INTARIAN_PEPPER_ROOT;10884;9;10882;19;;;10896;9;;;;;10890.0;70420.0
-2;890500;ASH_COATED_OSMIUM;9992;12;9990;21;;;10008;12;10011;21;;;10000.0;16377.0
-2;890500;INTARIAN_PEPPER_ROOT;10885;8;10882;21;;;10896;8;10899;21;;;10890.5;70460.0
-2;890600;ASH_COATED_OSMIUM;9990;24;;;;;10008;13;;;;;9999.0;16370.0
-2;890600;INTARIAN_PEPPER_ROOT;10885;9;10882;23;;;10897;9;;;;;10891.0;70500.0
-2;890700;ASH_COATED_OSMIUM;9993;13;9990;25;;;10009;13;;;;;10001.0;16384.0
-2;890700;INTARIAN_PEPPER_ROOT;10885;10;;;;;10899;23;;;;;10892.0;70580.0
-2;890800;ASH_COATED_OSMIUM;9992;13;9990;24;;;10008;13;;;;;10000.0;16377.0
-2;890800;INTARIAN_PEPPER_ROOT;10882;20;;;;;10897;11;;;;;10889.5;70380.0
-2;890900;ASH_COATED_OSMIUM;9992;15;9989;29;;;10010;29;;;;;10001.0;16384.0
-2;890900;INTARIAN_PEPPER_ROOT;10885;12;10882;18;;;10897;12;10900;18;;;10891.0;70500.0
-2;891000;ASH_COATED_OSMIUM;9992;15;;;;;10008;15;10010;28;;;10000.0;16377.0
-2;891000;INTARIAN_PEPPER_ROOT;10885;11;10882;19;;;10900;19;;;;;10892.5;70620.0
-2;891100;ASH_COATED_OSMIUM;9992;11;9989;27;;;10008;11;10010;27;;;10000.0;16377.0
-2;891100;INTARIAN_PEPPER_ROOT;10885;12;10882;15;;;10897;12;10900;15;;;10891.0;70500.0
-2;891200;ASH_COATED_OSMIUM;9992;15;;;;;10008;15;10010;21;;;10000.0;16377.0
-2;891200;INTARIAN_PEPPER_ROOT;10885;10;10883;19;;;10900;19;;;;;10892.5;70620.0
-2;891300;ASH_COATED_OSMIUM;9992;14;;;;;10008;14;10010;30;;;10000.0;16447.0
-2;891300;INTARIAN_PEPPER_ROOT;;;;;;;10897;8;10900;16;;;10897.0;70980.0
-2;891400;ASH_COATED_OSMIUM;9992;15;9989;27;;;10008;15;10010;27;;;10000.0;16447.0
-2;891400;INTARIAN_PEPPER_ROOT;10883;19;;;;;10897;10;10900;19;;;10890.0;70420.0
-2;891500;ASH_COATED_OSMIUM;9992;10;9989;23;;;10010;23;;;;;10001.0;16444.0
-2;891500;INTARIAN_PEPPER_ROOT;10886;11;10883;19;;;10897;11;;;;;10891.5;70540.0
-2;891600;ASH_COATED_OSMIUM;9993;12;9990;29;;;10009;12;10011;29;;;10001.0;16444.0
-2;891600;INTARIAN_PEPPER_ROOT;10886;11;10883;24;;;10898;11;;;;;10892.0;70580.0
-2;891700;ASH_COATED_OSMIUM;9993;10;9991;29;;;10012;29;;;;;10002.5;16439.5
-2;891700;INTARIAN_PEPPER_ROOT;10886;12;10883;20;;;;;;;;;10886.0;70100.0
-2;891800;ASH_COATED_OSMIUM;9993;10;9991;30;;;10003;4;10012;30;;;9998.0;16453.0
-2;891800;INTARIAN_PEPPER_ROOT;10886;10;10883;21;;;10898;10;;;;;10892.0;70580.0
-2;891900;ASH_COATED_OSMIUM;9993;11;;;;;10009;11;;;;;10001.0;16444.0
-2;891900;INTARIAN_PEPPER_ROOT;10886;9;10883;17;;;10894;12;10898;9;;;10890.0;70420.0
-2;892000;ASH_COATED_OSMIUM;9991;25;;;;;;;;;;;9991.0;16474.0
-2;892000;INTARIAN_PEPPER_ROOT;10886;11;10883;17;;;10898;11;10901;17;;;10892.0;70580.0
-2;892100;ASH_COATED_OSMIUM;9993;13;9990;30;;;10009;13;10011;30;;;10001.0;16444.0
-2;892100;INTARIAN_PEPPER_ROOT;10886;11;10883;18;;;10898;11;10901;18;;;10892.0;70580.0
-2;892200;ASH_COATED_OSMIUM;9993;13;9990;25;;;10009;13;10011;25;;;10001.0;16444.0
-2;892200;INTARIAN_PEPPER_ROOT;10886;10;10884;23;;;10898;10;10901;23;;;10892.0;70580.0
-2;892300;ASH_COATED_OSMIUM;9990;25;;;;;10008;13;10011;25;;;9999.0;16450.0
-2;892300;INTARIAN_PEPPER_ROOT;10886;10;10884;21;;;10898;10;10901;21;;;10892.0;70580.0
-2;892400;ASH_COATED_OSMIUM;9993;12;;;;;10011;20;;;;;10002.0;16441.0
-2;892400;INTARIAN_PEPPER_ROOT;10886;12;;;;;10898;12;10901;22;;;10892.0;70580.0
-2;892500;ASH_COATED_OSMIUM;9993;11;9990;23;;;10009;11;10011;23;;;10001.0;16444.0
-2;892500;INTARIAN_PEPPER_ROOT;10887;11;10884;25;;;10898;11;10901;25;;;10892.5;70620.0
-2;892600;ASH_COATED_OSMIUM;9992;14;9990;30;;;10008;14;10011;30;;;10000.0;16447.0
-2;892600;INTARIAN_PEPPER_ROOT;10887;11;10884;25;;;10899;11;10901;25;;;10893.0;70660.0
-2;892700;ASH_COATED_OSMIUM;9992;15;9990;28;;;10008;15;;;;;10000.0;16447.0
-2;892700;INTARIAN_PEPPER_ROOT;10884;19;;;;;10901;19;;;;;10892.5;70620.0
-2;892800;ASH_COATED_OSMIUM;9992;13;9990;27;;;10008;13;10011;27;;;10000.0;16482.0
-2;892800;INTARIAN_PEPPER_ROOT;10887;9;10884;15;;;10901;15;;;;;10894.0;70740.0
-2;892900;ASH_COATED_OSMIUM;9993;10;9990;29;;;;;;;;;9993.0;16538.0
-2;892900;INTARIAN_PEPPER_ROOT;10887;8;10884;16;;;10899;8;10902;16;;;10893.0;70660.0
-2;893000;ASH_COATED_OSMIUM;;;;;;;10008;11;10011;23;;;10008.0;16418.0
-2;893000;INTARIAN_PEPPER_ROOT;10887;10;10884;17;;;10899;10;10902;17;;;10893.0;70660.0
-2;893100;ASH_COATED_OSMIUM;9992;15;9990;20;;;10011;20;;;;;10001.5;16470.0
-2;893100;INTARIAN_PEPPER_ROOT;10887;9;;;;;10899;9;10902;25;;;10893.0;70660.0
-2;893200;ASH_COATED_OSMIUM;9998;2;9992;14;9990;30;10011;30;;;;;10004.5;16446.0
-2;893200;INTARIAN_PEPPER_ROOT;10887;12;10885;23;;;10899;12;10902;23;;;10893.0;70660.0
-2;893300;ASH_COATED_OSMIUM;9992;13;9990;20;;;10008;13;;;;;10000.0;16482.0
-2;893300;INTARIAN_PEPPER_ROOT;10887;11;;;;;10899;11;10902;24;;;10893.0;70660.0
-2;893400;ASH_COATED_OSMIUM;9992;15;9990;23;;;10008;15;10011;23;;;10000.0;16482.0
-2;893400;INTARIAN_PEPPER_ROOT;10887;10;10885;21;;;10899;10;;;;;10893.0;70660.0
-2;893500;ASH_COATED_OSMIUM;9993;12;9990;20;;;10009;12;10011;20;;;10001.0;16474.0
-2;893500;INTARIAN_PEPPER_ROOT;10888;10;10885;15;;;10899;10;10902;15;;;10893.5;70700.0
-2;893600;ASH_COATED_OSMIUM;9993;15;9990;26;;;10002;5;10009;15;10011;26;9997.5;16502.0
-2;893600;INTARIAN_PEPPER_ROOT;10888;12;;;;;10900;12;10902;17;;;10894.0;70740.0
-2;893700;ASH_COATED_OSMIUM;9992;13;9990;22;;;10008;13;10011;22;;;10000.0;16482.0
-2;893700;INTARIAN_PEPPER_ROOT;10888;10;10885;23;;;10900;10;10902;23;;;10894.0;70740.0
-2;893800;ASH_COATED_OSMIUM;9992;13;9989;27;;;10008;13;10010;27;;;10000.0;16482.0
-2;893800;INTARIAN_PEPPER_ROOT;10891;9;10888;9;;;10900;9;10902;17;;;10895.5;70860.0
-2;893900;ASH_COATED_OSMIUM;9992;13;9990;21;;;10008;13;10011;21;;;10000.0;16482.0
-2;893900;INTARIAN_PEPPER_ROOT;10885;20;;;;;10900;11;10903;20;;;10892.5;70620.0
-2;894000;ASH_COATED_OSMIUM;9992;10;9990;26;;;10008;10;10011;26;;;10000.0;16482.0
-2;894000;INTARIAN_PEPPER_ROOT;10888;8;10885;25;;;10900;8;10903;25;;;10894.0;70740.0
-2;894100;ASH_COATED_OSMIUM;9993;14;9990;26;;;10009;14;10011;26;;;10001.0;16474.0
-2;894100;INTARIAN_PEPPER_ROOT;10888;8;;;;;10900;8;;;;;10894.0;70740.0
-2;894200;ASH_COATED_OSMIUM;9993;11;9990;27;;;10009;11;10011;27;;;10001.0;16474.0
-2;894200;INTARIAN_PEPPER_ROOT;10888;12;10886;20;;;10900;12;10903;20;;;10894.0;70740.0
-2;894300;ASH_COATED_OSMIUM;9993;10;;;;;10011;26;;;;;10002.0;16466.0
-2;894300;INTARIAN_PEPPER_ROOT;10888;11;10886;25;;;10900;11;10903;25;;;10894.0;70740.0
-2;894400;ASH_COATED_OSMIUM;9990;21;;;;;10009;10;10011;21;;;9999.5;16486.0
-2;894400;INTARIAN_PEPPER_ROOT;10886;15;;;;;10900;11;10903;15;;;10893.0;70660.0
-2;894500;ASH_COATED_OSMIUM;9990;20;;;;;10009;12;;;;;9999.5;16486.0
-2;894500;INTARIAN_PEPPER_ROOT;10889;10;10886;18;;;10900;10;10903;18;;;10894.5;70780.0
-2;894600;ASH_COATED_OSMIUM;9991;24;;;;;10009;12;;;;;10000.0;16482.0
-2;894600;INTARIAN_PEPPER_ROOT;10889;11;10886;20;;;10901;11;;;;;10895.0;70820.0
-2;894700;ASH_COATED_OSMIUM;9993;15;9991;27;;;10009;15;10012;27;;;10001.0;16474.0
-2;894700;INTARIAN_PEPPER_ROOT;10889;9;10886;20;;;10901;9;;;;;10895.0;70820.0
-2;894800;ASH_COATED_OSMIUM;9993;12;9991;20;;;10003;3;10009;12;10012;20;9998.0;16498.0
-2;894800;INTARIAN_PEPPER_ROOT;10889;11;10886;18;;;10903;18;;;;;10896.0;70900.0
-2;894900;ASH_COATED_OSMIUM;9993;14;9991;28;;;10009;14;10012;28;;;10001.0;16474.0
-2;894900;INTARIAN_PEPPER_ROOT;10889;10;10886;24;;;;;;;;;10889.0;70340.0
-2;895000;ASH_COATED_OSMIUM;9993;12;9991;27;;;10009;12;10012;27;;;10001.0;16474.0
-2;895000;INTARIAN_PEPPER_ROOT;10886;18;;;;;10904;18;;;;;10895.0;70820.0
-2;895100;ASH_COATED_OSMIUM;9993;12;9991;29;;;10009;12;10012;29;;;10001.0;16474.0
-2;895100;INTARIAN_PEPPER_ROOT;10886;16;;;;;10901;12;10904;16;;;10893.5;70700.0
-2;895200;ASH_COATED_OSMIUM;9993;14;;;;;10009;14;;;;;10001.0;16474.0
-2;895200;INTARIAN_PEPPER_ROOT;10889;8;10887;16;;;10901;8;;;;;10895.0;70820.0
-2;895300;ASH_COATED_OSMIUM;9993;14;;;;;10009;14;10011;24;;;10001.0;16474.0
-2;895300;INTARIAN_PEPPER_ROOT;10889;8;10887;15;;;10901;8;;;;;10895.0;70820.0
-2;895400;ASH_COATED_OSMIUM;9993;14;9990;29;;;10011;29;;;;;10002.0;16466.0
-2;895400;INTARIAN_PEPPER_ROOT;10889;8;10887;20;;;10904;20;;;;;10896.5;70940.0
-2;895500;ASH_COATED_OSMIUM;9991;29;;;;;;;;;;;9991.0;16554.0
-2;895500;INTARIAN_PEPPER_ROOT;10890;8;10887;21;;;10901;8;10904;21;;;10895.5;70860.0
-2;895600;ASH_COATED_OSMIUM;9994;15;9991;26;;;10010;15;;;;;10002.0;16466.0
-2;895600;INTARIAN_PEPPER_ROOT;10890;8;;;;;10904;25;;;;;10897.0;70980.0
-2;895700;ASH_COATED_OSMIUM;9991;22;;;;;10010;15;;;;;10000.5;16512.0
-2;895700;INTARIAN_PEPPER_ROOT;10890;8;10887;15;;;10902;8;10904;15;;;10896.0;70900.0
-2;895800;ASH_COATED_OSMIUM;9994;15;9991;28;;;10010;15;;;;;10002.0;16494.0
-2;895800;INTARIAN_PEPPER_ROOT;10890;9;10887;17;;;10892;5;10902;9;10904;17;10891.0;70500.0
-2;895900;ASH_COATED_OSMIUM;9994;12;9992;29;;;10013;29;;;;;10003.5;16476.0
-2;895900;INTARIAN_PEPPER_ROOT;10890;10;10887;18;;;10902;10;;;;;10896.0;70900.0
-2;896000;ASH_COATED_OSMIUM;10000;4;9994;14;;;10010;14;;;;;10005.0;16458.0
-2;896000;INTARIAN_PEPPER_ROOT;10890;12;10887;20;;;10902;12;10905;20;;;10896.0;70900.0
-2;896100;ASH_COATED_OSMIUM;9994;13;9992;28;;;10010;13;;;;;10002.0;16494.0
-2;896100;INTARIAN_PEPPER_ROOT;;;;;;;10902;10;10905;16;;;10902.0;71380.0
-2;896200;ASH_COATED_OSMIUM;9994;15;;;;;10010;15;10013;20;;;10002.0;16494.0
-2;896200;INTARIAN_PEPPER_ROOT;10890;11;10888;20;;;10902;11;10905;20;;;10896.0;70900.0
-2;896300;ASH_COATED_OSMIUM;9994;10;;;;;10012;28;;;;;10003.0;16482.0
-2;896300;INTARIAN_PEPPER_ROOT;10890;8;10888;19;;;10902;8;10905;19;;;10896.0;70900.0
-2;896400;ASH_COATED_OSMIUM;9994;11;;;;;10010;11;;;;;10002.0;16494.0
-2;896400;INTARIAN_PEPPER_ROOT;10890;12;10888;17;;;10902;12;10905;17;;;10896.0;70900.0
-2;896500;ASH_COATED_OSMIUM;9994;15;9991;24;;;10010;15;10012;24;;;10002.0;16494.0
-2;896500;INTARIAN_PEPPER_ROOT;10891;11;10888;21;;;10902;11;;;;;10896.5;70940.0
-2;896600;ASH_COATED_OSMIUM;9994;12;9992;22;;;10010;12;10013;22;;;10002.0;16494.0
-2;896600;INTARIAN_PEPPER_ROOT;;;;;;;10903;12;10905;20;;;10903.0;71460.0
-2;896700;ASH_COATED_OSMIUM;9995;10;9992;23;;;10011;10;10013;23;;;10003.0;16482.0
-2;896700;INTARIAN_PEPPER_ROOT;10891;12;10888;16;;;10903;12;10905;16;;;10897.0;70980.0
-2;896800;ASH_COATED_OSMIUM;9992;20;;;;;10010;11;10013;20;;;10001.0;16506.0
-2;896800;INTARIAN_PEPPER_ROOT;10891;10;10888;18;;;10903;10;10905;18;;;10897.0;70980.0
-2;896900;ASH_COATED_OSMIUM;9994;11;9992;28;;;10013;28;;;;;10003.5;16476.0
-2;896900;INTARIAN_PEPPER_ROOT;10891;9;10888;18;;;10903;9;10906;18;;;10897.0;70980.0
-2;897000;ASH_COATED_OSMIUM;9994;10;9992;30;;;10013;30;;;;;10003.5;16476.0
-2;897000;INTARIAN_PEPPER_ROOT;10891;9;10888;22;;;10903;9;10906;22;;;10897.0;70980.0
-2;897100;ASH_COATED_OSMIUM;9994;12;9992;30;;;10013;30;;;;;10003.5;16476.0
-2;897100;INTARIAN_PEPPER_ROOT;10888;19;;;;;10903;10;;;;;10895.5;70860.0
-2;897200;ASH_COATED_OSMIUM;9994;10;9992;29;;;10010;10;;;;;10002.0;16494.0
-2;897200;INTARIAN_PEPPER_ROOT;10891;9;;;;;10903;9;10906;25;;;10897.0;70980.0
-2;897300;ASH_COATED_OSMIUM;9995;15;;;;;10011;15;;;;;10003.0;16482.0
-2;897300;INTARIAN_PEPPER_ROOT;10891;8;10889;24;;;10903;8;10906;24;;;10897.0;70980.0
-2;897400;ASH_COATED_OSMIUM;9994;12;9992;28;;;10013;28;;;;;10003.5;16476.0
-2;897400;INTARIAN_PEPPER_ROOT;10891;12;10889;20;;;10903;12;10906;20;;;10897.0;70980.0
-2;897500;ASH_COATED_OSMIUM;9994;12;;;;;10010;12;;;;;10002.0;16494.0
-2;897500;INTARIAN_PEPPER_ROOT;10889;20;;;;;10903;8;;;;;10896.0;70900.0
-2;897600;ASH_COATED_OSMIUM;10004;8;9994;14;;;10010;14;10013;27;;;10007.0;16410.0
-2;897600;INTARIAN_PEPPER_ROOT;10889;19;;;;;10904;9;;;;;10896.5;70940.0
-2;897700;ASH_COATED_OSMIUM;9994;11;;;;;;;;;;;9994.0;16670.0
-2;897700;INTARIAN_PEPPER_ROOT;10892;11;10889;16;;;10904;11;10906;16;;;10898.0;71060.0
-2;897800;ASH_COATED_OSMIUM;9995;14;9993;27;;;10011;14;10014;27;;;10003.0;16490.0
-2;897800;INTARIAN_PEPPER_ROOT;10892;9;;;;;10904;9;10906;20;;;10898.0;71060.0
-2;897900;ASH_COATED_OSMIUM;9995;10;9993;29;;;10011;10;10014;29;;;10003.0;16490.0
-2;897900;INTARIAN_PEPPER_ROOT;10892;11;10889;20;;;10904;11;10907;20;;;10898.0;71060.0
-2;898000;ASH_COATED_OSMIUM;9993;30;;;;;10014;30;;;;;10003.5;16480.0
-2;898000;INTARIAN_PEPPER_ROOT;10892;9;10889;16;;;10904;9;;;;;10898.0;71060.0
-2;898100;ASH_COATED_OSMIUM;9995;15;;;;;10011;15;10014;30;;;10003.0;16490.0
-2;898100;INTARIAN_PEPPER_ROOT;10892;8;10889;24;;;10904;8;10907;24;;;10898.0;71060.0
-2;898200;ASH_COATED_OSMIUM;9996;10;9993;30;;;10012;10;10014;30;;;10004.0;16470.0
-2;898200;INTARIAN_PEPPER_ROOT;10892;8;10890;20;;;10904;8;10907;20;;;10898.0;71060.0
-2;898300;ASH_COATED_OSMIUM;9995;15;9993;23;;;10011;15;10014;23;;;10003.0;16490.0
-2;898300;INTARIAN_PEPPER_ROOT;10901;8;10892;9;10890;15;10907;15;;;;;10904.0;71540.0
-2;898400;ASH_COATED_OSMIUM;9995;15;;;;;10011;15;10014;25;;;10003.0;16553.0
-2;898400;INTARIAN_PEPPER_ROOT;10892;11;10890;25;;;10904;11;10907;25;;;10898.0;71060.0
-2;898500;ASH_COATED_OSMIUM;9996;13;9993;20;;;10014;20;;;;;10005.0;16531.0
-2;898500;INTARIAN_PEPPER_ROOT;10893;12;10890;16;;;10904;12;;;;;10898.5;71100.0
-2;898600;ASH_COATED_OSMIUM;10002;3;9996;15;9994;30;10012;15;10015;30;;;10007.0;16509.0
-2;898600;INTARIAN_PEPPER_ROOT;10893;9;;;;;10905;9;10907;19;;;10899.0;71140.0
-2;898700;ASH_COATED_OSMIUM;9997;11;9994;23;;;10013;11;10015;23;;;10005.0;16531.0
-2;898700;INTARIAN_PEPPER_ROOT;10893;9;10890;19;;;10907;19;;;;;10900.0;71220.0
-2;898800;ASH_COATED_OSMIUM;9996;10;;;;;10012;10;;;;;10004.0;16542.0
-2;898800;INTARIAN_PEPPER_ROOT;10893;10;10890;24;;;10907;24;;;;;10900.0;71220.0
-2;898900;ASH_COATED_OSMIUM;9996;10;9994;29;;;10015;29;;;;;10005.5;16525.5
-2;898900;INTARIAN_PEPPER_ROOT;10890;20;;;;;10905;8;10908;20;;;10897.5;71020.0
-2;899000;ASH_COATED_OSMIUM;9995;10;9993;21;;;10011;10;10014;21;;;10003.0;16553.0
-2;899000;INTARIAN_PEPPER_ROOT;10893;11;10890;19;;;10905;11;10908;19;;;10899.0;71140.0
-2;899100;ASH_COATED_OSMIUM;9995;14;9993;23;;;10011;14;;;;;10003.0;16553.0
-2;899100;INTARIAN_PEPPER_ROOT;10893;8;10890;25;;;10905;8;10908;25;;;10899.0;71140.0
-2;899200;ASH_COATED_OSMIUM;9993;26;;;;;10011;11;10014;26;;;10002.0;16564.0
-2;899200;INTARIAN_PEPPER_ROOT;10891;20;;;;;10905;8;10908;20;;;10898.0;71060.0
-2;899300;ASH_COATED_OSMIUM;9995;13;9993;30;;;10014;30;;;;;10004.5;16536.5
-2;899300;INTARIAN_PEPPER_ROOT;10893;9;10891;23;;;10905;9;10908;23;;;10899.0;71140.0
-2;899400;ASH_COATED_OSMIUM;9995;11;;;;;10011;11;10013;24;;;10003.0;16553.0
-2;899400;INTARIAN_PEPPER_ROOT;10893;11;10891;18;;;10908;18;;;;;10900.5;71260.0
-2;899500;ASH_COATED_OSMIUM;10001;2;9995;11;9993;28;10011;11;10014;28;;;10006.0;16520.0
-2;899500;INTARIAN_PEPPER_ROOT;10894;10;10891;23;;;10908;23;;;;;10901.0;71300.0
-2;899600;ASH_COATED_OSMIUM;9996;10;9993;24;;;10012;10;;;;;10004.0;16542.0
-2;899600;INTARIAN_PEPPER_ROOT;10894;10;10891;16;;;10906;10;10908;16;;;10900.0;71220.0
-2;899700;ASH_COATED_OSMIUM;9995;11;9993;26;;;10011;11;;;;;10003.0;16553.0
-2;899700;INTARIAN_PEPPER_ROOT;10891;16;;;;;10906;10;10908;16;;;10898.5;71100.0
-2;899800;ASH_COATED_OSMIUM;9995;11;9992;25;;;10011;11;10013;25;;;10003.0;16553.0
-2;899800;INTARIAN_PEPPER_ROOT;10894;11;10891;16;;;10906;11;;;;;10900.0;71220.0
-2;899900;ASH_COATED_OSMIUM;9995;10;9993;22;;;10005;5;10011;10;10014;22;10000.0;16586.0
-2;899900;INTARIAN_PEPPER_ROOT;10891;20;;;;;10906;9;;;;;10898.5;71100.0
-2;900000;ASH_COATED_OSMIUM;9995;15;9993;30;;;10011;15;10014;30;;;10003.0;16553.0
-2;900000;INTARIAN_PEPPER_ROOT;10894;10;10891;19;;;10906;10;10909;19;;;10900.0;71220.0
-2;900100;ASH_COATED_OSMIUM;9996;13;9993;30;;;10012;13;;;;;10004.0;16542.0
-2;900100;INTARIAN_PEPPER_ROOT;;;;;;;10906;12;;;;;10906.0;71700.0
-2;900200;ASH_COATED_OSMIUM;9996;11;9994;22;;;10015;22;;;;;10005.5;16525.5
-2;900200;INTARIAN_PEPPER_ROOT;10894;11;;;;;10906;11;10909;25;;;10900.0;71220.0
-2;900300;ASH_COATED_OSMIUM;9996;11;9993;27;;;10012;11;10014;27;;;10004.0;16542.0
-2;900300;INTARIAN_PEPPER_ROOT;10892;18;;;;;10906;10;10909;18;;;10899.0;71140.0
-2;900400;ASH_COATED_OSMIUM;9996;14;9993;26;;;10012;14;10014;26;;;10004.0;16542.0
-2;900400;INTARIAN_PEPPER_ROOT;10894;10;;;;;10906;10;;;;;10900.0;71220.0
-2;900500;ASH_COATED_OSMIUM;10001;4;9996;11;9993;24;10012;11;10014;24;;;10006.5;16514.5
-2;900500;INTARIAN_PEPPER_ROOT;10895;11;10892;17;;;10906;11;10909;17;;;10900.5;71260.0
-2;900600;ASH_COATED_OSMIUM;9993;26;;;;;10012;12;10014;26;;;10002.5;16558.5
-2;900600;INTARIAN_PEPPER_ROOT;10895;10;10892;15;;;10909;15;;;;;10902.0;71380.0
-2;900700;ASH_COATED_OSMIUM;;;;;;;10011;14;10014;26;;;10011.0;16465.0
-2;900700;INTARIAN_PEPPER_ROOT;10895;10;;;;;10902;5;10907;10;10909;17;10898.5;71100.0
-2;900800;ASH_COATED_OSMIUM;9995;10;9992;22;;;;;;;;;9995.0;16641.0
-2;900800;INTARIAN_PEPPER_ROOT;10895;10;;;;;10907;10;10909;17;;;10901.0;71300.0
-2;900900;ASH_COATED_OSMIUM;9995;12;9993;22;;;10011;12;10014;22;;;10003.0;16553.0
-2;900900;INTARIAN_PEPPER_ROOT;10895;11;10892;17;;;10907;11;10910;17;;;10901.0;71300.0
-2;901000;ASH_COATED_OSMIUM;9995;15;9993;26;;;10011;15;;;;;10003.0;16553.0
-2;901000;INTARIAN_PEPPER_ROOT;10904;7;10895;8;10892;23;10907;8;10910;23;;;10905.5;71660.0
-2;901100;ASH_COATED_OSMIUM;9995;14;9993;26;;;10011;14;;;;;10003.0;16553.0
-2;901100;INTARIAN_PEPPER_ROOT;10892;25;;;;;10907;12;;;;;10899.5;71180.0
-2;901200;ASH_COATED_OSMIUM;9995;11;9992;30;;;10013;30;;;;;10004.0;16542.0
-2;901200;INTARIAN_PEPPER_ROOT;10895;12;10893;23;;;10907;12;;;;;10901.0;71300.0
-2;901300;ASH_COATED_OSMIUM;9995;10;9993;26;;;10011;10;10014;26;;;10003.0;16553.0
-2;901300;INTARIAN_PEPPER_ROOT;10895;8;10893;19;;;10907;8;10910;19;;;10901.0;71300.0
-2;901400;ASH_COATED_OSMIUM;9995;10;9993;23;;;10011;10;;;;;10003.0;16553.0
-2;901400;INTARIAN_PEPPER_ROOT;10904;7;10893;17;;;10907;11;10910;17;;;10905.5;71660.0
-2;901500;ASH_COATED_OSMIUM;9996;10;;;;;10015;24;;;;;10005.5;16525.5
-2;901500;INTARIAN_PEPPER_ROOT;10896;11;10893;17;;;10907;11;10910;17;;;10901.5;71340.0
-2;901600;ASH_COATED_OSMIUM;9996;10;9993;28;;;10012;10;10014;28;;;10004.0;16542.0
-2;901600;INTARIAN_PEPPER_ROOT;10896;11;;;;;10908;11;10910;20;;;10902.0;71380.0
-2;901700;ASH_COATED_OSMIUM;9993;30;;;;;10014;30;;;;;10003.5;16576.0
-2;901700;INTARIAN_PEPPER_ROOT;10896;10;10893;20;;;10908;10;10910;20;;;10902.0;71380.0
-2;901800;ASH_COATED_OSMIUM;9995;14;;;;;10011;14;10014;21;;;10003.0;16580.0
-2;901800;INTARIAN_PEPPER_ROOT;10896;12;10893;17;;;10908;12;10910;17;;;10902.0;71380.0
-2;901900;ASH_COATED_OSMIUM;10001;5;9996;13;;;;;;;;;10001.0;16596.0
-2;901900;INTARIAN_PEPPER_ROOT;10896;12;10893;20;;;10911;20;;;;;10903.5;71500.0
-2;902000;ASH_COATED_OSMIUM;9996;13;9993;23;;;10012;13;10014;23;;;10004.0;16572.0
-2;902000;INTARIAN_PEPPER_ROOT;10893;16;;;;;10908;11;10911;16;;;10900.5;71260.0
-2;902100;ASH_COATED_OSMIUM;9995;14;9993;28;;;10011;14;10014;28;;;10003.0;16580.0
-2;902100;INTARIAN_PEPPER_ROOT;10896;10;10893;16;;;10911;16;;;;;10903.5;71500.0
-2;902200;ASH_COATED_OSMIUM;9993;24;;;;;10011;10;10014;24;;;10002.0;16588.0
-2;902200;INTARIAN_PEPPER_ROOT;10896;11;10894;17;;;10911;17;;;;;10903.5;71500.0
-2;902300;ASH_COATED_OSMIUM;9995;14;9992;21;;;10011;14;10013;21;;;10003.0;16580.0
-2;902300;INTARIAN_PEPPER_ROOT;10896;10;10894;15;;;10908;10;10911;15;;;10902.0;71380.0
-2;902400;ASH_COATED_OSMIUM;9995;13;9992;27;;;10011;13;10013;27;;;10003.0;16580.0
-2;902400;INTARIAN_PEPPER_ROOT;10905;6;10896;9;;;10908;9;10911;22;;;10906.5;71740.0
-2;902500;ASH_COATED_OSMIUM;9994;11;;;;;10010;11;10013;28;;;10002.0;16616.0
-2;902500;INTARIAN_PEPPER_ROOT;10897;12;10894;15;;;10908;12;10911;15;;;10902.5;71420.0
-2;902600;ASH_COATED_OSMIUM;9994;15;9992;24;;;10010;15;10013;24;;;10002.0;16616.0
-2;902600;INTARIAN_PEPPER_ROOT;10897;9;10894;18;;;;;;;;;10897.0;70980.0
-2;902700;ASH_COATED_OSMIUM;9995;10;9992;25;;;10011;10;10013;25;;;10003.0;16633.0
-2;902700;INTARIAN_PEPPER_ROOT;;;;;;;10909;10;10911;19;;;10909.0;71940.0
-2;902800;ASH_COATED_OSMIUM;9995;11;9992;25;;;10011;11;10013;25;;;10003.0;16633.0
-2;902800;INTARIAN_PEPPER_ROOT;10897;12;;;;;;;;;;;10897.0;70980.0
-2;902900;ASH_COATED_OSMIUM;9995;13;;;;;10011;13;10013;28;;;10003.0;16633.0
-2;902900;INTARIAN_PEPPER_ROOT;;;;;;;10912;18;;;;;10912.0;72180.0
-2;903000;ASH_COATED_OSMIUM;9995;14;9992;30;;;10011;14;10013;30;;;10003.0;16633.0
-2;903000;INTARIAN_PEPPER_ROOT;10897;9;10894;18;;;10909;9;10912;18;;;10903.0;71460.0
-2;903100;ASH_COATED_OSMIUM;9995;12;9993;25;;;10014;25;;;;;10004.5;16631.5
-2;903100;INTARIAN_PEPPER_ROOT;10897;12;10894;19;;;10909;12;10912;19;;;10903.0;71460.0
-2;903200;ASH_COATED_OSMIUM;9995;12;9992;29;;;10011;12;10013;29;;;10003.0;16633.0
-2;903200;INTARIAN_PEPPER_ROOT;10897;10;10895;22;;;10909;10;10912;22;;;10903.0;71460.0
-2;903300;ASH_COATED_OSMIUM;9994;10;9992;25;;;10010;10;10013;25;;;10002.0;16634.0
-2;903300;INTARIAN_PEPPER_ROOT;10895;18;;;;;10909;8;10912;18;;;10902.0;71380.0
-2;903400;ASH_COATED_OSMIUM;9994;13;9992;24;;;10010;13;;;;;10002.0;16634.0
-2;903400;INTARIAN_PEPPER_ROOT;10897;11;10895;15;;;10912;15;;;;;10904.5;71580.0
-2;903500;ASH_COATED_OSMIUM;9994;15;9991;27;;;10010;15;10012;27;;;10002.0;16669.0
-2;903500;INTARIAN_PEPPER_ROOT;10898;12;10895;17;;;;;;;;;10898.0;71060.0
-2;903600;ASH_COATED_OSMIUM;9994;11;9991;20;;;10010;11;10012;20;;;10002.0;16669.0
-2;903600;INTARIAN_PEPPER_ROOT;10898;11;10895;23;;;10910;11;10912;23;;;10904.0;71540.0
-2;903700;ASH_COATED_OSMIUM;9994;13;9992;21;;;10010;13;10013;21;;;10002.0;16669.0
-2;903700;INTARIAN_PEPPER_ROOT;10898;11;10895;15;;;10910;11;;;;;10904.0;71540.0
-2;903800;ASH_COATED_OSMIUM;9994;12;9991;28;;;10010;12;10012;28;;;10002.0;16669.0
-2;903800;INTARIAN_PEPPER_ROOT;10898;8;;;;;10910;8;10912;16;;;10904.0;71540.0
-2;903900;ASH_COATED_OSMIUM;9994;10;;;;;10010;10;10013;22;;;10002.0;16669.0
-2;903900;INTARIAN_PEPPER_ROOT;10898;12;10895;19;;;10913;19;;;;;10905.5;71660.0
-2;904000;ASH_COATED_OSMIUM;9994;10;9992;30;;;10010;10;10013;30;;;10002.0;16669.0
-2;904000;INTARIAN_PEPPER_ROOT;10898;8;10895;24;;;10910;8;10913;24;;;10904.0;71540.0
-2;904100;ASH_COATED_OSMIUM;9992;27;;;;;10010;10;10013;27;;;10001.0;16665.0
-2;904100;INTARIAN_PEPPER_ROOT;10895;20;;;;;10910;10;10913;20;;;10902.5;71420.0
-2;904200;ASH_COATED_OSMIUM;9992;20;;;;;10010;11;10013;20;;;10001.0;16665.0
-2;904200;INTARIAN_PEPPER_ROOT;10898;11;;;;;10910;11;10913;16;;;10904.0;71540.0
-2;904300;ASH_COATED_OSMIUM;9995;12;9992;25;;;10011;12;10013;25;;;10003.0;16673.0
-2;904300;INTARIAN_PEPPER_ROOT;10898;8;;;;;10910;8;10913;22;;;10904.0;71540.0
-2;904400;ASH_COATED_OSMIUM;9995;12;9992;24;;;10011;12;10013;24;;;10003.0;16673.0
-2;904400;INTARIAN_PEPPER_ROOT;10898;12;;;;;;;;;;;10898.0;71060.0
-2;904500;ASH_COATED_OSMIUM;9994;10;9992;20;;;;;;;;;9994.0;16637.0
-2;904500;INTARIAN_PEPPER_ROOT;10899;12;10896;15;;;10910;12;10913;15;;;10904.5;71580.0
-2;904600;ASH_COATED_OSMIUM;;;;;;;;;;;;;0.0;-23339.0
-2;904600;INTARIAN_PEPPER_ROOT;10899;10;10896;23;;;10911;10;10913;23;;;10905.0;71620.0
-2;904700;ASH_COATED_OSMIUM;9995;15;9992;28;;;10011;15;10013;28;;;10003.0;16673.0
-2;904700;INTARIAN_PEPPER_ROOT;10899;11;;;;;10911;11;10913;16;;;10905.0;71620.0
-2;904800;ASH_COATED_OSMIUM;9994;11;9992;29;;;10010;11;10013;29;;;10002.0;16669.0
-2;904800;INTARIAN_PEPPER_ROOT;10899;8;;;;;10911;8;;;;;10905.0;71620.0
-2;904900;ASH_COATED_OSMIUM;9994;10;9991;29;;;10010;10;10012;29;;;10002.0;16669.0
-2;904900;INTARIAN_PEPPER_ROOT;10899;8;10896;21;;;10911;8;10914;21;;;10905.0;71620.0
-2;905000;ASH_COATED_OSMIUM;9994;14;9991;20;;;10010;14;;;;;10002.0;16669.0
-2;905000;INTARIAN_PEPPER_ROOT;10899;9;10896;23;;;10914;23;;;;;10906.5;71740.0
-2;905100;ASH_COATED_OSMIUM;9994;14;9992;26;;;10010;14;10013;26;;;10002.0;16669.0
-2;905100;INTARIAN_PEPPER_ROOT;10899;9;;;;;10911;9;10914;16;;;10905.0;71620.0
-2;905200;ASH_COATED_OSMIUM;9994;12;9992;29;;;10004;4;10010;12;;;9999.0;16657.0
-2;905200;INTARIAN_PEPPER_ROOT;10899;11;10897;24;;;10914;24;;;;;10906.5;71740.0
-2;905300;ASH_COATED_OSMIUM;9992;29;;;;;10013;29;;;;;10002.5;16671.0
-2;905300;INTARIAN_PEPPER_ROOT;10899;8;10897;18;;;10911;8;10914;18;;;10905.0;71620.0
-2;905400;ASH_COATED_OSMIUM;9995;13;;;;;;;;;;;9995.0;16641.0
-2;905400;INTARIAN_PEPPER_ROOT;10899;9;10897;15;;;10911;9;10914;15;;;10905.0;71620.0
-2;905500;ASH_COATED_OSMIUM;9995;15;;;;;10011;15;10013;20;;;10003.0;16673.0
-2;905500;INTARIAN_PEPPER_ROOT;10900;10;;;;;10911;10;10914;23;;;10905.5;71660.0
-2;905600;ASH_COATED_OSMIUM;9995;13;9992;29;;;10011;13;;;;;10003.0;16673.0
-2;905600;INTARIAN_PEPPER_ROOT;10900;12;;;;;10912;12;;;;;10906.0;71700.0
-2;905700;ASH_COATED_OSMIUM;9995;15;9992;23;;;10011;15;10013;23;;;10003.0;16673.0
-2;905700;INTARIAN_PEPPER_ROOT;10900;10;10897;16;;;10912;10;10914;16;;;10906.0;71700.0
-2;905800;ASH_COATED_OSMIUM;9995;12;9992;28;;;10011;12;10013;28;;;10003.0;16687.0
-2;905800;INTARIAN_PEPPER_ROOT;10900;11;10897;15;;;10914;15;;;;;10907.0;71780.0
-2;905900;ASH_COATED_OSMIUM;9995;10;9992;28;;;10011;10;10013;28;;;10003.0;16687.0
-2;905900;INTARIAN_PEPPER_ROOT;10900;10;10897;24;;;10912;10;10915;24;;;10906.0;71700.0
-2;906000;ASH_COATED_OSMIUM;9994;15;9992;29;;;;;;;;;9994.0;16633.0
-2;906000;INTARIAN_PEPPER_ROOT;;;;;;;10912;8;10915;16;;;10912.0;72180.0
-2;906100;ASH_COATED_OSMIUM;9991;21;;;;;10010;13;10012;21;;;10000.5;16723.0
-2;906100;INTARIAN_PEPPER_ROOT;10900;12;10897;18;;;10912;12;10915;18;;;10906.0;71700.0
-2;906200;ASH_COATED_OSMIUM;9993;12;9991;21;;;10009;12;10012;21;;;10001.0;16723.0
-2;906200;INTARIAN_PEPPER_ROOT;;;;;;;10915;20;;;;;10915.0;72420.0
-2;906300;ASH_COATED_OSMIUM;9994;14;;;;;10012;20;;;;;10003.0;16723.0
-2;906300;INTARIAN_PEPPER_ROOT;10900;10;10898;22;;;10915;22;;;;;10907.5;71820.0
-2;906400;ASH_COATED_OSMIUM;9993;12;9991;30;;;10009;12;10012;30;;;10001.0;16723.0
-2;906400;INTARIAN_PEPPER_ROOT;10900;11;10898;18;;;10912;11;10915;18;;;10906.0;71700.0
-2;906500;ASH_COATED_OSMIUM;9993;13;;;;;10011;29;;;;;10002.0;16723.0
-2;906500;INTARIAN_PEPPER_ROOT;10901;8;10898;24;;;10912;8;10915;24;;;10906.5;71740.0
-2;906600;ASH_COATED_OSMIUM;9994;12;9991;27;;;;;;;;;9994.0;16723.0
-2;906600;INTARIAN_PEPPER_ROOT;10901;10;10898;24;;;10913;10;10915;24;;;10907.0;71780.0
-2;906700;ASH_COATED_OSMIUM;9993;15;9991;28;;;10012;28;;;;;10002.5;16723.0
-2;906700;INTARIAN_PEPPER_ROOT;;;;;;;10913;9;10915;16;;;10913.0;72260.0
-2;906800;ASH_COATED_OSMIUM;9994;10;9991;29;;;10010;10;10012;29;;;10002.0;16723.0
-2;906800;INTARIAN_PEPPER_ROOT;;;;;;;10913;11;10915;16;;;10913.0;72260.0
-2;906900;ASH_COATED_OSMIUM;9994;11;9991;28;;;10010;11;10012;28;;;10002.0;16723.0
-2;906900;INTARIAN_PEPPER_ROOT;10901;9;10898;15;;;10913;9;;;;;10907.0;71780.0
-2;907000;ASH_COATED_OSMIUM;9991;26;;;;;10010;10;10012;26;;;10000.5;16723.0
-2;907000;INTARIAN_PEPPER_ROOT;10901;11;10898;19;;;;;;;;;10901.0;71300.0
-2;907100;ASH_COATED_OSMIUM;9994;14;9991;28;;;10010;14;10012;28;;;10002.0;16723.0
-2;907100;INTARIAN_PEPPER_ROOT;10901;12;10898;16;;;10913;12;10916;16;;;10907.0;71780.0
-2;907200;ASH_COATED_OSMIUM;9994;10;;;;;10012;29;;;;;10003.0;16723.0
-2;907200;INTARIAN_PEPPER_ROOT;10901;12;10899;23;;;10916;23;;;;;10908.5;71900.0
-2;907300;ASH_COATED_OSMIUM;9993;12;9991;28;;;10009;12;10012;28;;;10001.0;16723.0
-2;907300;INTARIAN_PEPPER_ROOT;10901;9;10899;24;;;10913;9;10916;24;;;10907.0;71780.0
-2;907400;ASH_COATED_OSMIUM;9991;24;;;;;10009;11;10012;24;;;10000.0;16723.0
-2;907400;INTARIAN_PEPPER_ROOT;10901;12;10899;24;;;10913;12;10916;24;;;10907.0;71780.0
-2;907500;ASH_COATED_OSMIUM;9991;22;;;;;10010;13;;;;;10000.5;16723.0
-2;907500;INTARIAN_PEPPER_ROOT;10902;11;10899;18;;;10913;11;10916;18;;;10907.5;71820.0
-2;907600;ASH_COATED_OSMIUM;9994;15;9991;23;;;10010;15;10012;23;;;10002.0;16723.0
-2;907600;INTARIAN_PEPPER_ROOT;10902;9;10899;15;;;;;;;;;10902.0;71380.0
-2;907700;ASH_COATED_OSMIUM;9994;14;9992;29;;;10010;14;10013;29;;;10002.0;16723.0
-2;907700;INTARIAN_PEPPER_ROOT;10902;12;10899;18;;;10914;12;10916;18;;;10908.0;71860.0
-2;907800;ASH_COATED_OSMIUM;9994;13;;;;;10010;13;10013;28;;;10002.0;16723.0
-2;907800;INTARIAN_PEPPER_ROOT;10899;18;;;;;10914;12;10916;18;;;10906.5;71740.0
-2;907900;ASH_COATED_OSMIUM;9991;29;;;;;10010;13;10012;29;;;10000.5;16723.0
-2;907900;INTARIAN_PEPPER_ROOT;10905;5;10902;8;10899;24;10914;8;10917;24;;;10909.5;71980.0
-2;908000;ASH_COATED_OSMIUM;9994;12;9991;22;;;10010;12;;;;;10002.0;16723.0
-2;908000;INTARIAN_PEPPER_ROOT;10911;7;10902;10;10899;24;10914;10;10917;24;;;10912.5;72220.0
-2;908100;ASH_COATED_OSMIUM;9991;26;;;;;10009;11;;;;;10000.0;16723.0
-2;908100;INTARIAN_PEPPER_ROOT;10902;12;;;;;10914;12;10917;22;;;10908.0;71860.0
-2;908200;ASH_COATED_OSMIUM;9994;12;;;;;10010;12;10012;30;;;10002.0;16723.0
-2;908200;INTARIAN_PEPPER_ROOT;10902;9;10900;15;;;10917;15;;;;;10909.5;71980.0
-2;908300;ASH_COATED_OSMIUM;9994;14;9991;23;;;10003;5;10010;14;10012;23;9998.5;16723.0
-2;908300;INTARIAN_PEPPER_ROOT;10902;10;;;;;10914;10;10917;17;;;10908.0;71860.0
-2;908400;ASH_COATED_OSMIUM;9994;10;9991;29;;;10012;29;;;;;10003.0;16723.0
-2;908400;INTARIAN_PEPPER_ROOT;10902;8;10900;17;;;10914;8;10917;17;;;10908.0;71860.0
-2;908500;ASH_COATED_OSMIUM;9994;10;9991;25;;;10010;10;10012;25;;;10002.0;16723.0
-2;908500;INTARIAN_PEPPER_ROOT;10903;10;;;;;10914;10;10917;23;;;10908.5;71900.0
-2;908600;ASH_COATED_OSMIUM;9994;15;9991;22;;;10012;22;;;;;10003.0;16723.0
-2;908600;INTARIAN_PEPPER_ROOT;10903;12;10900;24;;;10915;12;10917;24;;;10909.0;71940.0
-2;908700;ASH_COATED_OSMIUM;9999;4;9991;23;;;10010;12;10012;23;;;10004.5;16723.0
-2;908700;INTARIAN_PEPPER_ROOT;10903;9;10900;22;;;10915;9;10917;22;;;10909.0;71940.0
-2;908800;ASH_COATED_OSMIUM;9994;10;9991;22;;;10012;22;;;;;10003.0;16723.0
-2;908800;INTARIAN_PEPPER_ROOT;10900;24;;;;;10915;12;10917;24;;;10907.5;71820.0
-2;908900;ASH_COATED_OSMIUM;9991;21;;;;;10009;10;10012;21;;;10000.0;16723.0
-2;908900;INTARIAN_PEPPER_ROOT;10903;12;;;;;10915;12;10918;24;;;10909.0;71940.0
-2;909000;ASH_COATED_OSMIUM;9993;15;;;;;10009;15;10012;25;;;10001.0;16723.0
-2;909000;INTARIAN_PEPPER_ROOT;10903;9;10900;15;;;10915;9;10918;15;;;10909.0;71940.0
-2;909100;ASH_COATED_OSMIUM;9991;22;;;;;10012;22;;;;;10001.5;16723.0
-2;909100;INTARIAN_PEPPER_ROOT;10900;21;;;;;10915;11;;;;;10907.5;71820.0
-2;909200;ASH_COATED_OSMIUM;9993;15;;;;;10002;4;10009;15;10011;21;9997.5;16723.0
-2;909200;INTARIAN_PEPPER_ROOT;10903;8;10901;25;;;10915;8;10918;25;;;10909.0;71940.0
-2;909300;ASH_COATED_OSMIUM;9993;13;9990;28;;;10009;13;10011;28;;;10001.0;16723.0
-2;909300;INTARIAN_PEPPER_ROOT;10901;19;;;;;10915;8;10918;19;;;10908.0;71860.0
-2;909400;ASH_COATED_OSMIUM;9993;15;9990;30;;;10009;15;10011;30;;;10001.0;16723.0
-2;909400;INTARIAN_PEPPER_ROOT;10901;18;;;;;10915;8;10918;18;;;10908.0;71860.0
-2;909500;ASH_COATED_OSMIUM;9993;15;9991;23;;;10009;15;10012;23;;;10001.0;16723.0
-2;909500;INTARIAN_PEPPER_ROOT;10904;11;;;;;10915;11;10918;19;;;10909.5;71980.0
-2;909600;ASH_COATED_OSMIUM;9994;11;9991;27;;;10010;11;10012;27;;;10002.0;16723.0
-2;909600;INTARIAN_PEPPER_ROOT;10904;9;10901;22;;;10916;9;;;;;10910.0;72020.0
-2;909700;ASH_COATED_OSMIUM;9994;15;9991;24;;;10010;15;;;;;10002.0;16723.0
-2;909700;INTARIAN_PEPPER_ROOT;10904;9;10901;15;;;10916;9;10918;15;;;10910.0;72020.0
-2;909800;ASH_COATED_OSMIUM;9994;11;9991;23;;;10010;11;;;;;10002.0;16723.0
-2;909800;INTARIAN_PEPPER_ROOT;10904;11;10901;15;;;10916;11;10918;15;;;10910.0;72020.0
-2;909900;ASH_COATED_OSMIUM;9994;15;;;;;10010;15;10012;24;;;10002.0;16723.0
-2;909900;INTARIAN_PEPPER_ROOT;10901;19;;;;;10919;19;;;;;10910.0;72020.0
-2;910000;ASH_COATED_OSMIUM;9991;20;;;;;10010;13;10012;20;;;10000.5;16723.0
-2;910000;INTARIAN_PEPPER_ROOT;10904;10;10901;20;;;10916;10;10919;20;;;10910.0;72020.0
-2;910100;ASH_COATED_OSMIUM;9993;11;9991;25;;;10009;11;10012;25;;;10001.0;16723.0
-2;910100;INTARIAN_PEPPER_ROOT;10904;11;10901;22;;;;;;;;;10904.0;71540.0
-2;910200;ASH_COATED_OSMIUM;9994;15;9991;29;;;10010;15;10012;29;;;10002.0;16723.0
-2;910200;INTARIAN_PEPPER_ROOT;10904;11;10902;22;;;10906;6;10916;11;;;10905.0;71620.0
-2;910300;ASH_COATED_OSMIUM;9994;12;9991;20;;;10010;12;10012;20;;;10002.0;16723.0
-2;910300;INTARIAN_PEPPER_ROOT;10904;10;10902;24;;;10916;10;;;;;10910.0;72020.0
-2;910400;ASH_COATED_OSMIUM;9994;10;9992;26;;;10010;10;10013;26;;;10002.0;16723.0
-2;910400;INTARIAN_PEPPER_ROOT;10904;8;10902;15;;;10916;8;10919;15;;;10910.0;72020.0
-2;910500;ASH_COATED_OSMIUM;9995;11;;;;;10011;11;;;;;10003.0;16723.0
-2;910500;INTARIAN_PEPPER_ROOT;10905;9;10902;16;;;10916;9;10919;16;;;10910.5;72060.0
-2;910600;ASH_COATED_OSMIUM;9994;12;9992;29;;;10010;12;10013;29;;;10002.0;16772.0
-2;910600;INTARIAN_PEPPER_ROOT;10905;12;10902;18;;;10917;12;10919;18;;;10911.0;72100.0
-2;910700;ASH_COATED_OSMIUM;9994;13;9992;20;;;10010;13;10013;20;;;10002.0;16772.0
-2;910700;INTARIAN_PEPPER_ROOT;10905;12;;;;;10917;12;10919;24;;;10911.0;72100.0
-2;910800;ASH_COATED_OSMIUM;9994;15;;;;;10010;15;;;;;10002.0;16772.0
-2;910800;INTARIAN_PEPPER_ROOT;10905;8;10902;23;;;10917;8;10919;23;;;10911.0;72100.0
-2;910900;ASH_COATED_OSMIUM;9994;14;9992;26;;;10010;14;;;;;10002.0;16772.0
-2;910900;INTARIAN_PEPPER_ROOT;10905;8;;;;;10917;8;10920;15;;;10911.0;72100.0
-2;911000;ASH_COATED_OSMIUM;9994;13;9991;27;;;10010;13;10012;27;;;10002.0;16772.0
-2;911000;INTARIAN_PEPPER_ROOT;10905;10;;;;;10920;17;;;;;10912.5;72220.0
-2;911100;ASH_COATED_OSMIUM;9994;12;;;;;10010;12;10013;22;;;10002.0;16772.0
-2;911100;INTARIAN_PEPPER_ROOT;10905;10;10902;18;;;10917;10;10920;18;;;10911.0;72100.0
-2;911200;ASH_COATED_OSMIUM;9994;15;9992;22;;;10010;15;10013;22;;;10002.0;16772.0
-2;911200;INTARIAN_PEPPER_ROOT;10905;10;10903;25;;;10917;10;;;;;10911.0;72100.0
-2;911300;ASH_COATED_OSMIUM;9994;15;;;;;10013;20;;;;;10003.5;16782.5
-2;911300;INTARIAN_PEPPER_ROOT;10905;9;10903;22;;;10917;9;10920;22;;;10911.0;72100.0
-2;911400;ASH_COATED_OSMIUM;9994;14;9991;25;;;10010;14;10012;25;;;10002.0;16772.0
-2;911400;INTARIAN_PEPPER_ROOT;10905;8;10903;15;;;10908;6;10917;8;;;10906.5;71740.0
-2;911500;ASH_COATED_OSMIUM;9995;11;9992;29;;;10011;11;10013;29;;;10003.0;16779.0
-2;911500;INTARIAN_PEPPER_ROOT;10909;7;10906;8;;;10917;8;;;;;10913.0;72260.0
-2;911600;ASH_COATED_OSMIUM;9994;13;9992;20;;;10010;13;10013;20;;;10002.0;16772.0
-2;911600;INTARIAN_PEPPER_ROOT;10906;9;10903;25;;;10920;25;;;;;10913.0;72260.0
-2;911700;ASH_COATED_OSMIUM;9994;13;;;;;10012;20;;;;;10003.0;16779.0
-2;911700;INTARIAN_PEPPER_ROOT;10906;12;;;;;10920;24;;;;;10913.0;72260.0
-2;911800;ASH_COATED_OSMIUM;9994;15;9991;29;;;10010;15;10012;29;;;10002.0;16772.0
-2;911800;INTARIAN_PEPPER_ROOT;10906;12;10903;22;;;10918;12;10920;22;;;10912.0;72180.0
-2;911900;ASH_COATED_OSMIUM;;;;;;;10009;11;10012;26;;;10009.0;16821.0
-2;911900;INTARIAN_PEPPER_ROOT;10906;9;10903;24;;;10918;9;10921;24;;;10912.0;72180.0
-2;912000;ASH_COATED_OSMIUM;9993;13;;;;;10012;27;;;;;10002.5;16775.5
-2;912000;INTARIAN_PEPPER_ROOT;10906;11;10903;21;;;10918;11;10921;21;;;10912.0;72180.0
-2;912100;ASH_COATED_OSMIUM;9991;29;;;;;10009;11;10012;29;;;10000.0;16758.0
-2;912100;INTARIAN_PEPPER_ROOT;10906;12;10903;25;;;10918;12;10921;25;;;10912.0;72180.0
-2;912200;ASH_COATED_OSMIUM;9993;14;9991;25;;;10009;14;;;;;10001.0;16765.0
-2;912200;INTARIAN_PEPPER_ROOT;10906;8;10904;19;;;10918;8;10921;19;;;10912.0;72180.0
-2;912300;ASH_COATED_OSMIUM;9993;13;9990;25;;;10009;13;10011;25;;;10001.0;16765.0
-2;912300;INTARIAN_PEPPER_ROOT;10906;10;10904;22;;;10918;10;10921;22;;;10912.0;72180.0
-2;912400;ASH_COATED_OSMIUM;9992;12;9990;20;;;10008;12;10011;20;;;10000.0;16758.0
-2;912400;INTARIAN_PEPPER_ROOT;10904;24;;;;;10918;8;;;;;10911.0;72100.0
-2;912500;ASH_COATED_OSMIUM;9993;13;9990;23;;;10009;13;;;;;10001.0;16765.0
-2;912500;INTARIAN_PEPPER_ROOT;10904;19;;;;;10918;9;10921;19;;;10911.0;72100.0
-2;912600;ASH_COATED_OSMIUM;9993;14;9991;23;;;10009;14;;;;;10001.0;16765.0
-2;912600;INTARIAN_PEPPER_ROOT;10907;11;;;;;10919;11;10921;23;;;10913.0;72260.0
-2;912700;ASH_COATED_OSMIUM;9991;27;;;;;10009;15;10012;27;;;10000.0;16758.0
-2;912700;INTARIAN_PEPPER_ROOT;10904;22;;;;;10921;22;;;;;10912.5;72220.0
-2;912800;ASH_COATED_OSMIUM;9993;13;9990;26;;;10011;26;;;;;10002.0;16772.0
-2;912800;INTARIAN_PEPPER_ROOT;10904;18;;;;;10919;10;10921;18;;;10911.5;72140.0
-2;912900;ASH_COATED_OSMIUM;9993;14;9990;21;;;10009;14;10011;21;;;10001.0;16765.0
-2;912900;INTARIAN_PEPPER_ROOT;10916;8;10907;11;10904;21;10919;11;;;;;10917.5;72620.0
-2;913000;ASH_COATED_OSMIUM;9993;15;9990;24;;;;;;;;;9993.0;16709.0
-2;913000;INTARIAN_PEPPER_ROOT;10907;9;10904;15;;;;;;;;;10907.0;71780.0
-2;913100;ASH_COATED_OSMIUM;;;;;;;10008;10;10011;22;;;10008.0;16814.0
-2;913100;INTARIAN_PEPPER_ROOT;10907;10;10904;23;;;10919;10;;;;;10913.0;72260.0
-2;913200;ASH_COATED_OSMIUM;9992;14;9990;27;;;10008;14;10011;27;;;10000.0;16758.0
-2;913200;INTARIAN_PEPPER_ROOT;10907;11;10905;19;;;10919;11;10922;19;;;10913.0;72260.0
-2;913300;ASH_COATED_OSMIUM;9992;12;9990;23;;;10008;12;10011;23;;;10000.0;16758.0
-2;913300;INTARIAN_PEPPER_ROOT;10907;10;10905;18;;;10922;18;;;;;10914.5;72380.0
-2;913400;ASH_COATED_OSMIUM;;;;;;;10009;10;10011;29;;;10009.0;16821.0
-2;913400;INTARIAN_PEPPER_ROOT;10907;10;10905;18;;;10922;18;;;;;10914.5;72380.0
-2;913500;ASH_COATED_OSMIUM;9993;11;9991;23;;;10012;23;;;;;10002.5;16775.5
-2;913500;INTARIAN_PEPPER_ROOT;10908;12;10905;25;;;10919;12;10922;25;;;10913.5;72300.0
-2;913600;ASH_COATED_OSMIUM;9990;29;;;;;10009;12;;;;;9999.5;16754.5
-2;913600;INTARIAN_PEPPER_ROOT;10908;10;10905;19;;;10920;10;10922;19;;;10914.0;72340.0
-2;913700;ASH_COATED_OSMIUM;9993;11;9990;26;;;10009;11;10011;26;;;10001.0;16765.0
-2;913700;INTARIAN_PEPPER_ROOT;10908;8;10905;21;;;10922;21;;;;;10915.0;72420.0
-2;913800;ASH_COATED_OSMIUM;9993;15;9990;24;;;10009;15;10011;24;;;10001.0;16765.0
-2;913800;INTARIAN_PEPPER_ROOT;10908;12;10905;22;;;10922;22;;;;;10915.0;72420.0
-2;913900;ASH_COATED_OSMIUM;9992;10;9990;24;;;10008;10;10011;24;;;10000.0;16758.0
-2;913900;INTARIAN_PEPPER_ROOT;;;;;;;10920;12;10923;21;;;10920.0;72820.0
-2;914000;ASH_COATED_OSMIUM;9992;12;;;;;10011;26;;;;;10001.5;16768.5
-2;914000;INTARIAN_PEPPER_ROOT;10908;9;10905;22;;;10920;9;10923;22;;;10914.0;72340.0
-2;914100;ASH_COATED_OSMIUM;9993;13;9990;24;;;10009;13;10011;24;;;10001.0;16765.0
-2;914100;INTARIAN_PEPPER_ROOT;10908;10;10905;20;;;10920;10;10923;20;;;10914.0;72340.0
-2;914200;ASH_COATED_OSMIUM;9993;15;9990;22;;;10002;4;10011;22;;;9997.5;16740.5
-2;914200;INTARIAN_PEPPER_ROOT;10908;9;10906;23;;;10920;9;;;;;10914.0;72340.0
-2;914300;ASH_COATED_OSMIUM;9993;14;9990;26;;;10009;14;10011;26;;;10001.0;16793.0
-2;914300;INTARIAN_PEPPER_ROOT;10908;8;10906;15;;;10920;8;10923;15;;;10914.0;72340.0
-2;914400;ASH_COATED_OSMIUM;9990;22;;;;;10009;10;;;;;9999.5;16776.5
-2;914400;INTARIAN_PEPPER_ROOT;10908;8;10906;22;;;10920;8;10923;22;;;10914.0;72340.0
-2;914500;ASH_COATED_OSMIUM;9998;4;9993;13;9990;22;10009;13;10011;22;;;10003.5;16820.5
-2;914500;INTARIAN_PEPPER_ROOT;10909;12;10906;24;;;10920;12;10923;24;;;10914.5;72380.0
-2;914600;ASH_COATED_OSMIUM;9990;29;;;;;10002;3;10009;14;10011;29;9996.0;16738.0
-2;914600;INTARIAN_PEPPER_ROOT;10909;9;10906;20;;;10921;9;10923;20;;;10915.0;72420.0
-2;914700;ASH_COATED_OSMIUM;9993;12;9990;29;;;10009;12;;;;;10001.0;16793.0
-2;914700;INTARIAN_PEPPER_ROOT;10909;8;;;;;10921;8;;;;;10915.0;72420.0
-2;914800;ASH_COATED_OSMIUM;9990;26;;;;;10009;12;10011;26;;;9999.5;16776.5
-2;914800;INTARIAN_PEPPER_ROOT;10918;4;10909;9;10906;21;10921;9;10923;21;;;10919.5;72780.0
-2;914900;ASH_COATED_OSMIUM;9991;28;;;;;10009;11;10012;28;;;10000.0;16782.0
-2;914900;INTARIAN_PEPPER_ROOT;10909;10;10906;17;;;10921;10;10924;17;;;10915.0;72420.0
-2;915000;ASH_COATED_OSMIUM;9993;10;9991;22;;;10009;10;10012;22;;;10001.0;16793.0
-2;915000;INTARIAN_PEPPER_ROOT;10909;11;10906;22;;;10921;11;10924;22;;;10915.0;72420.0
-2;915100;ASH_COATED_OSMIUM;9993;10;9990;24;;;;;;;;;9993.0;16705.0
-2;915100;INTARIAN_PEPPER_ROOT;;;;;;;10921;8;10924;21;;;10921.0;72900.0
-2;915200;ASH_COATED_OSMIUM;9993;14;9991;26;;;10009;14;10012;26;;;10001.0;16793.0
-2;915200;INTARIAN_PEPPER_ROOT;10909;11;10907;17;;;10921;11;;;;;10915.0;72420.0
-2;915300;ASH_COATED_OSMIUM;9993;15;9991;29;;;10009;15;10012;29;;;10001.0;16793.0
-2;915300;INTARIAN_PEPPER_ROOT;10909;11;10907;19;;;10921;11;10924;19;;;10915.0;72420.0
-2;915400;ASH_COATED_OSMIUM;9994;11;9991;23;;;;;;;;;9994.0;16716.0
-2;915400;INTARIAN_PEPPER_ROOT;10907;24;;;;;10921;11;10924;24;;;10914.0;72340.0
-2;915500;ASH_COATED_OSMIUM;9993;13;;;;;10009;13;10012;20;;;10001.0;16793.0
-2;915500;INTARIAN_PEPPER_ROOT;10910;8;;;;;10921;8;;;;;10915.5;72460.0
-2;915600;ASH_COATED_OSMIUM;9993;11;9991;28;;;10009;11;10012;28;;;10001.0;16793.0
-2;915600;INTARIAN_PEPPER_ROOT;10910;8;10907;21;;;10922;8;10924;21;;;10916.0;72500.0
-2;915700;ASH_COATED_OSMIUM;9993;10;9991;26;;;10009;10;;;;;10001.0;16793.0
-2;915700;INTARIAN_PEPPER_ROOT;;;;;;;10924;21;;;;;10924.0;73140.0
-2;915800;ASH_COATED_OSMIUM;9993;12;9990;27;;;10009;12;10011;27;;;10001.0;16793.0
-2;915800;INTARIAN_PEPPER_ROOT;10910;12;10907;20;;;10922;12;10924;20;;;10916.0;72500.0
-2;915900;ASH_COATED_OSMIUM;9993;12;;;;;10003;5;10009;12;10012;28;9998.0;16760.0
-2;915900;INTARIAN_PEPPER_ROOT;10910;11;10907;23;;;10922;11;10925;23;;;10916.0;72500.0
-2;916000;ASH_COATED_OSMIUM;9991;27;;;;;10010;10;10012;27;;;10000.5;16787.5
-2;916000;INTARIAN_PEPPER_ROOT;10910;9;10907;19;;;10922;9;10925;19;;;10916.0;72500.0
-2;916100;ASH_COATED_OSMIUM;9993;13;9991;27;;;10009;13;10012;27;;;10001.0;16793.0
-2;916100;INTARIAN_PEPPER_ROOT;10907;20;;;;;10922;10;10925;20;;;10914.5;72380.0
-2;916200;ASH_COATED_OSMIUM;9991;29;;;;;10009;10;10012;29;;;10000.0;16782.0
-2;916200;INTARIAN_PEPPER_ROOT;10910;8;10908;16;;;10922;8;10925;16;;;10916.0;72500.0
-2;916300;ASH_COATED_OSMIUM;9993;15;9991;21;;;10009;15;10012;21;;;10001.0;16793.0
-2;916300;INTARIAN_PEPPER_ROOT;10919;3;10908;16;;;10922;8;10925;16;;;10920.5;72860.0
-2;916400;ASH_COATED_OSMIUM;9993;12;9991;20;;;10012;20;;;;;10002.5;16809.5
-2;916400;INTARIAN_PEPPER_ROOT;10908;20;;;;;10922;10;10925;20;;;10915.0;72420.0
-2;916500;ASH_COATED_OSMIUM;9993;15;9991;24;;;10009;15;10012;24;;;10001.0;16793.0
-2;916500;INTARIAN_PEPPER_ROOT;10908;17;;;;;10922;9;10925;17;;;10915.0;72420.0
-2;916600;ASH_COATED_OSMIUM;9999;4;9993;15;9991;29;10009;15;10012;29;;;10004.0;16826.0
-2;916600;INTARIAN_PEPPER_ROOT;10911;10;10908;17;;;10923;10;10925;17;;;10917.0;72580.0
-2;916700;ASH_COATED_OSMIUM;9994;13;9991;24;;;10010;13;10012;24;;;10002.0;16804.0
-2;916700;INTARIAN_PEPPER_ROOT;10908;24;;;;;10923;9;10925;24;;;10915.5;72460.0
-2;916800;ASH_COATED_OSMIUM;9994;11;9991;29;;;10010;11;10012;29;;;10002.0;16804.0
-2;916800;INTARIAN_PEPPER_ROOT;10920;6;10911;12;10908;16;10923;12;10925;16;;;10921.5;72940.0
-2;916900;ASH_COATED_OSMIUM;9994;11;9991;22;;;10010;11;10012;22;;;10002.0;16804.0
-2;916900;INTARIAN_PEPPER_ROOT;10911;10;10908;16;;;10926;16;;;;;10918.5;72700.0
-2;917000;ASH_COATED_OSMIUM;9994;10;;;;;10010;10;10012;29;;;10002.0;16804.0
-2;917000;INTARIAN_PEPPER_ROOT;10911;8;10908;23;;;10923;8;10926;23;;;10917.0;72580.0
-2;917100;ASH_COATED_OSMIUM;9993;15;9991;23;;;10009;15;10012;23;;;10001.0;16793.0
-2;917100;INTARIAN_PEPPER_ROOT;10908;24;;;;;10923;9;10926;24;;;10915.5;72460.0
-2;917200;ASH_COATED_OSMIUM;9993;11;9991;24;;;10009;11;10012;24;;;10001.0;16793.0
-2;917200;INTARIAN_PEPPER_ROOT;10911;8;10909;16;;;;;;;;;10911.0;72100.0
-2;917300;ASH_COATED_OSMIUM;9994;11;9991;30;;;10010;11;;;;;10002.0;16804.0
-2;917300;INTARIAN_PEPPER_ROOT;10911;10;10909;18;;;10923;10;10926;18;;;10917.0;72580.0
-2;917400;ASH_COATED_OSMIUM;9994;13;9991;24;;;10010;13;10012;24;;;10002.0;16839.0
-2;917400;INTARIAN_PEPPER_ROOT;10920;8;10911;12;10909;23;10926;23;;;;;10923.0;73060.0
-2;917500;ASH_COATED_OSMIUM;9991;30;;;;;10012;30;;;;;10001.5;16831.0
-2;917500;INTARIAN_PEPPER_ROOT;10912;12;10909;19;;;10923;12;;;;;10917.5;72620.0
-2;917600;ASH_COATED_OSMIUM;9994;15;9991;30;;;10010;15;10012;30;;;10002.0;16839.0
-2;917600;INTARIAN_PEPPER_ROOT;10912;9;10909;18;;;10924;9;10926;18;;;10918.0;72660.0
-2;917700;ASH_COATED_OSMIUM;9994;10;9991;23;;;10010;10;;;;;10002.0;16839.0
-2;917700;INTARIAN_PEPPER_ROOT;10912;11;10909;19;;;10924;11;10926;19;;;10918.0;72660.0
-2;917800;ASH_COATED_OSMIUM;9994;14;;;;;10012;24;;;;;10003.0;16855.0
-2;917800;INTARIAN_PEPPER_ROOT;10921;5;10909;18;;;10924;12;10926;18;;;10922.5;73020.0
-2;917900;ASH_COATED_OSMIUM;9994;14;;;;;10010;14;10013;24;;;10002.0;16839.0
-2;917900;INTARIAN_PEPPER_ROOT;10912;10;10909;24;;;10924;10;10927;24;;;10918.0;72660.0
-2;918000;ASH_COATED_OSMIUM;9994;13;;;;;;;;;;;9994.0;16711.0
-2;918000;INTARIAN_PEPPER_ROOT;10912;9;;;;;10924;9;;;;;10918.0;72660.0
-2;918100;ASH_COATED_OSMIUM;9992;29;;;;;10011;10;10013;29;;;10001.5;16831.0
-2;918100;INTARIAN_PEPPER_ROOT;10912;12;10909;22;;;10924;12;10927;22;;;10918.0;72660.0
-2;918200;ASH_COATED_OSMIUM;9995;12;9993;21;;;10011;12;10014;21;;;10003.0;16855.0
-2;918200;INTARIAN_PEPPER_ROOT;10912;9;10910;22;;;10924;9;10927;22;;;10918.0;72660.0
-2;918300;ASH_COATED_OSMIUM;9995;15;9992;26;;;10011;15;10013;26;;;10003.0;16855.0
-2;918300;INTARIAN_PEPPER_ROOT;;;;;;;10927;25;;;;;10927.0;73380.0
-2;918400;ASH_COATED_OSMIUM;9995;15;9992;26;;;10011;15;10013;26;;;10003.0;16855.0
-2;918400;INTARIAN_PEPPER_ROOT;10910;18;;;;;10924;11;10927;18;;;10917.0;72580.0
-2;918500;ASH_COATED_OSMIUM;10000;3;9995;11;9992;25;10013;25;;;;;10006.5;16911.0
-2;918500;INTARIAN_PEPPER_ROOT;10913;11;10910;19;;;10927;19;;;;;10920.0;72820.0
-2;918600;ASH_COATED_OSMIUM;9995;15;9992;22;;;10011;15;10013;22;;;10003.0;16855.0
-2;918600;INTARIAN_PEPPER_ROOT;10913;10;10910;21;;;10925;10;10927;21;;;10919.0;72740.0
-2;918700;ASH_COATED_OSMIUM;9995;12;9993;20;;;10011;12;10014;20;;;10003.0;16855.0
-2;918700;INTARIAN_PEPPER_ROOT;10913;9;10910;25;;;10925;9;10927;25;;;10919.0;72740.0
-2;918800;ASH_COATED_OSMIUM;9996;15;9993;29;;;10012;15;;;;;10004.0;16871.0
-2;918800;INTARIAN_PEPPER_ROOT;10913;9;10910;17;;;10927;17;;;;;10920.0;72820.0
-2;918900;ASH_COATED_OSMIUM;9993;29;;;;;10012;10;10014;29;;;10002.5;16847.0
-2;918900;INTARIAN_PEPPER_ROOT;10913;10;10910;24;;;10925;10;;;;;10919.0;72740.0
-2;919000;ASH_COATED_OSMIUM;9993;26;;;;;10012;15;10014;26;;;10002.5;16847.0
-2;919000;INTARIAN_PEPPER_ROOT;10913;11;10910;17;;;10925;11;;;;;10919.0;72740.0
-2;919100;ASH_COATED_OSMIUM;9996;11;;;;;10012;11;10014;28;;;10004.0;16871.0
-2;919100;INTARIAN_PEPPER_ROOT;10913;8;10910;20;;;10925;8;10928;20;;;10919.0;72740.0
-2;919200;ASH_COATED_OSMIUM;9996;12;9993;26;;;10012;12;;;;;10004.0;16871.0
-2;919200;INTARIAN_PEPPER_ROOT;10913;8;10911;23;;;10925;8;10928;23;;;10919.0;72740.0
-2;919300;ASH_COATED_OSMIUM;9996;11;9994;26;;;10006;4;10012;11;10015;26;10001.0;16823.0
-2;919300;INTARIAN_PEPPER_ROOT;10913;12;;;;;10925;12;10928;21;;;10919.0;72740.0
-2;919400;ASH_COATED_OSMIUM;9996;10;9993;22;;;10012;10;10014;22;;;10004.0;16871.0
-2;919400;INTARIAN_PEPPER_ROOT;10913;12;;;;;10925;12;10928;18;;;10919.0;72740.0
-2;919500;ASH_COATED_OSMIUM;9996;12;9993;28;;;10015;28;;;;;10005.5;16895.0
-2;919500;INTARIAN_PEPPER_ROOT;10914;11;10911;25;;;10925;11;10928;25;;;10919.5;72780.0
-2;919600;ASH_COATED_OSMIUM;9996;12;9994;30;;;10012;12;10015;30;;;10004.0;16871.0
-2;919600;INTARIAN_PEPPER_ROOT;10914;9;10911;15;;;10926;9;;;;;10920.0;72820.0
-2;919700;ASH_COATED_OSMIUM;9996;15;9993;27;;;10012;15;;;;;10004.0;16871.0
-2;919700;INTARIAN_PEPPER_ROOT;10914;9;;;;;10926;9;10928;20;;;10920.0;72820.0
-2;919800;ASH_COATED_OSMIUM;9995;14;;;;;10011;14;10014;26;;;10003.0;16855.0
-2;919800;INTARIAN_PEPPER_ROOT;10914;11;10911;20;;;10926;11;10928;20;;;10920.0;72820.0
-2;919900;ASH_COATED_OSMIUM;9995;14;9993;20;;;10011;14;;;;;10003.0;16855.0
-2;919900;INTARIAN_PEPPER_ROOT;10914;8;10911;24;;;10926;8;10929;24;;;10920.0;72820.0
-2;920000;ASH_COATED_OSMIUM;9995;14;9992;26;;;;;;;;;9995.0;16727.0
-2;920000;INTARIAN_PEPPER_ROOT;10914;10;10911;19;;;10929;19;;;;;10921.5;72940.0
-2;920100;ASH_COATED_OSMIUM;9996;11;9993;30;;;;;;;;;9996.0;16743.0
-2;920100;INTARIAN_PEPPER_ROOT;10911;23;;;;;10926;12;10929;23;;;10918.5;72700.0
-2;920200;ASH_COATED_OSMIUM;9996;13;9993;20;;;10005;2;10012;13;10014;20;10000.5;16815.0
-2;920200;INTARIAN_PEPPER_ROOT;10914;11;10912;16;;;10926;11;10929;16;;;10920.0;72820.0
-2;920300;ASH_COATED_OSMIUM;9996;14;;;;;10014;23;;;;;10005.0;16887.0
-2;920300;INTARIAN_PEPPER_ROOT;10914;10;10912;24;;;10926;10;10929;24;;;10920.0;72820.0
-2;920400;ASH_COATED_OSMIUM;9996;12;9993;30;;;10012;12;10014;30;;;10004.0;16871.0
-2;920400;INTARIAN_PEPPER_ROOT;10914;11;10912;17;;;10929;17;;;;;10921.5;72940.0
-2;920500;ASH_COATED_OSMIUM;10001;5;9996;14;9993;22;10014;22;;;;;10007.5;16927.0
-2;920500;INTARIAN_PEPPER_ROOT;10915;12;10912;15;;;10926;12;10929;15;;;10920.5;72860.0
-2;920600;ASH_COATED_OSMIUM;9996;14;9993;30;;;10012;14;10014;30;;;10004.0;16871.0
-2;920600;INTARIAN_PEPPER_ROOT;10915;8;10912;16;;;10927;8;10929;16;;;10921.0;72900.0
-2;920700;ASH_COATED_OSMIUM;9993;21;;;;;10012;10;10014;21;;;10002.5;16847.0
-2;920700;INTARIAN_PEPPER_ROOT;10915;11;10912;22;;;10927;11;10929;22;;;10921.0;72900.0
-2;920800;ASH_COATED_OSMIUM;9996;14;;;;;10014;28;;;;;10005.0;16887.0
-2;920800;INTARIAN_PEPPER_ROOT;10915;12;10912;19;;;10927;12;10929;19;;;10921.0;72900.0
-2;920900;ASH_COATED_OSMIUM;9995;12;9993;23;;;10011;12;10014;23;;;10003.0;16855.0
-2;920900;INTARIAN_PEPPER_ROOT;10915;10;10912;19;;;10927;10;10930;19;;;10921.0;72900.0
-2;921000;ASH_COATED_OSMIUM;9996;10;9993;24;;;10012;10;10014;24;;;10004.0;16871.0
-2;921000;INTARIAN_PEPPER_ROOT;10915;9;10912;15;;;10927;9;10930;15;;;10921.0;72900.0
-2;921100;ASH_COATED_OSMIUM;9996;10;9993;23;;;10001;6;10012;10;;;9998.5;16768.0
-2;921100;INTARIAN_PEPPER_ROOT;10912;18;;;;;10927;10;10930;18;;;10919.5;72780.0
-2;921200;ASH_COATED_OSMIUM;9996;11;9993;24;;;10012;11;10014;24;;;10004.0;16889.0
-2;921200;INTARIAN_PEPPER_ROOT;10915;10;;;;;10927;10;;;;;10921.0;72900.0
-2;921300;ASH_COATED_OSMIUM;9996;15;;;;;10012;15;10014;20;;;10004.0;16889.0
-2;921300;INTARIAN_PEPPER_ROOT;10915;9;10913;17;;;10927;9;10930;17;;;10921.0;72900.0
-2;921400;ASH_COATED_OSMIUM;9995;15;9993;27;;;10011;15;10014;27;;;10003.0;16867.0
-2;921400;INTARIAN_PEPPER_ROOT;10915;8;10913;19;;;10927;8;10930;19;;;10921.0;72900.0
-2;921500;ASH_COATED_OSMIUM;9995;10;9992;26;;;10013;26;;;;;10004.0;16889.0
-2;921500;INTARIAN_PEPPER_ROOT;10916;10;10913;15;;;10927;10;10930;15;;;10921.5;72940.0
-2;921600;ASH_COATED_OSMIUM;9995;12;9992;22;;;10013;22;;;;;10004.0;16889.0
-2;921600;INTARIAN_PEPPER_ROOT;10916;12;10913;17;;;;;;;;;10916.0;72500.0
-2;921700;ASH_COATED_OSMIUM;9995;11;9992;30;;;10011;11;;;;;10003.0;16867.0
-2;921700;INTARIAN_PEPPER_ROOT;10916;8;10913;22;;;10928;8;10930;22;;;10922.0;72980.0
-2;921800;ASH_COATED_OSMIUM;9993;23;;;;;10011;11;10014;23;;;10002.0;16845.0
-2;921800;INTARIAN_PEPPER_ROOT;10925;5;10916;11;10913;15;10928;11;10930;15;;;10926.5;73340.0
-2;921900;ASH_COATED_OSMIUM;9995;14;;;;;10011;14;10013;26;;;10003.0;16867.0
-2;921900;INTARIAN_PEPPER_ROOT;10916;8;10913;15;;;10928;8;10931;15;;;10922.0;72980.0
-2;922000;ASH_COATED_OSMIUM;9994;11;;;;;10010;11;10013;26;;;10002.0;16845.0
-2;922000;INTARIAN_PEPPER_ROOT;10916;8;10913;17;;;10928;8;;;;;10922.0;72980.0
-2;922100;ASH_COATED_OSMIUM;9992;28;;;;;10010;13;;;;;10001.0;16823.0
-2;922100;INTARIAN_PEPPER_ROOT;10916;12;10913;18;;;10928;12;10931;18;;;10922.0;72980.0
-2;922200;ASH_COATED_OSMIUM;9992;27;;;;;10011;13;10013;27;;;10001.5;16834.0
-2;922200;INTARIAN_PEPPER_ROOT;10916;8;10914;20;;;10928;8;10931;20;;;10922.0;72980.0
-2;922300;ASH_COATED_OSMIUM;9995;12;9993;26;;;10011;12;10014;26;;;10003.0;16867.0
-2;922300;INTARIAN_PEPPER_ROOT;10916;8;10914;19;;;10928;8;10931;19;;;10922.0;72980.0
-2;922400;ASH_COATED_OSMIUM;9993;27;;;;;10011;13;10014;27;;;10002.0;16845.0
-2;922400;INTARIAN_PEPPER_ROOT;10914;17;;;;;10928;12;10931;17;;;10921.0;72900.0
-2;922500;ASH_COATED_OSMIUM;9993;29;;;;;10011;15;10014;29;;;10002.0;16845.0
-2;922500;INTARIAN_PEPPER_ROOT;10917;11;10914;17;;;10931;17;;;;;10924.0;73140.0
-2;922600;ASH_COATED_OSMIUM;9993;30;;;;;10011;14;;;;;10002.0;16845.0
-2;922600;INTARIAN_PEPPER_ROOT;10917;11;10914;23;;;10929;11;;;;;10923.0;73060.0
-2;922700;ASH_COATED_OSMIUM;9995;14;9993;24;;;10011;14;10014;24;;;10003.0;16867.0
-2;922700;INTARIAN_PEPPER_ROOT;10917;12;10914;24;;;10929;12;;;;;10923.0;73060.0
-2;922800;ASH_COATED_OSMIUM;9995;10;9993;20;;;10011;10;10014;20;;;10003.0;16867.0
-2;922800;INTARIAN_PEPPER_ROOT;10914;20;;;;;10929;8;10931;20;;;10921.5;72940.0
-2;922900;ASH_COATED_OSMIUM;9996;13;9993;27;;;10012;13;10014;27;;;10004.0;16889.0
-2;922900;INTARIAN_PEPPER_ROOT;10917;10;;;;;10929;10;10932;23;;;10923.0;73060.0
-2;923000;ASH_COATED_OSMIUM;9996;11;;;;;10012;11;10014;26;;;10004.0;16889.0
-2;923000;INTARIAN_PEPPER_ROOT;10917;11;10914;16;;;10929;11;10932;16;;;10923.0;73060.0
-2;923100;ASH_COATED_OSMIUM;9994;20;;;;;10012;15;10015;20;;;10003.0;16867.0
-2;923100;INTARIAN_PEPPER_ROOT;10917;11;10914;21;;;10929;11;;;;;10923.0;73060.0
-2;923200;ASH_COATED_OSMIUM;9996;11;9994;20;;;10015;20;;;;;10005.5;16922.0
-2;923200;INTARIAN_PEPPER_ROOT;10917;11;10915;24;;;10929;11;10932;24;;;10923.0;73060.0
-2;923300;ASH_COATED_OSMIUM;9996;11;;;;;10006;3;10015;20;;;10001.0;16835.0
-2;923300;INTARIAN_PEPPER_ROOT;10917;11;10915;22;;;10929;11;10932;22;;;10923.0;73060.0
-2;923400;ASH_COATED_OSMIUM;9996;13;9994;30;;;10015;30;;;;;10005.5;16920.5
-2;923400;INTARIAN_PEPPER_ROOT;10917;9;10915;22;;;10929;9;10932;22;;;10923.0;73060.0
-2;923500;ASH_COATED_OSMIUM;9996;15;9994;23;;;10012;15;10015;23;;;10004.0;16892.0
-2;923500;INTARIAN_PEPPER_ROOT;10918;8;10915;22;;;10932;22;;;;;10925.0;73220.0
-2;923600;ASH_COATED_OSMIUM;9996;14;9994;28;;;10012;14;10015;28;;;10004.0;16892.0
-2;923600;INTARIAN_PEPPER_ROOT;10918;12;10915;24;;;10930;12;10932;24;;;10924.0;73140.0
-2;923700;ASH_COATED_OSMIUM;;;;;;;10006;3;10012;10;10015;21;10006.0;16930.0
-2;923700;INTARIAN_PEPPER_ROOT;10915;17;;;;;10930;10;10932;17;;;10922.5;73020.0
-2;923800;ASH_COATED_OSMIUM;9996;12;;;;;10012;12;10015;28;;;10004.0;16892.0
-2;923800;INTARIAN_PEPPER_ROOT;10918;12;10915;18;;;10930;12;10932;18;;;10924.0;73140.0
-2;923900;ASH_COATED_OSMIUM;9996;15;9993;21;;;10012;15;10014;21;;;10004.0;16892.0
-2;923900;INTARIAN_PEPPER_ROOT;10915;20;;;;;10930;11;10933;20;;;10922.5;73020.0
-2;924000;ASH_COATED_OSMIUM;9996;15;;;;;10012;15;10015;20;;;10004.0;16892.0
-2;924000;INTARIAN_PEPPER_ROOT;10915;23;;;;;10930;8;;;;;10922.5;73020.0
-2;924100;ASH_COATED_OSMIUM;9996;12;9994;26;;;;;;;;;9996.0;16740.0
-2;924100;INTARIAN_PEPPER_ROOT;10918;9;10915;20;;;;;;;;;10918.0;72660.0
-2;924200;ASH_COATED_OSMIUM;9996;14;9994;23;;;10015;23;;;;;10005.5;16920.5
-2;924200;INTARIAN_PEPPER_ROOT;10916;21;;;;;10930;11;10933;21;;;10923.0;73060.0
-2;924300;ASH_COATED_OSMIUM;9996;14;9993;22;;;10012;14;;;;;10004.0;16892.0
-2;924300;INTARIAN_PEPPER_ROOT;10918;11;;;;;10930;11;10933;15;;;10924.0;73140.0
-2;924400;ASH_COATED_OSMIUM;9996;14;;;;;10012;14;;;;;10004.0;16892.0
-2;924400;INTARIAN_PEPPER_ROOT;10918;12;10916;15;;;10930;12;10933;15;;;10924.0;73140.0
-2;924500;ASH_COATED_OSMIUM;9996;13;9994;24;;;10012;13;10015;24;;;10004.0;16892.0
-2;924500;INTARIAN_PEPPER_ROOT;10919;12;10916;19;;;10921;5;10933;19;;;10920.0;72820.0
-2;924600;ASH_COATED_OSMIUM;9996;10;9993;26;;;10012;10;;;;;10004.0;16913.0
-2;924600;INTARIAN_PEPPER_ROOT;10916;17;;;;;10931;8;10933;17;;;10923.5;73100.0
-2;924700;ASH_COATED_OSMIUM;9996;12;9993;28;;;10012;12;10014;28;;;10004.0;16913.0
-2;924700;INTARIAN_PEPPER_ROOT;10916;20;;;;;10931;11;10933;20;;;10923.5;73100.0
-2;924800;ASH_COATED_OSMIUM;9996;12;9993;24;;;10014;24;;;;;10005.0;16935.0
-2;924800;INTARIAN_PEPPER_ROOT;10919;11;10916;21;;;10931;11;10933;21;;;10925.0;73220.0
-2;924900;ASH_COATED_OSMIUM;9996;14;9994;22;;;10012;14;10015;22;;;10004.0;16913.0
-2;924900;INTARIAN_PEPPER_ROOT;10919;12;10916;22;;;10934;22;;;;;10926.5;73340.0
-2;925000;ASH_COATED_OSMIUM;9996;11;9993;24;;;10012;11;10014;24;;;10004.0;16913.0
-2;925000;INTARIAN_PEPPER_ROOT;10919;8;;;;;10931;8;10934;22;;;10925.0;73220.0
-2;925100;ASH_COATED_OSMIUM;9994;22;;;;;10012;10;10015;22;;;10003.0;16891.0
-2;925100;INTARIAN_PEPPER_ROOT;10919;12;10916;17;;;10931;12;;;;;10925.0;73220.0
-2;925200;ASH_COATED_OSMIUM;9996;14;9994;26;;;;;;;;;9996.0;16737.0
-2;925200;INTARIAN_PEPPER_ROOT;10923;8;10919;10;;;10931;10;10934;25;;;10927.0;73380.0
-2;925300;ASH_COATED_OSMIUM;9997;14;9994;29;;;10013;14;10015;29;;;10005.0;16935.0
-2;925300;INTARIAN_PEPPER_ROOT;10919;11;10917;20;;;10931;11;10934;20;;;10925.0;73220.0
-2;925400;ASH_COATED_OSMIUM;9997;12;9994;30;;;10013;12;10015;30;;;10005.0;16935.0
-2;925400;INTARIAN_PEPPER_ROOT;10917;19;;;;;10931;11;10934;19;;;10924.0;73140.0
-2;925500;ASH_COATED_OSMIUM;9997;15;9995;27;;;10013;15;10016;27;;;10005.0;16935.0
-2;925500;INTARIAN_PEPPER_ROOT;10920;12;10917;21;;;;;;;;;10920.0;72820.0
-2;925600;ASH_COATED_OSMIUM;9994;27;;;;;10013;15;10015;27;;;10003.5;16902.0
-2;925600;INTARIAN_PEPPER_ROOT;10917;21;;;;;10932;12;10934;21;;;10924.5;73180.0
-2;925700;ASH_COATED_OSMIUM;9997;12;9995;26;;;10016;26;;;;;10006.5;16968.0
-2;925700;INTARIAN_PEPPER_ROOT;10920;10;10917;25;;;10932;10;10934;25;;;10926.0;73300.0
-2;925800;ASH_COATED_OSMIUM;9997;11;9995;24;;;10013;11;10016;24;;;10005.0;16935.0
-2;925800;INTARIAN_PEPPER_ROOT;10920;8;10917;21;;;10932;8;;;;;10926.0;73300.0
-2;925900;ASH_COATED_OSMIUM;9997;14;9995;26;;;10013;14;10016;26;;;10005.0;16935.0
-2;925900;INTARIAN_PEPPER_ROOT;10917;22;;;;;10932;8;;;;;10924.5;73180.0
-2;926000;ASH_COATED_OSMIUM;9995;21;;;;;10013;10;10016;21;;;10004.0;16913.0
-2;926000;INTARIAN_PEPPER_ROOT;10917;17;;;;;10932;12;10935;17;;;10924.5;73180.0
-2;926100;ASH_COATED_OSMIUM;9995;23;;;;;10014;11;10016;23;;;10004.5;16924.0
-2;926100;INTARIAN_PEPPER_ROOT;10917;23;;;;;10932;10;;;;;10924.5;73180.0
-2;926200;ASH_COATED_OSMIUM;9998;11;;;;;10014;11;10016;24;;;10006.0;16957.0
-2;926200;INTARIAN_PEPPER_ROOT;10920;9;10918;25;;;10935;25;;;;;10927.5;73420.0
-2;926300;ASH_COATED_OSMIUM;10007;5;9998;14;9995;22;10014;14;;;;;10010.5;17038.5
-2;926300;INTARIAN_PEPPER_ROOT;10920;9;;;;;10935;18;;;;;10927.5;73420.0
-2;926400;ASH_COATED_OSMIUM;10003;4;9995;30;;;10014;15;;;;;10008.5;17004.5
-2;926400;INTARIAN_PEPPER_ROOT;10920;11;10918;21;;;10932;11;10935;21;;;10926.0;73300.0
-2;926500;ASH_COATED_OSMIUM;9998;15;9996;26;;;10017;26;;;;;10007.5;16987.5
-2;926500;INTARIAN_PEPPER_ROOT;10921;10;10918;19;;;10932;10;10935;19;;;10926.5;73340.0
-2;926600;ASH_COATED_OSMIUM;9998;13;9996;29;;;10017;29;;;;;10007.5;16987.5
-2;926600;INTARIAN_PEPPER_ROOT;10918;24;;;;;10935;24;;;;;10926.5;73340.0
-2;926700;ASH_COATED_OSMIUM;9999;10;;;;;10017;27;;;;;10008.0;16996.0
-2;926700;INTARIAN_PEPPER_ROOT;10921;9;10918;20;;;10933;9;10935;20;;;10927.0;73380.0
-2;926800;ASH_COATED_OSMIUM;9999;13;9996;26;;;10015;13;10017;26;;;10007.0;16979.0
-2;926800;INTARIAN_PEPPER_ROOT;;;;;;;10933;11;10935;20;;;10933.0;73860.0
-2;926900;ASH_COATED_OSMIUM;9996;24;;;;;10014;15;10017;24;;;10005.0;16945.0
-2;926900;INTARIAN_PEPPER_ROOT;10921;10;10918;20;;;;;;;;;10921.0;72900.0
-2;927000;ASH_COATED_OSMIUM;9997;12;9995;29;;;;;;;;;9997.0;16809.0
-2;927000;INTARIAN_PEPPER_ROOT;10921;10;;;;;10933;10;10936;24;;;10927.0;73380.0
-2;927100;ASH_COATED_OSMIUM;9997;10;9995;28;;;10013;10;10016;28;;;10005.0;16945.0
-2;927100;INTARIAN_PEPPER_ROOT;10921;8;10918;21;;;10933;8;10936;21;;;10927.0;73380.0
-2;927200;ASH_COATED_OSMIUM;9997;10;;;;;10013;10;;;;;10005.0;16945.0
-2;927200;INTARIAN_PEPPER_ROOT;10921;10;10919;24;;;10933;10;;;;;10927.0;73380.0
-2;927300;ASH_COATED_OSMIUM;;;;;;;10014;13;10016;23;;;10014.0;17098.0
-2;927300;INTARIAN_PEPPER_ROOT;10921;12;10919;23;;;10933;12;10936;23;;;10927.0;73380.0
-2;927400;ASH_COATED_OSMIUM;9998;15;9995;27;;;10014;15;;;;;10006.0;16962.0
-2;927400;INTARIAN_PEPPER_ROOT;10921;10;10919;18;;;10936;18;;;;;10928.5;73500.0
-2;927500;ASH_COATED_OSMIUM;9995;22;;;;;10013;13;10016;22;;;10004.0;16928.0
-2;927500;INTARIAN_PEPPER_ROOT;10930;4;10922;12;10919;16;10933;12;10936;16;;;10931.5;73740.0
-2;927600;ASH_COATED_OSMIUM;9998;11;9995;30;;;10014;11;10016;30;;;10006.0;16962.0
-2;927600;INTARIAN_PEPPER_ROOT;10922;11;10919;20;;;10934;11;10936;20;;;10928.0;73460.0
-2;927700;ASH_COATED_OSMIUM;9995;29;;;;;10014;10;;;;;10004.5;16936.5
-2;927700;INTARIAN_PEPPER_ROOT;10922;9;10919;23;;;10929;8;10934;9;;;10925.5;73260.0
-2;927800;ASH_COATED_OSMIUM;9997;11;;;;;10016;22;;;;;10006.5;16970.5
-2;927800;INTARIAN_PEPPER_ROOT;10922;10;10919;23;;;10934;10;10936;23;;;10928.0;73460.0
-2;927900;ASH_COATED_OSMIUM;9997;11;9994;20;;;10013;11;10015;20;;;10005.0;16945.0
-2;927900;INTARIAN_PEPPER_ROOT;10922;10;10919;24;;;10937;24;;;;;10929.5;73580.0
-2;928000;ASH_COATED_OSMIUM;10002;4;9997;10;9994;30;10013;10;10015;30;;;10007.5;16987.5
-2;928000;INTARIAN_PEPPER_ROOT;10919;23;;;;;10934;9;10937;23;;;10926.5;73340.0
-2;928100;ASH_COATED_OSMIUM;;;;;;;10013;15;;;;;10013.0;17081.0
-2;928100;INTARIAN_PEPPER_ROOT;10922;8;10919;19;;;10934;8;;;;;10928.0;73460.0
-2;928200;ASH_COATED_OSMIUM;9997;10;9994;30;;;10013;10;10015;30;;;10005.0;16945.0
-2;928200;INTARIAN_PEPPER_ROOT;10922;11;10920;23;;;10934;11;;;;;10928.0;73460.0
-2;928300;ASH_COATED_OSMIUM;9997;13;9995;27;;;10013;13;10016;27;;;10005.0;16945.0
-2;928300;INTARIAN_PEPPER_ROOT;10922;12;10920;21;;;10934;12;10937;21;;;10928.0;73460.0
-2;928400;ASH_COATED_OSMIUM;9998;15;9995;25;;;10014;15;10016;25;;;10006.0;16962.0
-2;928400;INTARIAN_PEPPER_ROOT;10922;9;10920;18;;;10934;9;10937;18;;;10928.0;73460.0
-2;928500;ASH_COATED_OSMIUM;9998;11;9995;22;;;10014;11;10016;22;;;10006.0;16962.0
-2;928500;INTARIAN_PEPPER_ROOT;10923;10;10920;16;;;10934;10;10937;16;;;10928.5;73500.0
-2;928600;ASH_COATED_OSMIUM;9995;27;;;;;10014;15;10016;27;;;10004.5;16936.5
-2;928600;INTARIAN_PEPPER_ROOT;10923;11;;;;;10935;11;;;;;10929.0;73540.0
-2;928700;ASH_COATED_OSMIUM;9998;15;9996;21;;;10014;15;10017;21;;;10006.0;16962.0
-2;928700;INTARIAN_PEPPER_ROOT;10923;8;10920;21;;;10935;8;10937;21;;;10929.0;73540.0
-2;928800;ASH_COATED_OSMIUM;9996;27;;;;;;;;;;;9996.0;16792.0
-2;928800;INTARIAN_PEPPER_ROOT;10923;8;10920;18;;;10935;8;10937;18;;;10929.0;73540.0
-2;928900;ASH_COATED_OSMIUM;9998;13;9995;23;;;10014;13;10016;23;;;10006.0;16962.0
-2;928900;INTARIAN_PEPPER_ROOT;10923;11;10920;22;;;10935;11;10938;22;;;10929.0;73540.0
-2;929000;ASH_COATED_OSMIUM;9998;13;9995;21;;;10014;13;10016;21;;;10006.0;16962.0
-2;929000;INTARIAN_PEPPER_ROOT;10923;12;10920;25;;;10935;12;10938;25;;;10929.0;73540.0
-2;929100;ASH_COATED_OSMIUM;9998;12;;;;;10014;12;10016;25;;;10006.0;16962.0
-2;929100;INTARIAN_PEPPER_ROOT;10923;12;10920;23;;;10935;12;10938;23;;;10929.0;73540.0
-2;929200;ASH_COATED_OSMIUM;9998;11;9996;20;;;10014;11;;;;;10006.0;16962.0
-2;929200;INTARIAN_PEPPER_ROOT;10923;8;10921;22;;;10935;8;10938;22;;;10929.0;73540.0
-2;929300;ASH_COATED_OSMIUM;9998;14;;;;;10014;14;10017;30;;;10006.0;16962.0
-2;929300;INTARIAN_PEPPER_ROOT;10923;12;10921;21;;;10935;12;10938;21;;;10929.0;73540.0
-2;929400;ASH_COATED_OSMIUM;9999;11;;;;;;;;;;;9999.0;16843.0
-2;929400;INTARIAN_PEPPER_ROOT;10921;19;;;;;10935;9;;;;;10928.0;73460.0
-2;929500;ASH_COATED_OSMIUM;9999;10;9996;28;;;10015;10;10017;28;;;10007.0;16979.0
-2;929500;INTARIAN_PEPPER_ROOT;10924;12;10921;18;;;10935;12;;;;;10929.5;73580.0
-2;929600;ASH_COATED_OSMIUM;9999;13;9997;28;;;10015;13;10018;28;;;10007.0;16979.0
-2;929600;INTARIAN_PEPPER_ROOT;10924;10;10921;22;;;10936;10;10938;22;;;10930.0;73620.0
-2;929700;ASH_COATED_OSMIUM;9999;12;9996;26;;;10017;26;;;;;10008.0;16996.0
-2;929700;INTARIAN_PEPPER_ROOT;10924;8;10921;24;;;10936;8;10938;24;;;10930.0;73620.0
-2;929800;ASH_COATED_OSMIUM;9999;13;9996;25;;;10015;13;10017;25;;;10007.0;16979.0
-2;929800;INTARIAN_PEPPER_ROOT;10924;10;10921;22;;;10936;10;;;;;10930.0;73620.0
-2;929900;ASH_COATED_OSMIUM;9998;13;9996;28;;;10014;13;10017;28;;;10006.0;16962.0
-2;929900;INTARIAN_PEPPER_ROOT;10924;10;10921;22;;;;;;;;;10924.0;73140.0
-2;930000;ASH_COATED_OSMIUM;9998;10;9996;28;;;10014;10;10017;28;;;10006.0;16962.0
-2;930000;INTARIAN_PEPPER_ROOT;10924;8;10921;15;;;10936;8;10939;15;;;10930.0;73620.0
-2;930100;ASH_COATED_OSMIUM;9998;12;9996;27;;;10014;12;10017;27;;;10006.0;16962.0
-2;930100;INTARIAN_PEPPER_ROOT;10924;12;10921;22;;;10936;12;10939;22;;;10930.0;73620.0
-2;930200;ASH_COATED_OSMIUM;9999;15;9996;30;;;10017;30;;;;;10008.0;16996.0
-2;930200;INTARIAN_PEPPER_ROOT;10924;9;;;;;10936;9;10939;18;;;10930.0;73620.0
-2;930300;ASH_COATED_OSMIUM;9998;14;9996;22;;;10014;14;10017;22;;;10006.0;16962.0
-2;930300;INTARIAN_PEPPER_ROOT;10924;12;10922;23;;;;;;;;;10924.0;73140.0
-2;930400;ASH_COATED_OSMIUM;9999;15;9996;22;;;10015;15;;;;;10007.0;16979.0
-2;930400;INTARIAN_PEPPER_ROOT;;;;;;;10936;12;10939;21;;;10936.0;74100.0
-2;930500;ASH_COATED_OSMIUM;9999;14;9996;27;;;10015;14;10017;27;;;10007.0;16979.0
-2;930500;INTARIAN_PEPPER_ROOT;10925;10;10922;24;;;10936;10;;;;;10930.5;73660.0
-2;930600;ASH_COATED_OSMIUM;9998;11;9996;26;;;10017;26;;;;;10007.5;16987.5
-2;930600;INTARIAN_PEPPER_ROOT;10925;11;10922;17;;;;;;;;;10925.0;73220.0
-2;930700;ASH_COATED_OSMIUM;9998;10;9996;30;;;;;;;;;9998.0;16826.0
-2;930700;INTARIAN_PEPPER_ROOT;10925;12;10922;15;;;10937;12;10939;15;;;10931.0;73700.0
-2;930800;ASH_COATED_OSMIUM;9998;13;9996;25;;;10014;13;10017;25;;;10006.0;16962.0
-2;930800;INTARIAN_PEPPER_ROOT;10925;10;10922;15;;;10937;10;10939;15;;;10931.0;73700.0
-2;930900;ASH_COATED_OSMIUM;9998;15;9996;24;;;10014;15;10017;24;;;10006.0;16962.0
-2;930900;INTARIAN_PEPPER_ROOT;10925;9;;;;;10937;9;;;;;10931.0;73700.0
-2;931000;ASH_COATED_OSMIUM;9998;15;9995;30;;;10014;15;;;;;10006.0;16962.0
-2;931000;INTARIAN_PEPPER_ROOT;10925;8;10922;19;;;10937;8;10940;19;;;10931.0;73700.0
-2;931100;ASH_COATED_OSMIUM;9998;15;9995;23;;;10014;15;10016;23;;;10006.0;16962.0
-2;931100;INTARIAN_PEPPER_ROOT;10925;12;10922;23;;;10937;12;10940;23;;;10931.0;73700.0
-2;931200;ASH_COATED_OSMIUM;9998;12;9995;27;;;10014;12;10016;27;;;10006.0;16962.0
-2;931200;INTARIAN_PEPPER_ROOT;10925;10;10923;21;;;10937;10;10940;21;;;10931.0;73700.0
-2;931300;ASH_COATED_OSMIUM;9997;13;;;;;10013;13;;;;;10005.0;17001.0
-2;931300;INTARIAN_PEPPER_ROOT;10925;11;10923;24;;;10937;11;10940;24;;;10931.0;73700.0
-2;931400;ASH_COATED_OSMIUM;9998;11;9995;22;;;10014;11;10016;22;;;10006.0;17010.0
-2;931400;INTARIAN_PEPPER_ROOT;10925;12;10923;16;;;10937;12;10940;16;;;10931.0;73700.0
-2;931500;ASH_COATED_OSMIUM;9997;12;9995;22;;;10013;12;10016;22;;;10005.0;17001.0
-2;931500;INTARIAN_PEPPER_ROOT;10926;10;10923;23;;;10937;10;10940;23;;;10931.5;73740.0
-2;931600;ASH_COATED_OSMIUM;9997;12;9995;28;;;10013;12;10016;28;;;10005.0;17001.0
-2;931600;INTARIAN_PEPPER_ROOT;10926;11;10923;20;;;10938;11;10940;20;;;10932.0;73780.0
-2;931700;ASH_COATED_OSMIUM;9997;15;9994;21;;;10013;15;10015;21;;;10005.0;17001.0
-2;931700;INTARIAN_PEPPER_ROOT;10926;8;10923;25;;;10940;25;;;;;10933.0;73860.0
-2;931800;ASH_COATED_OSMIUM;9997;13;9994;26;;;10013;13;;;;;10005.0;17001.0
-2;931800;INTARIAN_PEPPER_ROOT;10926;10;10923;16;;;;;;;;;10926.0;73300.0
-2;931900;ASH_COATED_OSMIUM;9998;14;9995;30;;;10014;14;10016;30;;;10006.0;17010.0
-2;931900;INTARIAN_PEPPER_ROOT;10935;5;10926;9;10923;15;10938;9;10941;15;;;10936.5;74140.0
-2;932000;ASH_COATED_OSMIUM;9998;12;9996;27;;;10014;12;;;;;10006.0;17010.0
-2;932000;INTARIAN_PEPPER_ROOT;10926;12;;;;;10938;12;;;;;10932.0;73780.0
-2;932100;ASH_COATED_OSMIUM;9999;12;9996;27;;;10015;12;10017;27;;;10007.0;17019.0
-2;932100;INTARIAN_PEPPER_ROOT;10926;12;10923;23;;;10938;12;10941;23;;;10932.0;73780.0
-2;932200;ASH_COATED_OSMIUM;9999;13;9996;27;;;10015;13;10017;27;;;10007.0;17019.0
-2;932200;INTARIAN_PEPPER_ROOT;10926;11;;;;;10928;8;10938;11;10941;22;10927.0;73380.0
-2;932300;ASH_COATED_OSMIUM;9996;27;;;;;10015;13;10017;27;;;10005.5;17005.5
-2;932300;INTARIAN_PEPPER_ROOT;10926;9;10924;21;;;10938;9;;;;;10932.0;73780.0
-2;932400;ASH_COATED_OSMIUM;9998;14;9995;24;;;10014;14;10016;24;;;10006.0;17010.0
-2;932400;INTARIAN_PEPPER_ROOT;10926;11;10924;16;;;10938;11;10941;16;;;10932.0;73780.0
-2;932500;ASH_COATED_OSMIUM;9995;20;;;;;10016;20;;;;;10005.5;17081.5
-2;932500;INTARIAN_PEPPER_ROOT;10927;9;10924;19;;;10938;9;10941;19;;;10932.5;73820.0
-2;932600;ASH_COATED_OSMIUM;9997;13;9994;29;;;10013;13;;;;;10005.0;17073.0
-2;932600;INTARIAN_PEPPER_ROOT;10924;23;;;;;10939;9;;;;;10931.5;73740.0
-2;932700;ASH_COATED_OSMIUM;9997;13;9995;23;;;10013;13;10016;23;;;10005.0;17073.0
-2;932700;INTARIAN_PEPPER_ROOT;10927;12;10924;16;;;10939;12;10941;16;;;10933.0;73860.0
-2;932800;ASH_COATED_OSMIUM;9997;15;;;;;10006;4;10013;15;10015;30;10001.5;17013.5
-2;932800;INTARIAN_PEPPER_ROOT;10927;12;10924;17;;;10939;12;10941;17;;;10933.0;73860.0
-2;932900;ASH_COATED_OSMIUM;9997;15;9994;28;;;;;;;;;9997.0;16937.0
-2;932900;INTARIAN_PEPPER_ROOT;10927;11;;;;;10939;11;;;;;10933.0;73860.0
-2;933000;ASH_COATED_OSMIUM;10002;5;9997;11;9994;23;10015;23;;;;;10008.5;17132.5
-2;933000;INTARIAN_PEPPER_ROOT;10927;9;10924;17;;;10939;9;10942;17;;;10933.0;73860.0
-2;933100;ASH_COATED_OSMIUM;9997;12;;;;;10013;12;;;;;10005.0;17073.0
-2;933100;INTARIAN_PEPPER_ROOT;10927;12;10924;15;;;10939;12;10942;15;;;10933.0;73860.0
-2;933200;ASH_COATED_OSMIUM;9997;13;9995;28;;;10013;13;10016;28;;;10005.0;17073.0
-2;933200;INTARIAN_PEPPER_ROOT;10927;9;;;;;10939;9;10942;17;;;10933.0;73860.0
-2;933300;ASH_COATED_OSMIUM;9997;13;9995;25;;;10016;25;;;;;10006.5;17098.5
-2;933300;INTARIAN_PEPPER_ROOT;10927;8;10925;16;;;10939;8;10942;16;;;10933.0;73860.0
-2;933400;ASH_COATED_OSMIUM;;;;;;;10013;13;10016;26;;;10013.0;17209.0
-2;933400;INTARIAN_PEPPER_ROOT;10927;12;;;;;10939;12;10942;24;;;10933.0;73860.0
-2;933500;ASH_COATED_OSMIUM;9997;11;9995;26;;;10013;11;10016;26;;;10005.0;17136.0
-2;933500;INTARIAN_PEPPER_ROOT;10925;21;;;;;10942;21;;;;;10933.5;73900.0
-2;933600;ASH_COATED_OSMIUM;9994;23;;;;;10013;14;10015;23;;;10003.5;17124.0
-2;933600;INTARIAN_PEPPER_ROOT;10928;9;;;;;10942;23;;;;;10935.0;74020.0
-2;933700;ASH_COATED_OSMIUM;9996;10;9994;29;;;10012;10;10015;29;;;10004.0;17170.0
-2;933700;INTARIAN_PEPPER_ROOT;10936;6;10928;12;10925;25;10940;12;10942;25;;;10938.0;74260.0
-2;933800;ASH_COATED_OSMIUM;9996;11;9994;26;;;10012;11;;;;;10004.0;17170.0
-2;933800;INTARIAN_PEPPER_ROOT;10928;12;10925;16;;;10940;12;;;;;10934.0;73940.0
-2;933900;ASH_COATED_OSMIUM;9996;13;9994;23;;;10012;13;10015;23;;;10004.0;17170.0
-2;933900;INTARIAN_PEPPER_ROOT;10925;24;;;;;10940;11;10943;24;;;10932.5;73820.0
-2;934000;ASH_COATED_OSMIUM;9996;13;;;;;10012;13;10015;28;;;10004.0;17170.0
-2;934000;INTARIAN_PEPPER_ROOT;10928;8;10925;25;;;10940;8;10943;25;;;10934.0;73940.0
-2;934100;ASH_COATED_OSMIUM;9996;12;9994;28;;;10012;12;10015;28;;;10004.0;17170.0
-2;934100;INTARIAN_PEPPER_ROOT;10928;10;10925;18;;;10940;10;10943;18;;;10934.0;73940.0
-2;934200;ASH_COATED_OSMIUM;9997;12;9994;21;;;10013;12;10015;21;;;10005.0;17172.0
-2;934200;INTARIAN_PEPPER_ROOT;10925;21;;;;;10940;8;10943;21;;;10932.5;73820.0
-2;934300;ASH_COATED_OSMIUM;9997;15;9994;28;;;10013;15;10015;28;;;10005.0;17172.0
-2;934300;INTARIAN_PEPPER_ROOT;10926;20;;;;;10940;9;10943;20;;;10933.0;73860.0
-2;934400;ASH_COATED_OSMIUM;9996;15;9994;28;;;10012;15;10015;28;;;10004.0;17170.0
-2;934400;INTARIAN_PEPPER_ROOT;10928;9;10926;24;;;10940;9;10943;24;;;10934.0;73940.0
-2;934500;ASH_COATED_OSMIUM;9996;11;9994;27;;;10012;11;10015;27;;;10004.0;17170.0
-2;934500;INTARIAN_PEPPER_ROOT;10929;11;;;;;10940;11;10943;19;;;10934.5;73980.0
-2;934600;ASH_COATED_OSMIUM;9996;10;9994;28;;;10012;10;10015;28;;;10004.0;17170.0
-2;934600;INTARIAN_PEPPER_ROOT;10929;10;;;;;10941;10;10943;23;;;10935.0;74020.0
-2;934700;ASH_COATED_OSMIUM;9997;12;9994;27;;;10002;5;10015;27;;;9999.5;17148.5
-2;934700;INTARIAN_PEPPER_ROOT;10929;12;10926;21;;;10943;21;;;;;10936.0;74100.0
-2;934800;ASH_COATED_OSMIUM;9997;12;9994;22;;;10013;12;10015;22;;;10005.0;17187.0
-2;934800;INTARIAN_PEPPER_ROOT;10929;12;;;;;10931;8;10941;12;10943;20;10930.0;73620.0
-2;934900;ASH_COATED_OSMIUM;9995;21;;;;;10013;13;10016;21;;;10004.0;17180.0
-2;934900;INTARIAN_PEPPER_ROOT;10929;10;10926;17;;;10941;10;10944;17;;;10935.0;74020.0
-2;935000;ASH_COATED_OSMIUM;9997;12;9995;24;;;10013;12;;;;;10005.0;17187.0
-2;935000;INTARIAN_PEPPER_ROOT;10929;9;10926;15;;;10941;9;10944;15;;;10935.0;74020.0
-2;935100;ASH_COATED_OSMIUM;9998;14;;;;;10014;14;10016;27;;;10006.0;17194.0
-2;935100;INTARIAN_PEPPER_ROOT;10929;9;10926;22;;;10944;22;;;;;10936.5;74140.0
-2;935200;ASH_COATED_OSMIUM;9998;15;;;;;10014;15;10016;28;;;10006.0;17194.0
-2;935200;INTARIAN_PEPPER_ROOT;10929;9;10926;23;;;;;;;;;10929.0;73540.0
-2;935300;ASH_COATED_OSMIUM;9998;10;;;;;10016;25;;;;;10007.0;17201.0
-2;935300;INTARIAN_PEPPER_ROOT;10929;8;;;;;10944;19;;;;;10936.5;74140.0
-2;935400;ASH_COATED_OSMIUM;9998;13;9995;20;;;10014;13;10016;20;;;10006.0;17194.0
-2;935400;INTARIAN_PEPPER_ROOT;10929;11;10927;16;;;10941;11;10944;16;;;10935.0;74020.0
-2;935500;ASH_COATED_OSMIUM;9998;14;9995;29;;;10016;29;;;;;10007.0;17201.0
-2;935500;INTARIAN_PEPPER_ROOT;10930;11;10927;22;;;10941;11;10944;22;;;10935.5;74060.0
-2;935600;ASH_COATED_OSMIUM;9998;12;9995;25;;;10016;25;;;;;10007.0;17201.0
-2;935600;INTARIAN_PEPPER_ROOT;10938;3;10927;24;;;10942;12;10944;24;;;10940.0;74420.0
-2;935700;ASH_COATED_OSMIUM;10003;2;;;;;10013;15;10016;29;;;10008.0;17208.0
-2;935700;INTARIAN_PEPPER_ROOT;10930;8;10927;23;;;10942;8;;;;;10936.0;74100.0
-2;935800;ASH_COATED_OSMIUM;9997;15;9995;22;;;10013;15;10016;22;;;10005.0;17187.0
-2;935800;INTARIAN_PEPPER_ROOT;10930;12;10927;18;;;10942;12;10945;18;;;10936.0;74100.0
-2;935900;ASH_COATED_OSMIUM;9997;11;9995;22;;;10013;11;10016;22;;;10005.0;17187.0
-2;935900;INTARIAN_PEPPER_ROOT;10930;10;;;;;10942;10;;;;;10936.0;74100.0
-2;936000;ASH_COATED_OSMIUM;9997;10;9994;23;;;10013;10;10015;23;;;10005.0;17187.0
-2;936000;INTARIAN_PEPPER_ROOT;10927;22;;;;;10942;10;10945;22;;;10934.5;73980.0
-2;936100;ASH_COATED_OSMIUM;9995;21;;;;;10016;21;;;;;10005.5;17228.5
-2;936100;INTARIAN_PEPPER_ROOT;10930;12;10927;20;;;10942;12;10945;20;;;10936.0;74100.0
-2;936200;ASH_COATED_OSMIUM;;;;;;;10013;14;10016;25;;;10013.0;17311.0
-2;936200;INTARIAN_PEPPER_ROOT;10930;11;10927;19;;;10945;19;;;;;10937.5;74220.0
-2;936300;ASH_COATED_OSMIUM;9998;15;9995;28;;;10014;15;10016;28;;;10006.0;17234.0
-2;936300;INTARIAN_PEPPER_ROOT;10930;8;10928;23;;;10942;8;10945;23;;;10936.0;74100.0
-2;936400;ASH_COATED_OSMIUM;9998;13;;;;;10014;13;10016;22;;;10006.0;17234.0
-2;936400;INTARIAN_PEPPER_ROOT;10930;9;;;;;10945;25;;;;;10937.5;74220.0
-2;936500;ASH_COATED_OSMIUM;10003;3;9998;10;9995;25;10014;10;10016;25;;;10008.5;17261.5
-2;936500;INTARIAN_PEPPER_ROOT;10931;11;10928;19;;;10942;11;10945;19;;;10936.5;74140.0
-2;936600;ASH_COATED_OSMIUM;9995;22;;;;;10013;12;10016;22;;;10004.0;17212.0
-2;936600;INTARIAN_PEPPER_ROOT;10931;11;10928;15;;;10943;11;10945;15;;;10937.0;74180.0
-2;936700;ASH_COATED_OSMIUM;9997;11;9995;20;;;10016;20;;;;;10006.5;17239.5
-2;936700;INTARIAN_PEPPER_ROOT;10931;8;10928;20;;;10943;8;10945;20;;;10937.0;74180.0
-2;936800;ASH_COATED_OSMIUM;;;;;;;10013;11;10016;28;;;10013.0;17311.0
-2;936800;INTARIAN_PEPPER_ROOT;10931;12;10928;16;;;10943;12;10946;16;;;10937.0;74180.0
-2;936900;ASH_COATED_OSMIUM;9995;23;;;;;10014;14;10016;23;;;10004.5;17217.5
-2;936900;INTARIAN_PEPPER_ROOT;10931;8;10928;21;;;;;;;;;10931.0;73700.0
-2;937000;ASH_COATED_OSMIUM;9998;10;9995;20;;;10014;10;10016;20;;;10006.0;17234.0
-2;937000;INTARIAN_PEPPER_ROOT;10931;12;10928;19;;;10943;12;;;;;10937.0;74180.0
-2;937100;ASH_COATED_OSMIUM;9995;22;;;;;10013;11;10016;22;;;10004.0;17212.0
-2;937100;INTARIAN_PEPPER_ROOT;10931;10;10928;24;;;10943;10;10946;24;;;10937.0;74180.0
-2;937200;ASH_COATED_OSMIUM;9998;15;9995;20;;;10014;15;10016;20;;;10006.0;17234.0
-2;937200;INTARIAN_PEPPER_ROOT;10931;11;10928;17;;;10943;11;10946;17;;;10937.0;74180.0
-2;937300;ASH_COATED_OSMIUM;9995;23;;;;;10003;6;10014;10;10016;23;9999.0;17133.0
-2;937300;INTARIAN_PEPPER_ROOT;10931;11;10929;23;;;10943;11;10946;23;;;10937.0;74180.0
-2;937400;ASH_COATED_OSMIUM;9996;21;;;;;10014;14;10017;21;;;10005.0;17235.0
-2;937400;INTARIAN_PEPPER_ROOT;10931;10;;;;;10943;10;10946;22;;;10937.0;74180.0
-2;937500;ASH_COATED_OSMIUM;9998;13;;;;;10016;22;;;;;10007.0;17269.0
-2;937500;INTARIAN_PEPPER_ROOT;10929;19;;;;;;;;;;;10929.0;73540.0
-2;937600;ASH_COATED_OSMIUM;9998;13;9995;26;;;10003;10;10014;13;;;10000.5;17133.5
-2;937600;INTARIAN_PEPPER_ROOT;10932;11;;;;;10944;11;;;;;10938.0;74260.0
-2;937700;ASH_COATED_OSMIUM;9998;15;;;;;10014;15;10016;26;;;10006.0;17282.0
-2;937700;INTARIAN_PEPPER_ROOT;;;;;;;10944;10;10946;18;;;10944.0;74740.0
-2;937800;ASH_COATED_OSMIUM;9995;21;;;;;10013;13;;;;;10004.0;17228.0
-2;937800;INTARIAN_PEPPER_ROOT;10932;8;10929;18;;;;;;;;;10932.0;73780.0
-2;937900;ASH_COATED_OSMIUM;9997;11;9995;23;;;10016;23;;;;;10006.5;17295.5
-2;937900;INTARIAN_PEPPER_ROOT;10932;12;10929;17;;;10944;12;10947;17;;;10938.0;74260.0
-2;938000;ASH_COATED_OSMIUM;9997;11;;;;;10013;11;10016;23;;;10005.0;17255.0
-2;938000;INTARIAN_PEPPER_ROOT;10941;4;10932;11;10929;20;;;;;;;10941.0;74500.0
-2;938100;ASH_COATED_OSMIUM;9997;11;9995;23;;;10013;11;;;;;10005.0;17255.0
-2;938100;INTARIAN_PEPPER_ROOT;10932;8;10929;16;;;10947;16;;;;;10939.5;74380.0
-2;938200;ASH_COATED_OSMIUM;9998;14;9995;28;;;10014;14;10016;28;;;10006.0;17282.0
-2;938200;INTARIAN_PEPPER_ROOT;10932;12;10929;19;;;10944;12;10947;19;;;10938.0;74260.0
-2;938300;ASH_COATED_OSMIUM;9998;13;;;;;10014;13;10017;21;;;10006.0;17282.0
-2;938300;INTARIAN_PEPPER_ROOT;10932;12;10930;25;;;10944;12;10947;25;;;10938.0;74260.0
-2;938400;ASH_COATED_OSMIUM;9999;12;9996;22;;;;;;;;;9999.0;17093.0
-2;938400;INTARIAN_PEPPER_ROOT;10930;16;;;;;10944;12;10947;16;;;10937.0;74180.0
-2;938500;ASH_COATED_OSMIUM;9998;10;;;;;10017;24;;;;;10007.5;17322.5
-2;938500;INTARIAN_PEPPER_ROOT;10933;8;10930;22;;;10944;8;10947;22;;;10938.5;74300.0
-2;938600;ASH_COATED_OSMIUM;9996;30;;;;;10015;12;;;;;10005.5;17268.5
-2;938600;INTARIAN_PEPPER_ROOT;10933;9;10930;23;;;10945;9;10947;23;;;10939.0;74340.0
-2;938700;ASH_COATED_OSMIUM;9999;15;9997;24;;;10015;15;10018;24;;;10007.0;17309.0
-2;938700;INTARIAN_PEPPER_ROOT;10933;8;;;;;10945;8;10947;25;;;10939.0;74340.0
-2;938800;ASH_COATED_OSMIUM;10000;15;;;;;10016;15;10018;29;;;10008.0;17336.0
-2;938800;INTARIAN_PEPPER_ROOT;10933;8;10930;25;;;10945;8;;;;;10939.0;74340.0
-2;938900;ASH_COATED_OSMIUM;10000;14;;;;;10016;14;10018;24;;;10008.0;17336.0
-2;938900;INTARIAN_PEPPER_ROOT;10933;12;10930;16;;;10945;12;10948;16;;;10939.0;74340.0
-2;939000;ASH_COATED_OSMIUM;10000;11;9997;23;;;10016;11;10018;23;;;10008.0;17336.0
-2;939000;INTARIAN_PEPPER_ROOT;10933;12;10930;21;;;10945;12;10948;21;;;10939.0;74340.0
-2;939100;ASH_COATED_OSMIUM;10000;14;9998;20;;;10016;14;10019;20;;;10008.0;17336.0
-2;939100;INTARIAN_PEPPER_ROOT;10933;8;10930;15;;;10945;8;10948;15;;;10939.0;74340.0
-2;939200;ASH_COATED_OSMIUM;10000;14;;;;;10016;14;10019;25;;;10008.0;17336.0
-2;939200;INTARIAN_PEPPER_ROOT;10933;11;10930;24;;;10945;11;;;;;10939.0;74340.0
-2;939300;ASH_COATED_OSMIUM;10000;15;9998;23;;;10016;15;;;;;10008.0;17336.0
-2;939300;INTARIAN_PEPPER_ROOT;10933;8;10931;25;;;10945;8;10948;25;;;10939.0;74340.0
-2;939400;ASH_COATED_OSMIUM;10000;11;9998;30;;;10016;11;;;;;10008.0;17336.0
-2;939400;INTARIAN_PEPPER_ROOT;;;;;;;10948;20;;;;;10948.0;75060.0
-2;939500;ASH_COATED_OSMIUM;9997;26;;;;;10018;26;;;;;10007.5;17322.5
-2;939500;INTARIAN_PEPPER_ROOT;10934;12;;;;;10936;3;;;;;10935.0;74020.0
-2;939600;ASH_COATED_OSMIUM;9999;15;9997;24;;;10015;15;10018;24;;;10007.0;17309.0
-2;939600;INTARIAN_PEPPER_ROOT;10934;8;10931;19;;;;;;;;;10934.0;73940.0
-2;939700;ASH_COATED_OSMIUM;10000;15;;;;;10016;15;10018;30;;;10008.0;17336.0
-2;939700;INTARIAN_PEPPER_ROOT;10934;12;;;;;10946;12;10948;21;;;10940.0;74420.0
-2;939800;ASH_COATED_OSMIUM;9997;29;;;;;10015;14;10018;29;;;10006.0;17282.0
-2;939800;INTARIAN_PEPPER_ROOT;10934;10;10931;15;;;10946;10;;;;;10940.0;74420.0
-2;939900;ASH_COATED_OSMIUM;9999;13;;;;;;;;;;;9999.0;17093.0
-2;939900;INTARIAN_PEPPER_ROOT;10934;9;10931;18;;;10946;9;10949;18;;;10940.0;74420.0
-2;940000;ASH_COATED_OSMIUM;9999;15;;;;;10015;15;10018;28;;;10007.0;17309.0
-2;940000;INTARIAN_PEPPER_ROOT;10934;9;10931;21;;;10946;9;;;;;10940.0;74420.0
-2;940100;ASH_COATED_OSMIUM;9999;15;9996;28;;;10015;15;;;;;10007.0;17379.0
-2;940100;INTARIAN_PEPPER_ROOT;10934;10;10931;15;;;;;;;;;10934.0;73940.0
-2;940200;ASH_COATED_OSMIUM;9999;10;9997;25;;;10015;10;10018;25;;;10007.0;17379.0
-2;940200;INTARIAN_PEPPER_ROOT;10931;22;;;;;10946;8;;;;;10938.5;74300.0
-2;940300;ASH_COATED_OSMIUM;9999;15;9997;23;;;10018;23;;;;;10008.5;17434.5
-2;940300;INTARIAN_PEPPER_ROOT;10934;10;10932;17;;;10946;10;10949;17;;;10940.0;74420.0
-2;940400;ASH_COATED_OSMIUM;10004;2;9999;15;9996;23;10015;15;10017;23;;;10009.5;17471.5
-2;940400;INTARIAN_PEPPER_ROOT;10934;10;10932;22;;;10946;10;10949;22;;;10940.0;74420.0
-2;940500;ASH_COATED_OSMIUM;9999;15;9996;24;;;10015;15;;;;;10007.0;17379.0
-2;940500;INTARIAN_PEPPER_ROOT;10935;9;10932;21;;;10949;21;;;;;10942.0;74580.0
-2;940600;ASH_COATED_OSMIUM;9999;10;9996;23;;;10018;23;;;;;10008.5;17485.5
-2;940600;INTARIAN_PEPPER_ROOT;10935;12;10932;16;;;10947;12;10949;16;;;10941.0;74500.0
-2;940700;ASH_COATED_OSMIUM;9998;10;9996;25;;;10014;10;10017;25;;;10006.0;17378.0
-2;940700;INTARIAN_PEPPER_ROOT;10935;12;10932;15;;;10949;15;;;;;10942.0;74580.0
-2;940800;ASH_COATED_OSMIUM;9996;24;;;;;10014;12;10017;24;;;10005.0;17335.0
-2;940800;INTARIAN_PEPPER_ROOT;10938;8;10932;24;;;10947;12;10950;24;;;10942.5;74620.0
-2;940900;ASH_COATED_OSMIUM;9998;10;9996;23;;;10014;10;10017;23;;;10006.0;17378.0
-2;940900;INTARIAN_PEPPER_ROOT;10935;10;10932;15;;;10947;10;10950;15;;;10941.0;74500.0
-2;941000;ASH_COATED_OSMIUM;9998;11;9995;20;;;10014;11;10016;20;;;10006.0;17378.0
-2;941000;INTARIAN_PEPPER_ROOT;10935;11;;;;;10947;11;10950;16;;;10941.0;74500.0
-2;941100;ASH_COATED_OSMIUM;;;;;;;10014;11;10017;30;;;10014.0;17722.0
-2;941100;INTARIAN_PEPPER_ROOT;10935;9;10932;18;;;10947;9;10950;18;;;10941.0;74500.0
-2;941200;ASH_COATED_OSMIUM;9998;12;9995;26;;;10014;12;;;;;10006.0;17378.0
-2;941200;INTARIAN_PEPPER_ROOT;10932;15;;;;;10947;10;10950;15;;;10939.5;74380.0
-2;941300;ASH_COATED_OSMIUM;9998;11;9995;25;;;10014;11;10016;25;;;10006.0;17378.0
-2;941300;INTARIAN_PEPPER_ROOT;10939;6;10933;22;;;10947;10;10950;22;;;10943.0;74660.0
-2;941400;ASH_COATED_OSMIUM;9995;28;;;;;10016;28;;;;;10005.5;17356.5
-2;941400;INTARIAN_PEPPER_ROOT;10935;12;10933;18;;;10947;12;10950;18;;;10941.0;74500.0
-2;941500;ASH_COATED_OSMIUM;;;;;;;10013;12;10016;28;;;10013.0;17679.0
-2;941500;INTARIAN_PEPPER_ROOT;10936;12;10933;20;;;10947;12;10950;20;;;10941.5;74540.0
-2;941600;ASH_COATED_OSMIUM;10003;4;9997;15;9995;21;10013;15;10016;21;;;10008.0;17464.0
-2;941600;INTARIAN_PEPPER_ROOT;10936;11;10933;21;;;10950;21;;;;;10943.0;74660.0
-2;941700;ASH_COATED_OSMIUM;9997;14;;;;;10016;26;;;;;10006.5;17399.5
-2;941700;INTARIAN_PEPPER_ROOT;10936;11;;;;;10948;11;10950;24;;;10942.0;74580.0
-2;941800;ASH_COATED_OSMIUM;9997;11;9995;24;;;10016;24;;;;;10006.5;17399.5
-2;941800;INTARIAN_PEPPER_ROOT;10933;25;;;;;10948;10;10951;25;;;10940.5;74460.0
-2;941900;ASH_COATED_OSMIUM;9997;13;9995;27;;;10013;13;10016;27;;;10005.0;17335.0
-2;941900;INTARIAN_PEPPER_ROOT;10936;11;10933;23;;;10948;11;10951;23;;;10942.0;74580.0
-2;942000;ASH_COATED_OSMIUM;9997;12;9994;21;;;10015;21;;;;;10006.0;17378.0
-2;942000;INTARIAN_PEPPER_ROOT;10936;12;;;;;;;;;;;10936.0;74100.0
-2;942100;ASH_COATED_OSMIUM;9997;11;9994;24;;;10013;11;;;;;10005.0;17335.0
-2;942100;INTARIAN_PEPPER_ROOT;10936;12;10933;25;;;10948;12;;;;;10942.0;74580.0
-2;942200;ASH_COATED_OSMIUM;9997;14;9994;26;;;10013;14;;;;;10005.0;17335.0
-2;942200;INTARIAN_PEPPER_ROOT;10933;16;;;;;10948;12;;;;;10940.5;74460.0
-2;942300;ASH_COATED_OSMIUM;9997;10;9995;20;;;10013;10;;;;;10005.0;17335.0
-2;942300;INTARIAN_PEPPER_ROOT;10936;10;10934;15;;;10948;10;10951;15;;;10942.0;74580.0
-2;942400;ASH_COATED_OSMIUM;9998;11;9995;26;;;10014;11;10016;26;;;10006.0;17378.0
-2;942400;INTARIAN_PEPPER_ROOT;10936;12;10934;17;;;10948;12;10951;17;;;10942.0;74580.0
-2;942500;ASH_COATED_OSMIUM;9997;12;9995;25;;;10013;12;;;;;10005.0;17335.0
-2;942500;INTARIAN_PEPPER_ROOT;10937;10;10934;21;;;10951;21;;;;;10944.0;74740.0
-2;942600;ASH_COATED_OSMIUM;9998;15;9995;29;;;10014;15;10016;29;;;10006.0;17378.0
-2;942600;INTARIAN_PEPPER_ROOT;10937;8;;;;;10949;8;10951;24;;;10943.0;74660.0
-2;942700;ASH_COATED_OSMIUM;9998;11;9995;20;;;10016;20;;;;;10007.0;17421.0
-2;942700;INTARIAN_PEPPER_ROOT;10937;11;10934;15;;;10949;11;10951;15;;;10943.0;74660.0
-2;942800;ASH_COATED_OSMIUM;9997;14;9995;28;;;10014;14;10016;28;;;10005.5;17356.5
-2;942800;INTARIAN_PEPPER_ROOT;10937;10;10934;22;;;10949;10;10952;22;;;10943.0;74660.0
-2;942900;ASH_COATED_OSMIUM;9998;10;9995;20;;;;;;;;;9998.0;17034.0
-2;942900;INTARIAN_PEPPER_ROOT;10937;11;10934;18;;;10949;11;10952;18;;;10943.0;74660.0
-2;943000;ASH_COATED_OSMIUM;9998;12;9995;29;;;10017;29;;;;;10007.5;17442.5
-2;943000;INTARIAN_PEPPER_ROOT;10937;10;10934;20;;;10949;10;;;;;10943.0;74660.0
-2;943100;ASH_COATED_OSMIUM;9999;11;9996;21;;;10015;11;10017;21;;;10007.0;17463.0
-2;943100;INTARIAN_PEPPER_ROOT;10937;11;10934;19;;;10949;11;10952;19;;;10943.0;74660.0
-2;943200;ASH_COATED_OSMIUM;9998;12;9996;28;;;10014;12;10017;28;;;10006.0;17414.0
-2;943200;INTARIAN_PEPPER_ROOT;10937;8;10934;15;;;10949;8;10952;15;;;10943.0;74660.0
-2;943300;ASH_COATED_OSMIUM;9998;15;9996;22;;;10017;22;;;;;10007.5;17487.5
-2;943300;INTARIAN_PEPPER_ROOT;10937;10;10935;17;;;10949;10;10952;17;;;10943.0;74660.0
-2;943400;ASH_COATED_OSMIUM;9998;14;9996;20;;;10017;20;;;;;10007.5;17487.5
-2;943400;INTARIAN_PEPPER_ROOT;10937;12;10935;19;;;10949;12;10952;19;;;10943.0;74660.0
-2;943500;ASH_COATED_OSMIUM;9998;14;9995;20;;;10014;14;10016;20;;;10006.0;17414.0
-2;943500;INTARIAN_PEPPER_ROOT;10938;9;10935;25;;;10949;9;10952;25;;;10943.5;74700.0
-2;943600;ASH_COATED_OSMIUM;10004;3;9996;20;;;10014;15;10017;20;;;10009.0;17561.0
-2;943600;INTARIAN_PEPPER_ROOT;10938;12;10935;23;;;10950;12;10952;23;;;10944.0;74740.0
-2;943700;ASH_COATED_OSMIUM;9999;14;9996;24;;;10015;14;10017;24;;;10007.0;17463.0
-2;943700;INTARIAN_PEPPER_ROOT;10938;10;;;;;10950;10;;;;;10944.0;74740.0
-2;943800;ASH_COATED_OSMIUM;9998;12;9996;27;;;10014;12;10017;27;;;10006.0;17414.0
-2;943800;INTARIAN_PEPPER_ROOT;10938;8;10935;19;;;10950;8;10953;19;;;10944.0;74740.0
-2;943900;ASH_COATED_OSMIUM;9998;10;9996;23;;;10008;3;10014;10;10017;23;10003.0;17287.0
-2;943900;INTARIAN_PEPPER_ROOT;10938;11;10935;15;;;10950;11;10953;15;;;10944.0;74740.0
-2;944000;ASH_COATED_OSMIUM;9998;14;9996;20;;;10014;14;;;;;10006.0;17449.0
-2;944000;INTARIAN_PEPPER_ROOT;10938;12;10935;23;;;10950;12;10953;23;;;10944.0;74740.0
-2;944100;ASH_COATED_OSMIUM;9998;15;;;;;10014;15;;;;;10006.0;17449.0
-2;944100;INTARIAN_PEPPER_ROOT;10947;6;10935;16;;;10950;11;10953;16;;;10948.5;75100.0
-2;944200;ASH_COATED_OSMIUM;9999;11;9996;30;;;10015;11;10017;30;;;10007.0;17503.0
-2;944200;INTARIAN_PEPPER_ROOT;10938;11;10935;17;;;10950;11;10953;17;;;10944.0;74740.0
-2;944300;ASH_COATED_OSMIUM;9999;11;;;;;10015;11;10018;27;;;10007.0;17503.0
-2;944300;INTARIAN_PEPPER_ROOT;10938;12;10936;23;;;10950;12;10953;23;;;10944.0;74740.0
-2;944400;ASH_COATED_OSMIUM;9999;15;9997;25;;;10018;25;;;;;10008.5;17584.0
-2;944400;INTARIAN_PEPPER_ROOT;10938;11;10936;24;;;10950;11;10953;24;;;10944.0;74740.0
-2;944500;ASH_COATED_OSMIUM;9998;14;9996;30;;;10014;14;10017;30;;;10006.0;17449.0
-2;944500;INTARIAN_PEPPER_ROOT;10936;16;;;;;10953;16;;;;;10944.5;74780.0
-2;944600;ASH_COATED_OSMIUM;9998;10;9996;25;;;10017;25;;;;;10007.5;17530.0
-2;944600;INTARIAN_PEPPER_ROOT;10936;22;;;;;;;;;;;10936.0;74100.0
-2;944700;ASH_COATED_OSMIUM;9998;13;9996;27;;;10014;13;10017;27;;;10006.0;17449.0
-2;944700;INTARIAN_PEPPER_ROOT;10939;8;10936;19;;;10941;3;10951;8;10953;19;10940.0;74420.0
-2;944800;ASH_COATED_OSMIUM;10004;5;9998;13;9996;26;10017;26;;;;;10010.5;17692.0
-2;944800;INTARIAN_PEPPER_ROOT;10939;9;10936;24;;;10954;24;;;;;10946.5;74940.0
-2;944900;ASH_COATED_OSMIUM;9998;10;;;;;10014;10;10017;30;;;10006.0;17449.0
-2;944900;INTARIAN_PEPPER_ROOT;10939;8;;;;;10951;8;;;;;10945.0;74820.0
-2;945000;ASH_COATED_OSMIUM;;;;;;;10014;10;10017;25;;;10014.0;17881.0
-2;945000;INTARIAN_PEPPER_ROOT;10939;12;10936;17;;;10951;12;10954;17;;;10945.0;74820.0
-2;945100;ASH_COATED_OSMIUM;10003;2;9995;25;;;10014;11;;;;;10008.5;17584.0
-2;945100;INTARIAN_PEPPER_ROOT;10939;8;10936;16;;;10951;8;10954;16;;;10945.0;74820.0
-2;945200;ASH_COATED_OSMIUM;9998;13;9996;23;;;10014;13;10017;23;;;10006.0;17449.0
-2;945200;INTARIAN_PEPPER_ROOT;10939;11;10936;23;;;10941;6;10951;11;10954;23;10940.0;74420.0
-2;945300;ASH_COATED_OSMIUM;9998;14;9996;23;;;10014;14;10017;23;;;10006.0;17449.0
-2;945300;INTARIAN_PEPPER_ROOT;10939;9;10937;21;;;10951;9;10954;21;;;10945.0;74820.0
-2;945400;ASH_COATED_OSMIUM;9998;15;;;;;10014;15;10017;25;;;10006.0;17449.0
-2;945400;INTARIAN_PEPPER_ROOT;10939;12;10937;22;;;10951;12;10954;22;;;10945.0;74820.0
-2;945500;ASH_COATED_OSMIUM;9998;12;9995;28;;;10014;12;10016;28;;;10006.0;17449.0
-2;945500;INTARIAN_PEPPER_ROOT;10940;11;10937;17;;;10951;11;;;;;10945.5;74860.0
-2;945600;ASH_COATED_OSMIUM;9998;13;9995;22;;;10014;13;;;;;10006.0;17449.0
-2;945600;INTARIAN_PEPPER_ROOT;10940;11;10937;21;;;10952;11;;;;;10946.0;74900.0
-2;945700;ASH_COATED_OSMIUM;9998;11;9995;22;;;10014;11;10016;22;;;10006.0;17449.0
-2;945700;INTARIAN_PEPPER_ROOT;10940;9;10937;16;;;10952;9;10954;16;;;10946.0;74900.0
-2;945800;ASH_COATED_OSMIUM;9998;10;9995;20;;;10014;10;;;;;10006.0;17449.0
-2;945800;INTARIAN_PEPPER_ROOT;10940;9;10937;19;;;10952;9;;;;;10946.0;74900.0
-2;945900;ASH_COATED_OSMIUM;9998;10;;;;;10014;10;10016;30;;;10006.0;17449.0
-2;945900;INTARIAN_PEPPER_ROOT;;;;;;;10952;8;;;;;10952.0;75380.0
-2;946000;ASH_COATED_OSMIUM;9998;15;9995;30;;;10014;15;10016;30;;;10006.0;17484.0
-2;946000;INTARIAN_PEPPER_ROOT;10937;23;;;;;10952;8;10955;23;;;10944.5;74780.0
-2;946100;ASH_COATED_OSMIUM;9998;14;9995;29;;;10014;14;10016;29;;;10006.0;17484.0
-2;946100;INTARIAN_PEPPER_ROOT;10940;9;10937;22;;;10952;9;10955;22;;;10946.0;74900.0
-2;946200;ASH_COATED_OSMIUM;9998;11;9995;22;;;10014;11;10016;22;;;10006.0;17484.0
-2;946200;INTARIAN_PEPPER_ROOT;10940;10;10937;21;;;10952;10;10955;21;;;10946.0;74900.0
-2;946300;ASH_COATED_OSMIUM;9998;15;9995;24;;;10014;15;10016;24;;;10006.0;17484.0
-2;946300;INTARIAN_PEPPER_ROOT;10940;9;10938;23;;;10952;9;10955;23;;;10946.0;74900.0
-2;946400;ASH_COATED_OSMIUM;9998;15;9995;24;;;10014;15;;;;;10006.0;17484.0
-2;946400;INTARIAN_PEPPER_ROOT;10940;10;10938;15;;;10952;10;10955;15;;;10946.0;74900.0
-2;946500;ASH_COATED_OSMIUM;9997;12;9995;21;;;10013;12;;;;;10005.0;17425.0
-2;946500;INTARIAN_PEPPER_ROOT;10941;9;10938;15;;;10952;9;10955;15;;;10946.5;74940.0
-2;946600;ASH_COATED_OSMIUM;9997;15;;;;;;;;;;;9997.0;16953.0
-2;946600;INTARIAN_PEPPER_ROOT;10941;12;10938;18;;;10953;12;;;;;10947.0;74980.0
-2;946700;ASH_COATED_OSMIUM;9997;12;9995;20;;;10016;20;;;;;10006.5;17513.5
-2;946700;INTARIAN_PEPPER_ROOT;10941;9;;;;;10955;25;;;;;10948.0;75060.0
-2;946800;ASH_COATED_OSMIUM;10003;3;9998;13;;;10016;20;;;;;10009.5;17690.5
-2;946800;INTARIAN_PEPPER_ROOT;10941;10;10938;17;;;;;;;;;10941.0;74500.0
-2;946900;ASH_COATED_OSMIUM;9995;28;;;;;10014;14;;;;;10004.5;17395.5
-2;946900;INTARIAN_PEPPER_ROOT;10938;25;;;;;10953;11;;;;;10945.5;74860.0
-2;947000;ASH_COATED_OSMIUM;9998;11;;;;;10014;11;10016;24;;;10006.0;17484.0
-2;947000;INTARIAN_PEPPER_ROOT;10941;9;10938;20;;;10953;9;;;;;10947.0;74980.0
-2;947100;ASH_COATED_OSMIUM;9995;28;;;;;10013;15;10016;28;;;10004.0;17366.0
-2;947100;INTARIAN_PEPPER_ROOT;;;;;;;10953;12;10956;15;;;10953.0;75460.0
-2;947200;ASH_COATED_OSMIUM;9998;15;9995;25;;;10014;15;10016;25;;;10006.0;17484.0
-2;947200;INTARIAN_PEPPER_ROOT;10941;10;;;;;10953;10;10956;25;;;10947.0;74980.0
-2;947300;ASH_COATED_OSMIUM;9995;28;;;;;10016;28;;;;;10005.5;17454.5
-2;947300;INTARIAN_PEPPER_ROOT;10941;10;10939;16;;;10956;16;;;;;10948.5;75100.0
-2;947400;ASH_COATED_OSMIUM;10003;3;9998;13;9995;26;10016;26;;;;;10009.5;17690.5
-2;947400;INTARIAN_PEPPER_ROOT;10941;9;10939;18;;;10956;18;;;;;10948.5;75100.0
-2;947500;ASH_COATED_OSMIUM;9997;10;9994;27;;;10013;10;;;;;10005.0;17425.0
-2;947500;INTARIAN_PEPPER_ROOT;10939;17;;;;;10953;10;10956;17;;;10946.0;74900.0
-2;947600;ASH_COATED_OSMIUM;9997;11;;;;;10006;4;10013;11;10015;29;10001.5;17200.5
-2;947600;INTARIAN_PEPPER_ROOT;10942;8;10939;22;;;10954;8;10956;22;;;10948.0;75060.0
-2;947700;ASH_COATED_OSMIUM;9997;10;9994;22;;;10002;4;10013;10;10015;22;9999.5;17064.5
-2;947700;INTARIAN_PEPPER_ROOT;10942;12;10939;22;;;10954;12;10956;22;;;10948.0;75060.0
-2;947800;ASH_COATED_OSMIUM;10006;5;9997;12;;;;;;;;;10006.0;17500.0
-2;947800;INTARIAN_PEPPER_ROOT;10942;8;10939;17;;;10954;8;;;;;10948.0;75060.0
-2;947900;ASH_COATED_OSMIUM;9997;10;;;;;10016;28;;;;;10006.5;17531.0
-2;947900;INTARIAN_PEPPER_ROOT;10942;9;10939;19;;;;;;;;;10942.0;74580.0
-2;948000;ASH_COATED_OSMIUM;;;;;;;10012;12;;;;;10012.0;17872.0
-2;948000;INTARIAN_PEPPER_ROOT;10942;8;10939;18;;;10954;8;10957;18;;;10948.0;75060.0
-2;948100;ASH_COATED_OSMIUM;9996;13;9994;28;;;10015;28;;;;;10005.5;17469.0
-2;948100;INTARIAN_PEPPER_ROOT;10942;8;10939;15;;;10954;8;10957;15;;;10948.0;75060.0
-2;948200;ASH_COATED_OSMIUM;9997;15;;;;;10013;15;10015;24;;;10005.0;17438.0
-2;948200;INTARIAN_PEPPER_ROOT;10942;10;10939;24;;;10954;10;10957;24;;;10948.0;75060.0
-2;948300;ASH_COATED_OSMIUM;9994;24;;;;;10015;24;;;;;10004.5;17407.0
-2;948300;INTARIAN_PEPPER_ROOT;10942;10;10940;15;;;10954;10;10957;15;;;10948.0;75060.0
-2;948400;ASH_COATED_OSMIUM;9997;11;9994;28;;;10013;11;10015;28;;;10005.0;17438.0
-2;948400;INTARIAN_PEPPER_ROOT;10942;12;;;;;10954;12;10957;16;;;10948.0;75060.0
-2;948500;ASH_COATED_OSMIUM;9996;11;;;;;10012;11;10015;25;;;10004.0;17376.0
-2;948500;INTARIAN_PEPPER_ROOT;10940;15;;;;;10954;11;10957;15;;;10947.0;74980.0
-2;948600;ASH_COATED_OSMIUM;9996;14;9994;27;;;10012;14;10015;27;;;10004.0;17376.0
-2;948600;INTARIAN_PEPPER_ROOT;;;;;;;10955;10;10957;21;;;10955.0;75620.0
-2;948700;ASH_COATED_OSMIUM;10001;4;9996;12;9993;28;10012;12;10014;28;;;10006.5;17531.0
-2;948700;INTARIAN_PEPPER_ROOT;10943;12;10940;19;;;10955;12;10957;19;;;10949.0;75140.0
-2;948800;ASH_COATED_OSMIUM;9996;12;9993;20;;;10012;12;10014;20;;;10004.0;17376.0
-2;948800;INTARIAN_PEPPER_ROOT;10943;12;10940;16;;;10955;12;;;;;10949.0;75140.0
-2;948900;ASH_COATED_OSMIUM;9996;10;9993;25;;;;;;;;;9996.0;16880.0
-2;948900;INTARIAN_PEPPER_ROOT;10943;12;10940;19;;;;;;;;;10943.0;74660.0
-2;949000;ASH_COATED_OSMIUM;9995;10;9993;27;;;10011;10;10014;27;;;10003.0;17314.0
-2;949000;INTARIAN_PEPPER_ROOT;10943;12;10940;22;;;10955;12;10958;22;;;10949.0;75140.0
-2;949100;ASH_COATED_OSMIUM;9995;11;9993;20;;;10011;11;10014;20;;;10003.0;17314.0
-2;949100;INTARIAN_PEPPER_ROOT;10940;18;;;;;10955;9;10958;18;;;10947.5;75020.0
-2;949200;ASH_COATED_OSMIUM;9995;10;9993;26;;;10011;10;10014;26;;;10003.0;17314.0
-2;949200;INTARIAN_PEPPER_ROOT;10943;11;;;;;10955;11;10958;23;;;10949.0;75140.0
-2;949300;ASH_COATED_OSMIUM;10001;4;9995;15;;;10011;15;10014;29;;;10006.0;17500.0
-2;949300;INTARIAN_PEPPER_ROOT;10943;12;;;;;10955;12;10958;16;;;10949.0;75140.0
-2;949400;ASH_COATED_OSMIUM;9996;13;9993;24;;;10012;13;10015;24;;;10004.0;17376.0
-2;949400;INTARIAN_PEPPER_ROOT;10943;8;10941;22;;;10955;8;10958;22;;;10949.0;75140.0
-2;949500;ASH_COATED_OSMIUM;9996;10;9993;27;;;10014;27;;;;;10005.0;17438.0
-2;949500;INTARIAN_PEPPER_ROOT;10944;11;10941;17;;;10955;11;;;;;10949.5;75180.0
-2;949600;ASH_COATED_OSMIUM;9995;11;;;;;10011;11;10013;27;;;10003.0;17314.0
-2;949600;INTARIAN_PEPPER_ROOT;;;;;;;10956;9;10958;19;;;10956.0;75700.0
-2;949700;ASH_COATED_OSMIUM;9995;14;9992;25;;;10011;14;10013;25;;;10003.0;17314.0
-2;949700;INTARIAN_PEPPER_ROOT;10944;8;10941;25;;;;;;;;;10944.0;74740.0
-2;949800;ASH_COATED_OSMIUM;9995;15;9992;20;;;10011;15;10013;20;;;10003.0;17314.0
-2;949800;INTARIAN_PEPPER_ROOT;10944;11;10941;23;;;10956;11;10959;23;;;10950.0;75220.0
-2;949900;ASH_COATED_OSMIUM;9992;29;;;;;10010;11;10013;29;;;10001.0;17190.0
-2;949900;INTARIAN_PEPPER_ROOT;;;;;;;10956;9;10959;20;;;10956.0;75700.0
-2;950000;ASH_COATED_OSMIUM;9992;24;;;;;10010;12;10013;24;;;10001.0;17190.0
-2;950000;INTARIAN_PEPPER_ROOT;10944;10;;;;;10956;10;;;;;10950.0;75220.0
-2;950100;ASH_COATED_OSMIUM;9995;13;9992;24;;;10013;24;;;;;10004.0;17376.0
-2;950100;INTARIAN_PEPPER_ROOT;10944;10;;;;;10956;10;10959;21;;;10950.0;75220.0
-2;950200;ASH_COATED_OSMIUM;9995;14;9992;29;;;10011;14;;;;;10003.0;17314.0
-2;950200;INTARIAN_PEPPER_ROOT;10944;11;10941;18;;;10952;6;10956;11;;;10948.0;75060.0
-2;950300;ASH_COATED_OSMIUM;9995;12;9993;24;;;10011;12;10014;24;;;10003.0;17314.0
-2;950300;INTARIAN_PEPPER_ROOT;10944;12;10942;19;;;10956;12;10959;19;;;10950.0;75220.0
-2;950400;ASH_COATED_OSMIUM;9995;14;9993;25;;;10011;14;10014;25;;;10003.0;17314.0
-2;950400;INTARIAN_PEPPER_ROOT;10944;10;10942;21;;;10959;21;;;;;10951.5;75340.0
-2;950500;ASH_COATED_OSMIUM;9995;15;9992;24;;;10011;15;10013;24;;;10003.0;17314.0
-2;950500;INTARIAN_PEPPER_ROOT;;;;;;;10956;10;10959;22;;;10956.0;75700.0
-2;950600;ASH_COATED_OSMIUM;9995;14;9992;21;;;10011;14;10013;21;;;10003.0;17314.0
-2;950600;INTARIAN_PEPPER_ROOT;10945;9;10942;18;;;10957;9;;;;;10951.0;75300.0
-2;950700;ASH_COATED_OSMIUM;9995;11;9993;25;;;10011;11;10014;25;;;10003.0;17314.0
-2;950700;INTARIAN_PEPPER_ROOT;10945;12;10942;25;;;10957;12;;;;;10951.0;75300.0
-2;950800;ASH_COATED_OSMIUM;9995;12;9993;23;;;10011;12;10014;23;;;10003.0;17314.0
-2;950800;INTARIAN_PEPPER_ROOT;10945;8;10942;15;;;10957;8;;;;;10951.0;75300.0
-2;950900;ASH_COATED_OSMIUM;9993;21;;;;;10012;13;;;;;10002.5;17283.0
-2;950900;INTARIAN_PEPPER_ROOT;10945;10;10942;22;;;10957;10;10960;22;;;10951.0;75300.0
-2;951000;ASH_COATED_OSMIUM;9995;13;9993;20;;;10005;3;10011;13;10014;20;10000.0;17128.0
-2;951000;INTARIAN_PEPPER_ROOT;10945;8;;;;;10957;8;10960;20;;;10951.0;75300.0
-2;951100;ASH_COATED_OSMIUM;9995;10;9993;25;;;10011;10;10014;25;;;10003.0;17314.0
-2;951100;INTARIAN_PEPPER_ROOT;10945;8;;;;;10957;8;10960;21;;;10951.0;75300.0
-2;951200;ASH_COATED_OSMIUM;9996;11;9993;23;;;10012;11;10014;23;;;10004.0;17376.0
-2;951200;INTARIAN_PEPPER_ROOT;10945;12;10942;25;;;10957;12;10960;25;;;10951.0;75300.0
-2;951300;ASH_COATED_OSMIUM;9995;15;;;;;10011;15;10014;25;;;10003.0;17356.0
-2;951300;INTARIAN_PEPPER_ROOT;;;;;;;10957;10;;;;;10957.0;75780.0
-2;951400;ASH_COATED_OSMIUM;9995;11;9992;26;;;10013;26;;;;;10004.0;17424.0
-2;951400;INTARIAN_PEPPER_ROOT;10945;8;10943;24;;;10957;8;10960;24;;;10951.0;75300.0
-2;951500;ASH_COATED_OSMIUM;9995;12;;;;;10011;12;10013;30;;;10003.0;17356.0
-2;951500;INTARIAN_PEPPER_ROOT;10946;11;10943;16;;;10957;11;10960;16;;;10951.5;75340.0
-2;951600;ASH_COATED_OSMIUM;;;;;;;10013;23;;;;;10013.0;18036.0
-2;951600;INTARIAN_PEPPER_ROOT;10946;9;10943;16;;;10953;10;10960;16;;;10949.5;75180.0
-2;951700;ASH_COATED_OSMIUM;9994;12;;;;;10010;12;10013;29;;;10002.0;17288.0
-2;951700;INTARIAN_PEPPER_ROOT;10946;10;10943;20;;;10958;10;10960;20;;;10952.0;75380.0
-2;951800;ASH_COATED_OSMIUM;9995;15;;;;;10011;15;10013;30;;;10003.0;17356.0
-2;951800;INTARIAN_PEPPER_ROOT;10946;8;;;;;10958;8;10961;25;;;10952.0;75380.0
-2;951900;ASH_COATED_OSMIUM;9995;13;9992;24;;;10011;13;;;;;10003.0;17356.0
-2;951900;INTARIAN_PEPPER_ROOT;10946;9;10943;18;;;10958;9;10961;18;;;10952.0;75380.0
-2;952000;ASH_COATED_OSMIUM;9994;14;;;;;10010;14;10013;29;;;10002.0;17288.0
-2;952000;INTARIAN_PEPPER_ROOT;10943;19;;;;;10961;19;;;;;10952.0;75380.0
-2;952100;ASH_COATED_OSMIUM;;;;;;;10013;21;;;;;10013.0;18036.0
-2;952100;INTARIAN_PEPPER_ROOT;;;;;;;10958;8;10961;21;;;10958.0;75860.0
-2;952200;ASH_COATED_OSMIUM;9994;12;9992;22;;;10010;12;10013;22;;;10002.0;17288.0
-2;952200;INTARIAN_PEPPER_ROOT;10946;8;;;;;10958;8;10961;19;;;10952.0;75380.0
-2;952300;ASH_COATED_OSMIUM;9994;14;9991;26;;;10012;26;;;;;10003.0;17356.0
-2;952300;INTARIAN_PEPPER_ROOT;10946;9;10944;17;;;10958;9;10961;17;;;10952.0;75380.0
-2;952400;ASH_COATED_OSMIUM;9994;11;9991;22;;;10012;22;;;;;10003.0;17356.0
-2;952400;INTARIAN_PEPPER_ROOT;10946;11;;;;;10961;16;;;;;10953.5;75500.0
-2;952500;ASH_COATED_OSMIUM;9993;13;9991;21;;;10009;13;10012;21;;;10001.0;17220.0
-2;952500;INTARIAN_PEPPER_ROOT;10947;9;10944;22;;;10949;8;10958;9;10961;22;10948.0;75060.0
-2;952600;ASH_COATED_OSMIUM;9993;14;;;;;10009;14;10012;28;;;10001.0;17220.0
-2;952600;INTARIAN_PEPPER_ROOT;10947;10;;;;;10959;10;10961;22;;;10953.0;75460.0
-2;952700;ASH_COATED_OSMIUM;9991;21;;;;;10009;10;10012;21;;;10000.0;17152.0
-2;952700;INTARIAN_PEPPER_ROOT;10947;9;10944;24;;;10961;24;;;;;10954.0;75540.0
-2;952800;ASH_COATED_OSMIUM;9993;12;;;;;10009;12;10012;23;;;10001.0;17220.0
-2;952800;INTARIAN_PEPPER_ROOT;10947;10;10944;24;;;10959;10;10962;24;;;10953.0;75460.0
-2;952900;ASH_COATED_OSMIUM;9993;14;9991;26;;;10009;14;10012;26;;;10001.0;17220.0
-2;952900;INTARIAN_PEPPER_ROOT;10947;9;10944;25;;;10959;9;10962;25;;;10953.0;75460.0
-2;953000;ASH_COATED_OSMIUM;9993;14;9990;26;;;10009;14;10011;26;;;10001.0;17220.0
-2;953000;INTARIAN_PEPPER_ROOT;10947;8;10944;17;;;10959;8;10962;17;;;10953.0;75460.0
-2;953100;ASH_COATED_OSMIUM;9992;11;9990;27;;;10008;11;;;;;10000.0;17152.0
-2;953100;INTARIAN_PEPPER_ROOT;10947;9;10944;16;;;10959;9;10962;16;;;10953.0;75460.0
-2;953200;ASH_COATED_OSMIUM;9993;11;9990;20;;;10009;11;;;;;10001.0;17220.0
-2;953200;INTARIAN_PEPPER_ROOT;10944;19;;;;;;;;;;;10944.0;74740.0
-2;953300;ASH_COATED_OSMIUM;9993;11;9990;28;;;10009;11;10011;28;;;10001.0;17220.0
-2;953300;INTARIAN_PEPPER_ROOT;10947;12;10945;21;;;10959;12;10962;21;;;10953.0;75460.0
-2;953400;ASH_COATED_OSMIUM;9990;30;;;;;10008;11;10011;30;;;9999.0;17084.0
-2;953400;INTARIAN_PEPPER_ROOT;10945;21;;;;;10959;12;10962;21;;;10952.0;75380.0
-2;953500;ASH_COATED_OSMIUM;9993;11;9990;24;;;10009;11;;;;;10001.0;17220.0
-2;953500;INTARIAN_PEPPER_ROOT;10948;8;10945;15;;;10959;8;10962;15;;;10953.5;75500.0
-2;953600;ASH_COATED_OSMIUM;9993;11;9990;23;;;10009;11;10011;23;;;10001.0;17220.0
-2;953600;INTARIAN_PEPPER_ROOT;10948;9;10945;24;;;;;;;;;10948.0;75060.0
-2;953700;ASH_COATED_OSMIUM;9993;12;9990;27;;;10009;12;10011;27;;;10001.0;17220.0
-2;953700;INTARIAN_PEPPER_ROOT;10948;11;10945;18;;;10960;11;10962;18;;;10954.0;75540.0
-2;953800;ASH_COATED_OSMIUM;9993;14;9990;26;;;10011;26;;;;;10002.0;17288.0
-2;953800;INTARIAN_PEPPER_ROOT;10948;12;10945;22;;;10960;12;10963;22;;;10954.0;75540.0
-2;953900;ASH_COATED_OSMIUM;9993;13;9991;25;;;10009;13;10012;25;;;10001.0;17220.0
-2;953900;INTARIAN_PEPPER_ROOT;10948;8;10945;16;;;10960;8;;;;;10954.0;75540.0
-2;954000;ASH_COATED_OSMIUM;9993;15;;;;;10009;15;;;;;10001.0;17220.0
-2;954000;INTARIAN_PEPPER_ROOT;10948;11;10945;16;;;10960;11;10963;16;;;10954.0;75540.0
-2;954100;ASH_COATED_OSMIUM;9993;11;9991;25;;;10009;11;10012;25;;;10001.0;17220.0
-2;954100;INTARIAN_PEPPER_ROOT;10948;9;10945;16;;;10960;9;10963;16;;;10954.0;75540.0
-2;954200;ASH_COATED_OSMIUM;9993;14;9991;30;;;10009;14;;;;;10001.0;17220.0
-2;954200;INTARIAN_PEPPER_ROOT;10948;8;10945;20;;;10960;8;10963;20;;;10954.0;75540.0
-2;954300;ASH_COATED_OSMIUM;9994;11;9991;28;;;10010;11;10012;28;;;10002.0;17288.0
-2;954300;INTARIAN_PEPPER_ROOT;10948;12;10946;17;;;10960;12;10963;17;;;10954.0;75540.0
-2;954400;ASH_COATED_OSMIUM;9991;29;;;;;;;;;;;9991.0;16540.0
-2;954400;INTARIAN_PEPPER_ROOT;10946;24;;;;;10960;10;10963;24;;;10953.0;75460.0
-2;954500;ASH_COATED_OSMIUM;9994;15;9991;25;;;9999;4;10010;15;10012;25;9996.5;16904.0
-2;954500;INTARIAN_PEPPER_ROOT;10949;8;10946;24;;;10960;8;;;;;10954.5;75580.0
-2;954600;ASH_COATED_OSMIUM;;;;;;;10009;11;10011;28;;;10009.0;17804.0
-2;954600;INTARIAN_PEPPER_ROOT;10949;10;10946;18;;;10961;10;10963;18;;;10955.0;75620.0
-2;954700;ASH_COATED_OSMIUM;9993;11;;;;;10002;2;10009;11;;;9997.5;16976.0
-2;954700;INTARIAN_PEPPER_ROOT;10949;10;10946;15;;;10961;10;10963;15;;;10955.0;75620.0
-2;954800;ASH_COATED_OSMIUM;9993;13;9991;20;;;10012;20;;;;;10002.5;17336.0
-2;954800;INTARIAN_PEPPER_ROOT;10946;18;;;;;10961;10;10964;18;;;10953.5;75500.0
-2;954900;ASH_COATED_OSMIUM;9991;25;;;;;10012;25;;;;;10001.5;17264.0
-2;954900;INTARIAN_PEPPER_ROOT;10949;9;10946;21;;;;;;;;;10949.0;75140.0
-2;955000;ASH_COATED_OSMIUM;9993;13;9990;30;;;10009;13;10011;30;;;10001.0;17228.0
-2;955000;INTARIAN_PEPPER_ROOT;10949;8;10946;16;;;10961;8;;;;;10955.0;75620.0
-2;955100;ASH_COATED_OSMIUM;9993;15;;;;;10011;29;;;;;10002.0;17300.0
-2;955100;INTARIAN_PEPPER_ROOT;10949;11;;;;;10961;11;10964;18;;;10955.0;75620.0
-2;955200;ASH_COATED_OSMIUM;9992;11;;;;;10008;11;;;;;10000.0;17156.0
-2;955200;INTARIAN_PEPPER_ROOT;10949;10;10946;16;;;;;;;;;10949.0;75140.0
-2;955300;ASH_COATED_OSMIUM;9992;14;9990;28;;;10008;14;10011;28;;;10000.0;17156.0
-2;955300;INTARIAN_PEPPER_ROOT;10949;9;;;;;10961;9;10964;18;;;10955.0;75620.0
-2;955400;ASH_COATED_OSMIUM;9993;13;;;;;10009;13;10011;20;;;10001.0;17228.0
-2;955400;INTARIAN_PEPPER_ROOT;10949;8;10947;25;;;10961;8;10964;25;;;10955.0;75620.0
-2;955500;ASH_COATED_OSMIUM;9992;15;9990;30;;;10008;15;10011;30;;;10000.0;17156.0
-2;955500;INTARIAN_PEPPER_ROOT;10950;8;;;;;10961;8;10964;17;;;10955.5;75660.0
-2;955600;ASH_COATED_OSMIUM;9990;28;;;;;10008;15;;;;;9999.0;17084.0
-2;955600;INTARIAN_PEPPER_ROOT;10950;12;10947;15;;;10962;12;10964;15;;;10956.0;75700.0
-2;955700;ASH_COATED_OSMIUM;9990;28;;;;;10011;28;;;;;10000.5;17192.0
-2;955700;INTARIAN_PEPPER_ROOT;10950;9;10947;17;;;10962;9;10964;17;;;10956.0;75700.0
-2;955800;ASH_COATED_OSMIUM;9992;11;9990;20;;;10008;11;10011;20;;;10000.0;17156.0
-2;955800;INTARIAN_PEPPER_ROOT;;;;;;;10962;12;10965;18;;;10962.0;76180.0
-2;955900;ASH_COATED_OSMIUM;9992;13;9990;25;;;10008;13;10011;25;;;10000.0;17156.0
-2;955900;INTARIAN_PEPPER_ROOT;10950;11;;;;;10962;11;10965;19;;;10956.0;75700.0
-2;956000;ASH_COATED_OSMIUM;9989;30;;;;;10008;13;10010;30;;;9998.5;17048.0
-2;956000;INTARIAN_PEPPER_ROOT;10950;12;10947;15;;;10962;12;10965;15;;;10956.0;75700.0
-2;956100;ASH_COATED_OSMIUM;9991;14;9989;20;;;10010;20;;;;;10000.5;17243.0
-2;956100;INTARIAN_PEPPER_ROOT;10947;17;;;;;10965;17;;;;;10956.0;75700.0
-2;956200;ASH_COATED_OSMIUM;9989;27;;;;;10007;13;;;;;9998.0;17078.0
-2;956200;INTARIAN_PEPPER_ROOT;10950;10;;;;;10965;25;;;;;10957.5;75820.0
-2;956300;ASH_COATED_OSMIUM;9991;11;9988;24;;;10007;11;;;;;9999.0;17144.0
-2;956300;INTARIAN_PEPPER_ROOT;10950;11;10948;23;;;10962;11;10965;23;;;10956.0;75700.0
-2;956400;ASH_COATED_OSMIUM;9990;11;9988;24;;;10006;11;10009;24;;;9998.0;17078.0
-2;956400;INTARIAN_PEPPER_ROOT;10948;22;;;;;10962;8;10965;22;;;10955.0;75620.0
-2;956500;ASH_COATED_OSMIUM;9991;13;9988;25;;;10007;13;;;;;9999.0;17144.0
-2;956500;INTARIAN_PEPPER_ROOT;10951;9;10948;16;;;10962;9;10965;16;;;10956.5;75740.0
-2;956600;ASH_COATED_OSMIUM;9991;10;9988;30;;;10007;10;10009;30;;;9999.0;17144.0
-2;956600;INTARIAN_PEPPER_ROOT;10951;12;10948;24;;;10963;12;10965;24;;;10957.0;75780.0
-2;956700;ASH_COATED_OSMIUM;9990;10;9988;22;;;10006;10;;;;;9998.0;17078.0
-2;956700;INTARIAN_PEPPER_ROOT;10951;9;10948;22;;;10963;9;;;;;10957.0;75780.0
-2;956800;ASH_COATED_OSMIUM;9987;26;;;;;9999;2;10006;15;;;9993.0;16748.0
-2;956800;INTARIAN_PEPPER_ROOT;10951;12;10948;20;;;10963;12;10966;20;;;10957.0;75780.0
-2;956900;ASH_COATED_OSMIUM;9990;14;9987;26;;;10006;14;10008;26;;;9998.0;17078.0
-2;956900;INTARIAN_PEPPER_ROOT;10951;10;10948;21;;;10963;10;10966;21;;;10957.0;75780.0
-2;957000;ASH_COATED_OSMIUM;9989;13;9987;27;;;10005;13;10008;27;;;9997.0;17012.0
-2;957000;INTARIAN_PEPPER_ROOT;10951;12;10948;20;;;10966;20;;;;;10958.5;75900.0
-2;957100;ASH_COATED_OSMIUM;9990;14;;;;;10006;14;10008;23;;;9998.0;17078.0
-2;957100;INTARIAN_PEPPER_ROOT;10948;15;;;;;10966;15;;;;;10957.0;75780.0
-2;957200;ASH_COATED_OSMIUM;9989;10;9987;29;;;10005;10;10008;29;;;9997.0;17012.0
-2;957200;INTARIAN_PEPPER_ROOT;10951;12;10948;17;;;10963;12;10966;17;;;10957.0;75780.0
-2;957300;ASH_COATED_OSMIUM;9990;10;9987;25;;;10006;10;10008;25;;;9998.0;17078.0
-2;957300;INTARIAN_PEPPER_ROOT;10951;9;;;;;10963;9;;;;;10957.0;75780.0
-2;957400;ASH_COATED_OSMIUM;9990;13;9987;28;;;10006;13;10008;28;;;9998.0;17106.0
-2;957400;INTARIAN_PEPPER_ROOT;10951;9;;;;;10963;9;10966;16;;;10957.0;75780.0
-2;957500;ASH_COATED_OSMIUM;9990;13;9987;22;;;10008;22;;;;;9999.0;17168.0
-2;957500;INTARIAN_PEPPER_ROOT;10952;9;10949;15;;;10963;9;;;;;10957.5;75820.0
-2;957600;ASH_COATED_OSMIUM;9990;11;9987;24;;;10006;11;;;;;9998.0;17106.0
-2;957600;INTARIAN_PEPPER_ROOT;10949;18;;;;;10964;11;10966;18;;;10956.5;75740.0
-2;957700;ASH_COATED_OSMIUM;9987;21;;;;;10005;10;10008;21;;;9996.0;16982.0
-2;957700;INTARIAN_PEPPER_ROOT;10952;10;10949;19;;;10964;10;10966;19;;;10958.0;75860.0
-2;957800;ASH_COATED_OSMIUM;9989;13;9987;24;;;10005;13;10008;24;;;9997.0;17044.0
-2;957800;INTARIAN_PEPPER_ROOT;10949;18;;;;;10964;8;;;;;10956.5;75740.0
-2;957900;ASH_COATED_OSMIUM;9989;13;9987;30;;;10005;13;10008;30;;;9997.0;17044.0
-2;957900;INTARIAN_PEPPER_ROOT;10952;9;10949;21;;;10964;9;10967;21;;;10958.0;75860.0
-2;958000;ASH_COATED_OSMIUM;9987;22;;;;;10005;13;10008;22;;;9996.0;16982.0
-2;958000;INTARIAN_PEPPER_ROOT;10952;8;10949;19;;;10964;8;;;;;10958.0;75860.0
-2;958100;ASH_COATED_OSMIUM;9989;10;9987;23;;;10005;10;10008;23;;;9997.0;17044.0
-2;958100;INTARIAN_PEPPER_ROOT;10952;10;10949;16;;;10964;10;;;;;10958.0;75860.0
-2;958200;ASH_COATED_OSMIUM;9989;11;9986;21;;;10005;11;10007;21;;;9997.0;17044.0
-2;958200;INTARIAN_PEPPER_ROOT;10952;11;;;;;10964;11;10967;23;;;10958.0;75860.0
-2;958300;ASH_COATED_OSMIUM;9989;14;9986;28;;;10005;14;10007;28;;;9997.0;17044.0
-2;958300;INTARIAN_PEPPER_ROOT;10950;24;;;;;10964;12;10967;24;;;10957.0;75780.0
-2;958400;ASH_COATED_OSMIUM;9989;15;9986;23;;;10007;23;;;;;9998.0;17106.0
-2;958400;INTARIAN_PEPPER_ROOT;10950;22;;;;;10964;12;10967;22;;;10957.0;75780.0
-2;958500;ASH_COATED_OSMIUM;9995;2;9989;15;;;10005;15;10008;21;;;10000.0;17230.0
-2;958500;INTARIAN_PEPPER_ROOT;10953;9;;;;;10964;9;10967;16;;;10958.5;75900.0
-2;958600;ASH_COATED_OSMIUM;9989;11;9987;20;;;10005;11;10008;20;;;9997.0;17044.0
-2;958600;INTARIAN_PEPPER_ROOT;10953;12;10950;15;;;10965;12;;;;;10959.0;75940.0
-2;958700;ASH_COATED_OSMIUM;9989;10;;;;;10005;10;10008;20;;;9997.0;17044.0
-2;958700;INTARIAN_PEPPER_ROOT;10950;15;;;;;10965;9;10967;15;;;10957.5;75820.0
-2;958800;ASH_COATED_OSMIUM;9987;20;;;;;10006;14;10008;20;;;9996.5;17013.0
-2;958800;INTARIAN_PEPPER_ROOT;10953;12;10950;23;;;10965;12;10968;23;;;10959.0;75940.0
-2;958900;ASH_COATED_OSMIUM;9990;10;9987;29;;;10006;10;10008;29;;;9998.0;17106.0
-2;958900;INTARIAN_PEPPER_ROOT;10953;11;10950;18;;;10965;11;10968;18;;;10959.0;75940.0
-2;959000;ASH_COATED_OSMIUM;9990;12;;;;;10006;12;10008;23;;;9998.0;17106.0
-2;959000;INTARIAN_PEPPER_ROOT;10950;18;;;;;10965;9;10968;18;;;10957.5;75820.0
-2;959100;ASH_COATED_OSMIUM;9989;15;9987;30;;;10005;15;10008;30;;;9997.0;17044.0
-2;959100;INTARIAN_PEPPER_ROOT;10953;11;;;;;10965;11;10968;20;;;10959.0;75940.0
-2;959200;ASH_COATED_OSMIUM;9990;13;9987;29;;;10006;13;10008;29;;;9998.0;17106.0
-2;959200;INTARIAN_PEPPER_ROOT;10953;10;;;;;10965;10;;;;;10959.0;75940.0
-2;959300;ASH_COATED_OSMIUM;9995;4;9987;28;;;10006;11;;;;;10000.5;17261.0
-2;959300;INTARIAN_PEPPER_ROOT;;;;;;;10965;12;10968;22;;;10965.0;76420.0
-2;959400;ASH_COATED_OSMIUM;9990;13;9988;21;;;10006;13;10009;21;;;9998.0;17134.0
-2;959400;INTARIAN_PEPPER_ROOT;10953;11;;;;;10965;11;10968;25;;;10959.0;75940.0
-2;959500;ASH_COATED_OSMIUM;9990;15;9988;24;;;10006;15;;;;;9998.0;17134.0
-2;959500;INTARIAN_PEPPER_ROOT;10954;9;10951;21;;;10965;9;10968;21;;;10959.5;75980.0
-2;959600;ASH_COATED_OSMIUM;9990;11;9988;29;;;10009;29;;;;;9999.5;17221.0
-2;959600;INTARIAN_PEPPER_ROOT;10954;9;10951;24;;;10966;9;10968;24;;;10960.0;76020.0
-2;959700;ASH_COATED_OSMIUM;9990;13;9987;20;;;10006;13;10008;20;;;9998.0;17134.0
-2;959700;INTARIAN_PEPPER_ROOT;10954;12;;;;;10966;12;;;;;10960.0;76020.0
-2;959800;ASH_COATED_OSMIUM;9990;11;9987;25;;;;;;;;;9990.0;16670.0
-2;959800;INTARIAN_PEPPER_ROOT;10951;19;;;;;10969;19;;;;;10960.0;76020.0
-2;959900;ASH_COATED_OSMIUM;9987;23;;;;;10005;13;;;;;9996.0;17018.0
-2;959900;INTARIAN_PEPPER_ROOT;10951;16;;;;;10966;9;10969;16;;;10958.5;75900.0
-2;960000;ASH_COATED_OSMIUM;9990;11;9987;21;;;10006;11;10008;21;;;9998.0;17134.0
-2;960000;INTARIAN_PEPPER_ROOT;10951;16;;;;;10966;10;10969;16;;;10958.5;75900.0
-2;960100;ASH_COATED_OSMIUM;9989;10;;;;;10005;10;10008;26;;;9997.0;17076.0
-2;960100;INTARIAN_PEPPER_ROOT;10954;8;10951;22;;;10966;8;10969;22;;;10960.0;76020.0
-2;960200;ASH_COATED_OSMIUM;9989;13;;;;;10005;13;10008;30;;;9997.0;17118.0
-2;960200;INTARIAN_PEPPER_ROOT;10951;20;;;;;10966;11;10969;20;;;10958.5;75900.0
-2;960300;ASH_COATED_OSMIUM;9990;11;9987;21;;;10006;11;;;;;9998.0;17182.0
-2;960300;INTARIAN_PEPPER_ROOT;10954;10;10952;18;;;10966;10;10969;18;;;10960.0;76020.0
-2;960400;ASH_COATED_OSMIUM;9989;10;9987;26;;;10005;10;;;;;9997.0;17118.0
-2;960400;INTARIAN_PEPPER_ROOT;10952;21;;;;;10966;11;10969;21;;;10959.0;75940.0
-2;960500;ASH_COATED_OSMIUM;9990;10;9987;21;;;10006;10;10008;21;;;9998.0;17182.0
-2;960500;INTARIAN_PEPPER_ROOT;10955;10;10952;18;;;10966;10;10969;18;;;10960.5;76060.0
-2;960600;ASH_COATED_OSMIUM;9987;23;;;;;10008;23;;;;;9997.5;17150.0
-2;960600;INTARIAN_PEPPER_ROOT;10955;9;10952;18;;;10969;18;;;;;10962.0;76180.0
-2;960700;ASH_COATED_OSMIUM;9990;13;9987;27;;;10006;13;;;;;9998.0;17182.0
-2;960700;INTARIAN_PEPPER_ROOT;10955;12;10952;17;;;10969;17;;;;;10962.0;76180.0
-2;960800;ASH_COATED_OSMIUM;9990;12;;;;;10006;12;10008;25;;;9998.0;17182.0
-2;960800;INTARIAN_PEPPER_ROOT;10952;22;;;;;10970;22;;;;;10961.0;76100.0
-2;960900;ASH_COATED_OSMIUM;9990;11;9987;23;;;;;;;;;9990.0;16670.0
-2;960900;INTARIAN_PEPPER_ROOT;10955;9;10952;15;;;10967;9;;;;;10961.0;76100.0
-2;961000;ASH_COATED_OSMIUM;9989;12;;;;;10005;12;10008;27;;;9997.0;17118.0
-2;961000;INTARIAN_PEPPER_ROOT;10955;12;10952;24;;;10967;12;10970;24;;;10961.0;76100.0
-2;961100;ASH_COATED_OSMIUM;9986;27;;;;;10007;27;;;;;9996.5;17086.0
-2;961100;INTARIAN_PEPPER_ROOT;10955;9;10952;25;;;10967;9;;;;;10961.0;76100.0
-2;961200;ASH_COATED_OSMIUM;9989;15;9987;27;;;10005;15;10008;27;;;9997.0;17118.0
-2;961200;INTARIAN_PEPPER_ROOT;10955;8;;;;;10967;8;10970;16;;;10961.0;76100.0
-2;961300;ASH_COATED_OSMIUM;9990;10;9987;30;;;10006;10;10008;30;;;9998.0;17182.0
-2;961300;INTARIAN_PEPPER_ROOT;10955;12;10953;23;;;10970;23;;;;;10962.5;76220.0
-2;961400;ASH_COATED_OSMIUM;9990;11;9987;24;;;10006;11;10008;24;;;9998.0;17182.0
-2;961400;INTARIAN_PEPPER_ROOT;10955;11;10953;25;;;10967;11;10970;25;;;10961.0;76100.0
-2;961500;ASH_COATED_OSMIUM;9990;13;9987;27;;;10006;13;10008;27;;;9998.0;17182.0
-2;961500;INTARIAN_PEPPER_ROOT;10956;8;10953;19;;;10967;8;10970;19;;;10961.5;76140.0
-2;961600;ASH_COATED_OSMIUM;9990;10;9988;22;;;10006;10;10009;22;;;9998.0;17182.0
-2;961600;INTARIAN_PEPPER_ROOT;10956;9;10953;22;;;10968;9;10970;22;;;10962.0;76180.0
-2;961700;ASH_COATED_OSMIUM;9991;14;;;;;10007;14;;;;;9999.0;17246.0
-2;961700;INTARIAN_PEPPER_ROOT;10953;19;;;;;10968;11;10970;19;;;10960.5;76060.0
-2;961800;ASH_COATED_OSMIUM;9991;10;9988;21;;;10007;10;;;;;9999.0;17246.0
-2;961800;INTARIAN_PEPPER_ROOT;10956;9;;;;;10968;9;10971;24;;;10962.0;76180.0
-2;961900;ASH_COATED_OSMIUM;9990;14;;;;;10006;14;10009;27;;;9998.0;17182.0
-2;961900;INTARIAN_PEPPER_ROOT;10956;9;10953;24;;;10971;24;;;;;10963.5;76300.0
-2;962000;ASH_COATED_OSMIUM;9990;12;9988;26;;;10006;12;10009;26;;;9998.0;17182.0
-2;962000;INTARIAN_PEPPER_ROOT;10959;8;10956;12;10953;16;10968;12;10971;16;;;10963.5;76300.0
-2;962100;ASH_COATED_OSMIUM;9988;24;;;;;10006;13;10009;24;;;9997.0;17118.0
-2;962100;INTARIAN_PEPPER_ROOT;10953;16;;;;;10968;12;;;;;10960.5;76060.0
-2;962200;ASH_COATED_OSMIUM;9990;11;9988;21;;;10006;11;10009;21;;;9998.0;17182.0
-2;962200;INTARIAN_PEPPER_ROOT;10956;11;;;;;10971;20;;;;;10963.5;76300.0
-2;962300;ASH_COATED_OSMIUM;9990;13;9988;22;;;10006;13;10009;22;;;9998.0;17182.0
-2;962300;INTARIAN_PEPPER_ROOT;10954;16;;;;;10968;11;;;;;10961.0;76100.0
-2;962400;ASH_COATED_OSMIUM;9990;14;9988;24;;;10006;14;10009;24;;;9998.0;17182.0
-2;962400;INTARIAN_PEPPER_ROOT;10956;12;10954;23;;;10968;12;10971;23;;;10962.0;76180.0
-2;962500;ASH_COATED_OSMIUM;9990;12;;;;;10009;24;;;;;9999.5;17278.0
-2;962500;INTARIAN_PEPPER_ROOT;10957;10;10954;25;;;10968;10;10971;25;;;10962.5;76220.0
-2;962600;ASH_COATED_OSMIUM;9990;12;;;;;10006;12;10008;26;;;9998.0;17182.0
-2;962600;INTARIAN_PEPPER_ROOT;10954;21;;;;;10969;12;10971;21;;;10961.5;76140.0
-2;962700;ASH_COATED_OSMIUM;9990;15;;;;;10006;15;10008;25;;;9998.0;17182.0
-2;962700;INTARIAN_PEPPER_ROOT;10957;10;10954;23;;;10969;10;10971;23;;;10963.0;76260.0
-2;962800;ASH_COATED_OSMIUM;9990;12;9987;21;;;10008;21;;;;;9999.0;17246.0
-2;962800;INTARIAN_PEPPER_ROOT;10957;10;10954;21;;;10964;7;10972;21;;;10960.5;76060.0
-2;962900;ASH_COATED_OSMIUM;;;;;;;10006;13;10008;28;;;10006.0;17694.0
-2;962900;INTARIAN_PEPPER_ROOT;10957;12;10954;19;;;10969;12;10972;19;;;10963.0;76260.0
-2;963000;ASH_COATED_OSMIUM;9990;15;9987;20;;;10006;15;10008;20;;;9998.0;17182.0
-2;963000;INTARIAN_PEPPER_ROOT;10957;11;10954;23;;;10969;11;10972;23;;;10963.0;76260.0
-2;963100;ASH_COATED_OSMIUM;9995;4;9989;10;9987;30;10005;10;;;;;10000.0;17310.0
-2;963100;INTARIAN_PEPPER_ROOT;10957;12;10954;24;;;10972;24;;;;;10964.5;76380.0
-2;963200;ASH_COATED_OSMIUM;9987;25;;;;;10005;11;10008;25;;;9996.0;17102.0
-2;963200;INTARIAN_PEPPER_ROOT;10957;9;10954;23;;;10969;9;10972;23;;;10963.0;76260.0
-2;963300;ASH_COATED_OSMIUM;9989;12;9987;20;;;10005;12;;;;;9997.0;17160.0
-2;963300;INTARIAN_PEPPER_ROOT;10955;19;;;;;10969;11;;;;;10962.0;76180.0
-2;963400;ASH_COATED_OSMIUM;9986;30;;;;;10007;30;;;;;9996.5;17131.0
-2;963400;INTARIAN_PEPPER_ROOT;10957;9;10955;19;;;10969;9;;;;;10963.0;76260.0
-2;963500;ASH_COATED_OSMIUM;9989;14;9986;22;;;10005;14;10007;22;;;9997.0;17160.0
-2;963500;INTARIAN_PEPPER_ROOT;10958;8;10955;20;;;10969;8;10972;20;;;10963.5;76300.0
-2;963600;ASH_COATED_OSMIUM;9989;14;9987;30;;;10005;14;10008;30;;;9997.0;17160.0
-2;963600;INTARIAN_PEPPER_ROOT;10958;12;10955;21;;;10970;12;10972;21;;;10964.0;76340.0
-2;963700;ASH_COATED_OSMIUM;9986;27;;;;;10005;11;10007;27;;;9995.5;17073.0
-2;963700;INTARIAN_PEPPER_ROOT;10958;11;;;;;10970;11;;;;;10964.0;76340.0
-2;963800;ASH_COATED_OSMIUM;9989;10;9986;20;;;;;;;;;9989.0;16696.0
-2;963800;INTARIAN_PEPPER_ROOT;10958;8;10955;22;;;10965;5;10970;8;10973;22;10961.5;76140.0
-2;963900;ASH_COATED_OSMIUM;9989;11;9986;28;;;10005;11;10007;28;;;9997.0;17160.0
-2;963900;INTARIAN_PEPPER_ROOT;10955;25;;;;;10970;10;10973;25;;;10962.5;76220.0
-2;964000;ASH_COATED_OSMIUM;9989;15;9986;29;;;10005;15;10007;29;;;9997.0;17160.0
-2;964000;INTARIAN_PEPPER_ROOT;10958;12;;;;;10970;12;10973;19;;;10964.0;76340.0
-2;964100;ASH_COATED_OSMIUM;9988;12;9986;22;;;10004;12;10007;22;;;9996.0;17102.0
-2;964100;INTARIAN_PEPPER_ROOT;10958;12;10955;23;;;10970;12;10973;23;;;10964.0;76340.0
-2;964200;ASH_COATED_OSMIUM;9988;14;;;;;10004;14;;;;;9996.0;17102.0
-2;964200;INTARIAN_PEPPER_ROOT;10958;10;10955;25;;;10970;10;10973;25;;;10964.0;76340.0
-2;964300;ASH_COATED_OSMIUM;9985;28;;;;;10004;11;10006;28;;;9994.5;17015.0
-2;964300;INTARIAN_PEPPER_ROOT;10958;11;;;;;10970;11;10973;19;;;10964.0;76340.0
-2;964400;ASH_COATED_OSMIUM;9988;12;9985;21;;;10006;21;;;;;9997.0;17160.0
-2;964400;INTARIAN_PEPPER_ROOT;10958;10;10956;19;;;10970;10;10973;19;;;10964.0;76340.0
-2;964500;ASH_COATED_OSMIUM;9988;11;9986;24;;;10004;11;10007;24;;;9996.0;17102.0
-2;964500;INTARIAN_PEPPER_ROOT;10959;12;;;;;10970;12;;;;;10964.5;76380.0
-2;964600;ASH_COATED_OSMIUM;9997;4;9988;15;9985;21;;;;;;;9997.0;17160.0
-2;964600;INTARIAN_PEPPER_ROOT;10959;10;10956;23;;;10971;10;10973;23;;;10965.0;76420.0
-2;964700;ASH_COATED_OSMIUM;9988;12;9986;30;;;10004;12;10007;30;;;9996.0;17106.0
-2;964700;INTARIAN_PEPPER_ROOT;10959;10;10956;22;;;10973;22;;;;;10966.0;76500.0
-2;964800;ASH_COATED_OSMIUM;;;;;;;10006;20;;;;;10006.0;17640.0
-2;964800;INTARIAN_PEPPER_ROOT;10959;12;10956;21;;;10971;12;10974;21;;;10965.0;76420.0
-2;964900;ASH_COATED_OSMIUM;9988;11;;;;;10004;11;10006;26;;;9996.0;17160.0
-2;964900;INTARIAN_PEPPER_ROOT;10959;9;10956;24;;;10971;9;10974;24;;;10965.0;76420.0
-2;965000;ASH_COATED_OSMIUM;9987;14;9985;25;;;9997;4;10003;14;10006;25;9992.0;16968.0
-2;965000;INTARIAN_PEPPER_ROOT;10959;12;;;;;10971;12;10974;19;;;10965.0;76420.0
-2;965100;ASH_COATED_OSMIUM;9987;13;9984;30;;;10003;13;10005;30;;;9995.0;17112.0
-2;965100;INTARIAN_PEPPER_ROOT;10959;8;10956;22;;;10971;8;10974;22;;;10965.0;76420.0
-2;965200;ASH_COATED_OSMIUM;9985;20;;;;;10003;12;10006;20;;;9994.0;17064.0
-2;965200;INTARIAN_PEPPER_ROOT;10959;11;;;;;10971;11;10974;17;;;10965.0;76420.0
-2;965300;ASH_COATED_OSMIUM;9988;14;9985;30;;;;;;;;;9988.0;16776.0
-2;965300;INTARIAN_PEPPER_ROOT;10959;10;10957;25;;;10971;10;;;;;10965.0;76420.0
-2;965400;ASH_COATED_OSMIUM;9988;13;9985;29;;;10004;13;;;;;9996.0;17160.0
-2;965400;INTARIAN_PEPPER_ROOT;10959;10;10957;16;;;10971;10;10974;16;;;10965.0;76420.0
-2;965500;ASH_COATED_OSMIUM;9987;11;;;;;10006;25;;;;;9996.5;17184.0
-2;965500;INTARIAN_PEPPER_ROOT;10960;11;;;;;10971;11;10974;23;;;10965.5;76460.0
-2;965600;ASH_COATED_OSMIUM;;;;;;;10003;14;;;;;10003.0;17496.0
-2;965600;INTARIAN_PEPPER_ROOT;10960;8;10957;20;;;10972;8;;;;;10966.0;76500.0
-2;965700;ASH_COATED_OSMIUM;9987;10;9984;27;;;10003;10;10005;27;;;9995.0;17112.0
-2;965700;INTARIAN_PEPPER_ROOT;10960;12;;;;;10972;12;;;;;10966.0;76500.0
-2;965800;ASH_COATED_OSMIUM;9987;14;9985;29;;;;;;;;;9987.0;16728.0
-2;965800;INTARIAN_PEPPER_ROOT;10960;9;10957;23;;;10972;9;10975;23;;;10966.0;76500.0
-2;965900;ASH_COATED_OSMIUM;9987;14;9984;30;;;10003;14;10005;30;;;9995.0;17112.0
-2;965900;INTARIAN_PEPPER_ROOT;10957;24;;;;;10972;11;10975;24;;;10964.5;76380.0
-2;966000;ASH_COATED_OSMIUM;9987;14;9984;29;;;10003;14;10005;29;;;9995.0;17154.0
-2;966000;INTARIAN_PEPPER_ROOT;10960;11;10957;25;;;10972;11;;;;;10966.0;76500.0
-2;966100;ASH_COATED_OSMIUM;9987;11;9984;26;;;10003;11;10005;26;;;9995.0;17154.0
-2;966100;INTARIAN_PEPPER_ROOT;10960;9;;;;;10972;9;10975;23;;;10966.0;76500.0
-2;966200;ASH_COATED_OSMIUM;9988;15;9985;30;;;10004;15;10006;30;;;9996.0;17208.0
-2;966200;INTARIAN_PEPPER_ROOT;10960;9;10957;18;;;10972;9;10975;18;;;10966.0;76500.0
-2;966300;ASH_COATED_OSMIUM;9987;12;;;;;10003;12;10006;24;;;9995.0;17154.0
-2;966300;INTARIAN_PEPPER_ROOT;10958;21;;;;;10972;10;;;;;10965.0;76420.0
-2;966400;ASH_COATED_OSMIUM;9985;21;;;;;10003;10;10006;21;;;9994.0;17100.0
-2;966400;INTARIAN_PEPPER_ROOT;10960;8;10958;15;;;10972;8;10975;15;;;10966.0;76500.0
-2;966500;ASH_COATED_OSMIUM;9987;14;9985;27;;;10003;14;10006;27;;;9995.0;17154.0
-2;966500;INTARIAN_PEPPER_ROOT;10961;9;10958;25;;;10972;9;10975;25;;;10966.5;76540.0
-2;966600;ASH_COATED_OSMIUM;9987;14;9984;20;;;10003;14;10005;20;;;9995.0;17154.0
-2;966600;INTARIAN_PEPPER_ROOT;10961;10;10958;19;;;10973;10;10975;19;;;10967.0;76580.0
-2;966700;ASH_COATED_OSMIUM;9987;14;9984;25;;;;;;;;;9987.0;16722.0
-2;966700;INTARIAN_PEPPER_ROOT;10961;8;10958;19;;;10973;8;10975;19;;;10967.0;76580.0
-2;966800;ASH_COATED_OSMIUM;9987;11;9985;21;;;10006;21;;;;;9996.5;17235.0
-2;966800;INTARIAN_PEPPER_ROOT;10958;15;;;;;10976;15;;;;;10967.0;76580.0
-2;966900;ASH_COATED_OSMIUM;9987;10;9985;23;;;10003;10;10006;23;;;9995.0;17154.0
-2;966900;INTARIAN_PEPPER_ROOT;10961;9;10958;15;;;10973;9;;;;;10967.0;76580.0
-2;967000;ASH_COATED_OSMIUM;9988;14;9985;22;;;10004;14;10006;22;;;9996.0;17264.0
-2;967000;INTARIAN_PEPPER_ROOT;10961;8;10958;19;;;;;;;;;10961.0;76100.0
-2;967100;ASH_COATED_OSMIUM;9986;22;;;;;10004;11;10007;22;;;9995.0;17218.0
-2;967100;INTARIAN_PEPPER_ROOT;10961;8;10958;17;;;10973;8;;;;;10967.0;76580.0
-2;967200;ASH_COATED_OSMIUM;9988;10;9986;28;;;10004;10;10007;28;;;9996.0;17264.0
-2;967200;INTARIAN_PEPPER_ROOT;10961;11;10958;25;;;10973;11;10976;25;;;10967.0;76580.0
-2;967300;ASH_COATED_OSMIUM;9986;28;;;;;9998;2;10004;14;10007;28;9992.0;17080.0
-2;967300;INTARIAN_PEPPER_ROOT;10961;10;;;;;10973;10;;;;;10967.0;76580.0
-2;967400;ASH_COATED_OSMIUM;9986;24;;;;;10004;12;10007;24;;;9995.0;17218.0
-2;967400;INTARIAN_PEPPER_ROOT;10961;9;10959;17;;;10973;9;;;;;10967.0;76580.0
-2;967500;ASH_COATED_OSMIUM;9988;11;;;;;10004;11;10007;24;;;9996.0;17264.0
-2;967500;INTARIAN_PEPPER_ROOT;10959;19;;;;;;;;;;;10959.0;75940.0
-2;967600;ASH_COATED_OSMIUM;9988;13;9985;21;;;10004;13;;;;;9996.0;17264.0
-2;967600;INTARIAN_PEPPER_ROOT;10962;10;10959;17;;;10974;10;10976;17;;;10968.0;76660.0
-2;967700;ASH_COATED_OSMIUM;;;;;;;10006;21;;;;;10006.0;17724.0
-2;967700;INTARIAN_PEPPER_ROOT;10959;19;;;;;10974;11;;;;;10966.5;76540.0
-2;967800;ASH_COATED_OSMIUM;9988;13;9986;25;;;10004;13;;;;;9996.0;17264.0
-2;967800;INTARIAN_PEPPER_ROOT;10962;9;10959;22;;;10974;9;10977;22;;;10968.0;76660.0
-2;967900;ASH_COATED_OSMIUM;9988;11;9986;24;;;10004;11;;;;;9996.0;17264.0
-2;967900;INTARIAN_PEPPER_ROOT;10962;10;;;;;10974;10;10977;20;;;10968.0;76660.0
-2;968000;ASH_COATED_OSMIUM;9989;11;9986;24;;;9998;2;10005;11;10007;24;9993.5;17149.0
-2;968000;INTARIAN_PEPPER_ROOT;10962;12;10959;25;;;10974;12;10977;25;;;10968.0;76660.0
-2;968100;ASH_COATED_OSMIUM;9989;13;9986;27;;;10005;13;10007;27;;;9997.0;17310.0
-2;968100;INTARIAN_PEPPER_ROOT;10959;17;;;;;10974;9;;;;;10966.5;76540.0
-2;968200;ASH_COATED_OSMIUM;9988;15;;;;;10004;15;10007;30;;;9996.0;17264.0
-2;968200;INTARIAN_PEPPER_ROOT;10962;12;;;;;10974;12;10977;19;;;10968.0;76660.0
-2;968300;ASH_COATED_OSMIUM;9989;15;9986;23;;;10005;15;10007;23;;;9997.0;17310.0
-2;968300;INTARIAN_PEPPER_ROOT;10962;10;10960;19;;;;;;;;;10962.0;76180.0
-2;968400;ASH_COATED_OSMIUM;9990;14;9987;30;;;10006;14;;;;;9998.0;17356.0
-2;968400;INTARIAN_PEPPER_ROOT;;;;;;;10974;12;10977;25;;;10974.0;77140.0
-2;968500;ASH_COATED_OSMIUM;9990;15;9988;24;;;10006;15;10009;24;;;9998.0;17356.0
-2;968500;INTARIAN_PEPPER_ROOT;10963;12;10960;25;;;10974;12;10977;25;;;10968.5;76700.0
-2;968600;ASH_COATED_OSMIUM;9990;15;9987;27;;;10006;15;10008;27;;;9998.0;17356.0
-2;968600;INTARIAN_PEPPER_ROOT;10963;8;;;;;10975;8;10977;16;;;10969.0;76740.0
-2;968700;ASH_COATED_OSMIUM;;;;;;;10006;15;10008;25;;;10006.0;17724.0
-2;968700;INTARIAN_PEPPER_ROOT;10963;9;10960;17;;;10975;9;;;;;10969.0;76740.0
-2;968800;ASH_COATED_OSMIUM;9987;25;;;;;10005;11;10008;25;;;9996.0;17264.0
-2;968800;INTARIAN_PEPPER_ROOT;10972;8;10963;12;10960;23;10978;23;;;;;10975.0;77220.0
-2;968900;ASH_COATED_OSMIUM;9986;26;;;;;10005;14;10007;26;;;9995.5;17241.0
-2;968900;INTARIAN_PEPPER_ROOT;10960;24;;;;;10978;24;;;;;10969.0;76740.0
-2;969000;ASH_COATED_OSMIUM;9989;14;9987;29;;;10005;14;10008;29;;;9997.0;17310.0
-2;969000;INTARIAN_PEPPER_ROOT;;;;;;;10975;10;10978;19;;;10975.0;77220.0
-2;969100;ASH_COATED_OSMIUM;9989;13;9986;26;;;10005;13;10007;26;;;9997.0;17310.0
-2;969100;INTARIAN_PEPPER_ROOT;;;;;;;10975;9;10978;24;;;10975.0;77220.0
-2;969200;ASH_COATED_OSMIUM;9986;25;;;;;10005;10;10007;25;;;9995.5;17241.0
-2;969200;INTARIAN_PEPPER_ROOT;10963;12;;;;;10975;12;10978;21;;;10969.0;76740.0
-2;969300;ASH_COATED_OSMIUM;9989;15;9987;25;;;;;;;;;9989.0;16942.0
-2;969300;INTARIAN_PEPPER_ROOT;10961;24;;;;;10975;10;10978;24;;;10968.0;76660.0
-2;969400;ASH_COATED_OSMIUM;9989;15;9987;30;;;10005;15;10008;30;;;9997.0;17310.0
-2;969400;INTARIAN_PEPPER_ROOT;10963;12;10961;16;;;10975;12;10978;16;;;10969.0;76740.0
-2;969500;ASH_COATED_OSMIUM;9989;14;9987;25;;;10005;14;10008;25;;;9997.0;17310.0
-2;969500;INTARIAN_PEPPER_ROOT;;;;;;;10978;23;;;;;10978.0;77460.0
-2;969600;ASH_COATED_OSMIUM;9989;12;9986;25;;;10005;12;10007;25;;;9997.0;17310.0
-2;969600;INTARIAN_PEPPER_ROOT;10964;11;10961;19;;;10976;11;10978;19;;;10970.0;76820.0
-2;969700;ASH_COATED_OSMIUM;9989;14;9986;27;;;10007;27;;;;;9998.0;17356.0
-2;969700;INTARIAN_PEPPER_ROOT;10964;8;;;;;10978;22;;;;;10971.0;76900.0
-2;969800;ASH_COATED_OSMIUM;9989;13;9986;28;;;10007;28;;;;;9998.0;17356.0
-2;969800;INTARIAN_PEPPER_ROOT;10964;10;10961;18;;;10976;10;10979;18;;;10970.0;76820.0
-2;969900;ASH_COATED_OSMIUM;9988;14;9986;29;;;10004;14;10007;29;;;9996.0;17264.0
-2;969900;INTARIAN_PEPPER_ROOT;10964;8;;;;;10976;8;10979;15;;;10970.0;76820.0
-2;970000;ASH_COATED_OSMIUM;9988;10;9985;21;;;10006;21;;;;;9997.0;17310.0
-2;970000;INTARIAN_PEPPER_ROOT;10964;11;;;;;10976;11;10979;24;;;10970.0;76820.0
-2;970100;ASH_COATED_OSMIUM;;;;;;;10004;15;10006;22;;;10004.0;17632.0
-2;970100;INTARIAN_PEPPER_ROOT;10964;12;10961;25;;;10976;12;10979;25;;;10970.0;76820.0
-2;970200;ASH_COATED_OSMIUM;9988;10;9986;22;;;10004;10;10007;22;;;9996.0;17264.0
-2;970200;INTARIAN_PEPPER_ROOT;10964;10;10961;16;;;10976;10;10979;16;;;10970.0;76820.0
-2;970300;ASH_COATED_OSMIUM;9988;12;9985;27;;;10004;12;10006;27;;;9996.0;17264.0
-2;970300;INTARIAN_PEPPER_ROOT;10962;24;;;;;10979;24;;;;;10970.5;76860.0
-2;970400;ASH_COATED_OSMIUM;9988;11;;;;;10006;26;;;;;9997.0;17310.0
-2;970400;INTARIAN_PEPPER_ROOT;10964;10;;;;;10972;8;10979;18;;;10968.0;76660.0
-2;970500;ASH_COATED_OSMIUM;9988;15;;;;;10004;15;10007;29;;;9996.0;17264.0
-2;970500;INTARIAN_PEPPER_ROOT;;;;;;;10979;21;;;;;10979.0;77540.0
-2;970600;ASH_COATED_OSMIUM;9989;15;9986;22;;;10005;15;10007;22;;;9997.0;17310.0
-2;970600;INTARIAN_PEPPER_ROOT;10962;23;;;;;10977;11;10979;23;;;10969.5;76780.0
-2;970700;ASH_COATED_OSMIUM;9989;12;;;;;10005;12;;;;;9997.0;17310.0
-2;970700;INTARIAN_PEPPER_ROOT;10965;12;10962;22;;;10977;12;10979;22;;;10971.0;76900.0
-2;970800;ASH_COATED_OSMIUM;9989;11;9986;26;;;10005;11;10007;26;;;9997.0;17310.0
-2;970800;INTARIAN_PEPPER_ROOT;10965;12;10962;20;;;;;;;;;10965.0;76420.0
-2;970900;ASH_COATED_OSMIUM;9988;14;9985;23;;;;;;;;;9988.0;16896.0
-2;970900;INTARIAN_PEPPER_ROOT;10962;20;;;;;10977;10;;;;;10969.5;76780.0
-2;971000;ASH_COATED_OSMIUM;9988;10;9985;25;;;10006;25;;;;;9997.0;17310.0
-2;971000;INTARIAN_PEPPER_ROOT;10962;23;;;;;10977;9;10980;23;;;10969.5;76780.0
-2;971100;ASH_COATED_OSMIUM;9988;14;9985;23;;;10004;14;10006;23;;;9996.0;17264.0
-2;971100;INTARIAN_PEPPER_ROOT;10965;8;10962;23;;;10977;8;10980;23;;;10971.0;76900.0
-2;971200;ASH_COATED_OSMIUM;9987;13;9985;27;;;10003;13;10006;27;;;9995.0;17218.0
-2;971200;INTARIAN_PEPPER_ROOT;10965;10;10962;25;;;10977;10;10980;25;;;10971.0;76900.0
-2;971300;ASH_COATED_OSMIUM;9985;29;;;;;10003;13;10006;29;;;9994.0;17172.0
-2;971300;INTARIAN_PEPPER_ROOT;10965;11;10963;22;;;10977;11;10980;22;;;10971.0;76900.0
-2;971400;ASH_COATED_OSMIUM;9987;11;9985;24;;;;;;;;;9987.0;16850.0
-2;971400;INTARIAN_PEPPER_ROOT;10965;9;;;;;10977;9;10980;24;;;10971.0;76900.0
-2;971500;ASH_COATED_OSMIUM;9984;27;;;;;10003;11;10005;27;;;9993.5;17149.0
-2;971500;INTARIAN_PEPPER_ROOT;10966;11;;;;;10977;11;10980;17;;;10971.5;76940.0
-2;971600;ASH_COATED_OSMIUM;9987;13;;;;;10003;13;10005;24;;;9995.0;17218.0
-2;971600;INTARIAN_PEPPER_ROOT;10966;8;10963;17;;;10978;8;10980;17;;;10972.0;76980.0
-2;971700;ASH_COATED_OSMIUM;9987;12;;;;;;;;;;;9987.0;16850.0
-2;971700;INTARIAN_PEPPER_ROOT;10966;12;;;;;10978;12;;;;;10972.0;76980.0
-2;971800;ASH_COATED_OSMIUM;9988;15;;;;;10004;15;10006;26;;;9996.0;17264.0
-2;971800;INTARIAN_PEPPER_ROOT;10966;12;10963;20;;;10978;12;10981;20;;;10972.0;76980.0
-2;971900;ASH_COATED_OSMIUM;9988;10;9985;25;;;10004;10;10006;25;;;9996.0;17264.0
-2;971900;INTARIAN_PEPPER_ROOT;;;;;;;10978;8;10981;21;;;10978.0;77460.0
-2;972000;ASH_COATED_OSMIUM;9987;13;9985;29;;;10003;13;10006;29;;;9995.0;17218.0
-2;972000;INTARIAN_PEPPER_ROOT;10966;12;;;;;10978;12;10981;22;;;10972.0;76980.0
-2;972100;ASH_COATED_OSMIUM;9985;27;;;;;10003;13;10006;27;;;9994.0;17172.0
-2;972100;INTARIAN_PEPPER_ROOT;;;;;;;10978;10;10981;20;;;10978.0;77460.0
-2;972200;ASH_COATED_OSMIUM;9987;11;9985;20;;;10003;11;10006;20;;;9995.0;17218.0
-2;972200;INTARIAN_PEPPER_ROOT;10966;8;10963;18;;;10981;18;;;;;10973.5;77100.0
-2;972300;ASH_COATED_OSMIUM;9996;5;9987;13;9984;30;10003;13;;;;;9999.5;17407.5
-2;972300;INTARIAN_PEPPER_ROOT;10966;11;10964;17;;;10981;17;;;;;10973.5;77100.0
-2;972400;ASH_COATED_OSMIUM;9987;11;;;;;10006;25;;;;;9996.5;17284.5
-2;972400;INTARIAN_PEPPER_ROOT;10966;12;10964;22;;;10978;12;;;;;10972.0;76980.0
-2;972500;ASH_COATED_OSMIUM;9997;5;;;;;10003;15;10006;23;;;10000.0;17413.0
-2;972500;INTARIAN_PEPPER_ROOT;10967;12;10964;20;;;10978;12;;;;;10972.5;77020.0
-2;972600;ASH_COATED_OSMIUM;9987;13;;;;;10003;13;;;;;9995.0;17233.0
-2;972600;INTARIAN_PEPPER_ROOT;10967;10;10964;21;;;10979;10;10981;21;;;10973.0;77060.0
-2;972700;ASH_COATED_OSMIUM;9985;26;;;;;10003;13;10006;26;;;9994.0;17197.0
-2;972700;INTARIAN_PEPPER_ROOT;;;;;;;10979;12;;;;;10979.0;77540.0
-2;972800;ASH_COATED_OSMIUM;9985;20;;;;;10006;20;;;;;9995.5;17251.0
-2;972800;INTARIAN_PEPPER_ROOT;10967;10;10964;16;;;10979;10;;;;;10973.0;77060.0
-2;972900;ASH_COATED_OSMIUM;9984;20;;;;;10003;13;10005;20;;;9993.5;17179.0
-2;972900;INTARIAN_PEPPER_ROOT;10964;23;;;;;10979;9;;;;;10971.5;76940.0
-2;973000;ASH_COATED_OSMIUM;9987;13;9984;30;;;10005;30;;;;;9996.0;17269.0
-2;973000;INTARIAN_PEPPER_ROOT;10967;8;10964;20;;;;;;;;;10967.0;76580.0
-2;973100;ASH_COATED_OSMIUM;9986;12;9984;29;;;10002;12;10005;29;;;9994.0;17197.0
-2;973100;INTARIAN_PEPPER_ROOT;;;;;;;10979;11;;;;;10979.0;77540.0
-2;973200;ASH_COATED_OSMIUM;9986;15;9984;23;;;;;;;;;9986.0;16909.0
-2;973200;INTARIAN_PEPPER_ROOT;;;;;;;10982;22;;;;;10982.0;77780.0
-2;973300;ASH_COATED_OSMIUM;9986;12;9983;20;;;10002;12;10004;20;;;9994.0;17197.0
-2;973300;INTARIAN_PEPPER_ROOT;10967;12;10965;18;;;10982;18;;;;;10974.5;77180.0
-2;973400;ASH_COATED_OSMIUM;9986;14;9983;29;;;10002;14;10004;29;;;9994.0;17253.0
-2;973400;INTARIAN_PEPPER_ROOT;10967;8;10965;21;;;10979;8;10982;21;;;10973.0;77060.0
-2;973500;ASH_COATED_OSMIUM;9986;12;9984;28;;;10002;12;10005;28;;;9994.0;17253.0
-2;973500;INTARIAN_PEPPER_ROOT;;;;;;;10982;18;;;;;10982.0;77780.0
-2;973600;ASH_COATED_OSMIUM;9986;10;9984;23;;;10002;10;;;;;9994.0;17253.0
-2;973600;INTARIAN_PEPPER_ROOT;10968;10;10965;21;;;10980;10;;;;;10974.0;77140.0
-2;973700;ASH_COATED_OSMIUM;9983;28;;;;;10002;11;10004;28;;;9992.5;17204.0
-2;973700;INTARIAN_PEPPER_ROOT;10968;11;10965;18;;;10980;11;10982;18;;;10974.0;77140.0
-2;973800;ASH_COATED_OSMIUM;9986;11;9983;26;;;10002;11;10004;26;;;9994.0;17267.0
-2;973800;INTARIAN_PEPPER_ROOT;10968;12;10965;24;;;10980;12;;;;;10974.0;77140.0
-2;973900;ASH_COATED_OSMIUM;9986;11;;;;;10002;11;10004;27;;;9994.0;17267.0
-2;973900;INTARIAN_PEPPER_ROOT;;;;;;;10980;10;10983;25;;;10980.0;77620.0
-2;974000;ASH_COATED_OSMIUM;9985;15;9983;28;;;10001;15;10004;28;;;9993.0;17225.0
-2;974000;INTARIAN_PEPPER_ROOT;10965;25;;;;;10980;8;10983;25;;;10972.5;77020.0
-2;974100;ASH_COATED_OSMIUM;;;;;;;10002;10;10005;30;;;10002.0;17603.0
-2;974100;INTARIAN_PEPPER_ROOT;10965;16;;;;;;;;;;;10965.0;76420.0
-2;974200;ASH_COATED_OSMIUM;9986;15;9983;26;;;10002;15;10004;26;;;9994.0;17267.0
-2;974200;INTARIAN_PEPPER_ROOT;10968;12;;;;;10980;12;10983;21;;;10974.0;77140.0
-2;974300;ASH_COATED_OSMIUM;9986;14;9983;30;;;10002;14;10004;30;;;9994.0;17267.0
-2;974300;INTARIAN_PEPPER_ROOT;10968;11;;;;;10980;11;;;;;10974.0;77140.0
-2;974400;ASH_COATED_OSMIUM;9986;14;;;;;10002;14;10005;22;;;9994.0;17267.0
-2;974400;INTARIAN_PEPPER_ROOT;10968;9;10966;25;;;10980;9;;;;;10974.0;77140.0
-2;974500;ASH_COATED_OSMIUM;9986;14;9984;22;;;10002;14;10005;22;;;9994.0;17267.0
-2;974500;INTARIAN_PEPPER_ROOT;10969;12;10966;21;;;10980;12;10983;21;;;10974.5;77180.0
-2;974600;ASH_COATED_OSMIUM;9986;13;;;;;10002;13;10005;21;;;9994.0;17267.0
-2;974600;INTARIAN_PEPPER_ROOT;10969;9;10966;21;;;10981;9;10983;21;;;10975.0;77220.0
-2;974700;ASH_COATED_OSMIUM;9986;12;9983;25;;;10002;12;10004;25;;;9994.0;17267.0
-2;974700;INTARIAN_PEPPER_ROOT;10969;9;10966;19;;;10981;9;10983;19;;;10975.0;77220.0
-2;974800;ASH_COATED_OSMIUM;9986;13;9983;23;;;10002;13;10004;23;;;9994.0;17267.0
-2;974800;INTARIAN_PEPPER_ROOT;10969;12;10966;15;;;10981;12;10984;15;;;10975.0;77220.0
-2;974900;ASH_COATED_OSMIUM;9986;14;9983;28;;;10002;14;10004;28;;;9994.0;17309.0
-2;974900;INTARIAN_PEPPER_ROOT;10969;11;10966;24;;;10981;11;;;;;10975.0;77220.0
-2;975000;ASH_COATED_OSMIUM;9983;24;;;;;10002;11;10004;24;;;9992.5;17237.0
-2;975000;INTARIAN_PEPPER_ROOT;10969;10;10966;16;;;10981;10;10984;16;;;10975.0;77220.0
-2;975100;ASH_COATED_OSMIUM;9986;10;9983;28;;;10002;10;10004;28;;;9994.0;17309.0
-2;975100;INTARIAN_PEPPER_ROOT;10969;10;10966;18;;;10981;10;10984;18;;;10975.0;77220.0
-2;975200;ASH_COATED_OSMIUM;9986;10;9984;28;;;10002;10;10005;28;;;9994.0;17309.0
-2;975200;INTARIAN_PEPPER_ROOT;10969;12;10966;19;;;10981;12;10984;19;;;10975.0;77220.0
-2;975300;ASH_COATED_OSMIUM;9986;11;9984;22;;;10002;11;10005;22;;;9994.0;17309.0
-2;975300;INTARIAN_PEPPER_ROOT;10969;9;10967;19;;;10981;9;10984;19;;;10975.0;77220.0
-2;975400;ASH_COATED_OSMIUM;9986;13;9984;25;;;10002;13;10004;25;;;9994.0;17309.0
-2;975400;INTARIAN_PEPPER_ROOT;;;;;;;10984;24;;;;;10984.0;77940.0
-2;975500;ASH_COATED_OSMIUM;9986;14;9983;20;;;10004;20;;;;;9995.0;17357.0
-2;975500;INTARIAN_PEPPER_ROOT;10970;8;10967;22;;;10981;8;10984;22;;;10975.5;77260.0
-2;975600;ASH_COATED_OSMIUM;9986;10;9983;21;;;10002;10;;;;;9994.0;17309.0
-2;975600;INTARIAN_PEPPER_ROOT;10970;9;10967;15;;;10982;9;10984;15;;;10976.0;77300.0
-2;975700;ASH_COATED_OSMIUM;9983;30;;;;;10002;11;10004;30;;;9992.5;17237.0
-2;975700;INTARIAN_PEPPER_ROOT;10967;20;;;;;10982;11;10984;20;;;10974.5;77180.0
-2;975800;ASH_COATED_OSMIUM;9985;13;9983;22;;;10001;13;10004;22;;;9993.0;17261.0
-2;975800;INTARIAN_PEPPER_ROOT;10967;25;;;;;10985;25;;;;;10976.0;77300.0
-2;975900;ASH_COATED_OSMIUM;9986;14;9983;26;;;10002;14;10004;26;;;9994.0;17309.0
-2;975900;INTARIAN_PEPPER_ROOT;10970;11;10967;24;;;10972;7;10982;11;10985;24;10971.0;76900.0
-2;976000;ASH_COATED_OSMIUM;9985;13;9983;28;;;10004;28;;;;;9994.5;17333.0
-2;976000;INTARIAN_PEPPER_ROOT;10970;11;;;;;;;;;;;10970.0;76820.0
-2;976100;ASH_COATED_OSMIUM;9985;14;;;;;10001;14;10004;24;;;9993.0;17261.0
-2;976100;INTARIAN_PEPPER_ROOT;10970;12;;;;;10982;12;10985;24;;;10976.0;77300.0
-2;976200;ASH_COATED_OSMIUM;9982;20;;;;;10001;12;10003;20;;;9991.5;17189.0
-2;976200;INTARIAN_PEPPER_ROOT;10967;21;;;;;10982;12;10985;21;;;10974.5;77180.0
-2;976300;ASH_COATED_OSMIUM;9985;14;9982;27;;;10003;27;;;;;9994.0;17309.0
-2;976300;INTARIAN_PEPPER_ROOT;10968;15;;;;;10985;15;;;;;10976.5;77340.0
-2;976400;ASH_COATED_OSMIUM;9994;4;9985;14;9982;26;10001;14;;;;;9997.5;17463.0
-2;976400;INTARIAN_PEPPER_ROOT;10968;24;;;;;10982;8;10985;24;;;10975.0;77220.0
-2;976500;ASH_COATED_OSMIUM;9985;10;9982;30;;;10001;10;10003;30;;;9993.0;17307.0
-2;976500;INTARIAN_PEPPER_ROOT;10971;10;10968;17;;;10982;10;10985;17;;;10976.5;77340.0
-2;976600;ASH_COATED_OSMIUM;9985;15;9982;28;;;10001;15;10003;28;;;9993.0;17307.0
-2;976600;INTARIAN_PEPPER_ROOT;10971;12;10968;23;;;10983;12;10985;23;;;10977.0;77380.0
-2;976700;ASH_COATED_OSMIUM;9983;30;;;;;10001;15;10004;30;;;9992.0;17257.0
-2;976700;INTARIAN_PEPPER_ROOT;10968;16;;;;;10983;10;10985;16;;;10975.5;77260.0
-2;976800;ASH_COATED_OSMIUM;9983;25;;;;;10001;15;10004;25;;;9992.0;17257.0
-2;976800;INTARIAN_PEPPER_ROOT;10971;8;10968;18;;;10983;8;10986;18;;;10977.0;77380.0
-2;976900;ASH_COATED_OSMIUM;9985;14;9983;23;;;10001;14;10004;23;;;9993.0;17307.0
-2;976900;INTARIAN_PEPPER_ROOT;10971;10;;;;;10983;10;10986;24;;;10977.0;77380.0
-2;977000;ASH_COATED_OSMIUM;9985;13;9982;21;;;10003;21;;;;;9994.0;17357.0
-2;977000;INTARIAN_PEPPER_ROOT;10971;10;10968;24;;;10983;10;10986;24;;;10977.0;77380.0
-2;977100;ASH_COATED_OSMIUM;9985;12;9983;29;;;10001;12;10004;29;;;9993.0;17356.0
-2;977100;INTARIAN_PEPPER_ROOT;10968;17;;;;;10983;10;10986;17;;;10975.5;77260.0
-2;977200;ASH_COATED_OSMIUM;9984;14;9982;21;;;10000;14;10003;21;;;9992.0;17313.0
-2;977200;INTARIAN_PEPPER_ROOT;10971;11;;;;;10983;11;10986;20;;;10977.0;77380.0
-2;977300;ASH_COATED_OSMIUM;9984;10;9982;24;;;10003;24;;;;;9993.5;17377.5
-2;977300;INTARIAN_PEPPER_ROOT;10971;10;10969;23;;;10983;10;10986;23;;;10977.0;77380.0
-2;977400;ASH_COATED_OSMIUM;9984;14;9981;28;;;10000;14;;;;;9992.0;17313.0
-2;977400;INTARIAN_PEPPER_ROOT;10971;12;10969;25;;;10983;12;10986;25;;;10977.0;77380.0
-2;977500;ASH_COATED_OSMIUM;9989;2;9984;11;9981;21;10000;11;10002;21;;;9994.5;17420.5
-2;977500;INTARIAN_PEPPER_ROOT;10972;9;10969;16;;;10983;9;;;;;10977.5;77420.0
-2;977600;ASH_COATED_OSMIUM;9984;14;;;;;10002;29;;;;;9993.0;17356.0
-2;977600;INTARIAN_PEPPER_ROOT;10972;9;10969;17;;;10984;9;;;;;10978.0;77460.0
-2;977700;ASH_COATED_OSMIUM;9981;22;;;;;10000;11;10002;22;;;9990.5;17248.5
-2;977700;INTARIAN_PEPPER_ROOT;10972;12;10969;22;;;10984;12;10986;22;;;10978.0;77460.0
-2;977800;ASH_COATED_OSMIUM;9994;10;9984;10;;;10000;10;;;;;9997.0;17498.0
-2;977800;INTARIAN_PEPPER_ROOT;10972;11;10969;23;;;10984;11;;;;;10978.0;77460.0
-2;977900;ASH_COATED_OSMIUM;9984;10;9982;28;;;10000;10;;;;;9992.0;17333.0
-2;977900;INTARIAN_PEPPER_ROOT;10972;11;10969;25;;;10984;11;10987;25;;;10978.0;77460.0
-2;978000;ASH_COATED_OSMIUM;9982;28;;;;;10000;12;10003;28;;;9991.0;17300.0
-2;978000;INTARIAN_PEPPER_ROOT;10972;8;10969;22;;;10984;8;10987;22;;;10978.0;77460.0
-2;978100;ASH_COATED_OSMIUM;9984;14;9982;22;;;9994;3;10000;14;10003;22;9989.0;17234.0
-2;978100;INTARIAN_PEPPER_ROOT;10972;9;10969;23;;;10984;9;10987;23;;;10978.0;77460.0
-2;978200;ASH_COATED_OSMIUM;9984;10;9982;27;;;10000;10;;;;;9992.0;17333.0
-2;978200;INTARIAN_PEPPER_ROOT;10972;10;10969;18;;;10984;10;10987;18;;;10978.0;77460.0
-2;978300;ASH_COATED_OSMIUM;9984;10;9982;22;;;10000;10;10003;22;;;9992.0;17333.0
-2;978300;INTARIAN_PEPPER_ROOT;10972;10;10970;16;;;10984;10;10987;16;;;10978.0;77460.0
-2;978400;ASH_COATED_OSMIUM;9982;24;;;;;9990;10;10003;24;;;9986.0;17095.0
-2;978400;INTARIAN_PEPPER_ROOT;10972;12;10970;21;;;10984;12;10987;21;;;10978.0;77460.0
-2;978500;ASH_COATED_OSMIUM;9984;15;;;;;10000;15;10003;21;;;9992.0;17353.0
-2;978500;INTARIAN_PEPPER_ROOT;10973;11;10970;23;;;10984;11;10987;23;;;10978.5;77500.0
-2;978600;ASH_COATED_OSMIUM;9984;15;9981;25;;;10000;15;10002;25;;;9992.0;17353.0
-2;978600;INTARIAN_PEPPER_ROOT;10973;11;;;;;10975;7;10985;11;10987;22;10974.0;77140.0
-2;978700;ASH_COATED_OSMIUM;9984;11;;;;;10000;11;;;;;9992.0;17353.0
-2;978700;INTARIAN_PEPPER_ROOT;10973;12;10970;16;;;10985;12;;;;;10979.0;77540.0
-2;978800;ASH_COATED_OSMIUM;9983;13;;;;;9999;13;10002;30;;;9991.0;17310.0
-2;978800;INTARIAN_PEPPER_ROOT;10973;12;10970;25;;;10985;12;10988;25;;;10979.0;77540.0
-2;978900;ASH_COATED_OSMIUM;9983;10;9981;22;;;9989;7;9999;10;10002;22;9986.0;17074.0
-2;978900;INTARIAN_PEPPER_ROOT;10973;11;10970;22;;;10985;11;10988;22;;;10979.0;77540.0
-2;979000;ASH_COATED_OSMIUM;9983;12;9980;21;;;9999;12;10001;21;;;9991.0;17324.0
-2;979000;INTARIAN_PEPPER_ROOT;10973;10;10970;15;;;10985;10;;;;;10979.0;77540.0
-2;979100;ASH_COATED_OSMIUM;9982;10;9980;20;;;9998;10;10001;20;;;9990.0;17274.0
-2;979100;INTARIAN_PEPPER_ROOT;10973;12;10970;17;;;10985;12;10988;17;;;10979.0;77540.0
-2;979200;ASH_COATED_OSMIUM;9982;12;9980;26;;;9998;12;10001;26;;;9990.0;17274.0
-2;979200;INTARIAN_PEPPER_ROOT;10973;10;10970;25;;;10985;10;10988;25;;;10979.0;77540.0
-2;979300;ASH_COATED_OSMIUM;9987;2;9982;12;;;9998;12;10000;20;;;9992.5;17399.0
-2;979300;INTARIAN_PEPPER_ROOT;10973;10;10971;15;;;10985;10;;;;;10979.0;77540.0
-2;979400;ASH_COATED_OSMIUM;9982;15;;;;;9998;15;10001;21;;;9990.0;17274.0
-2;979400;INTARIAN_PEPPER_ROOT;10973;11;10971;24;;;10985;11;10988;24;;;10979.0;77540.0
-2;979500;ASH_COATED_OSMIUM;9979;24;;;;;9997;12;10000;24;;;9988.0;17174.0
-2;979500;INTARIAN_PEPPER_ROOT;10971;23;;;;;;;;;;;10971.0;76900.0
-2;979600;ASH_COATED_OSMIUM;9980;22;;;;;10001;22;;;;;9990.5;17299.0
-2;979600;INTARIAN_PEPPER_ROOT;10974;8;10971;18;;;10986;8;10988;18;;;10980.0;77620.0
-2;979700;ASH_COATED_OSMIUM;9982;15;9980;26;;;9998;15;10001;26;;;9990.0;17274.0
-2;979700;INTARIAN_PEPPER_ROOT;10971;15;;;;;10986;8;10988;15;;;10978.5;77500.0
-2;979800;ASH_COATED_OSMIUM;9982;15;9980;25;;;9998;15;10001;25;;;9990.0;17274.0
-2;979800;INTARIAN_PEPPER_ROOT;10974;11;10971;23;;;10989;23;;;;;10981.5;77740.0
-2;979900;ASH_COATED_OSMIUM;9983;12;9980;26;;;9999;12;10001;26;;;9991.0;17324.0
-2;979900;INTARIAN_PEPPER_ROOT;10974;8;10971;17;;;10986;8;;;;;10980.0;77620.0
-2;980000;ASH_COATED_OSMIUM;9988;5;9983;10;9980;25;9999;10;10001;25;;;9993.5;17449.0
-2;980000;INTARIAN_PEPPER_ROOT;;;;;;;10989;15;;;;;10989.0;78340.0
-2;980100;ASH_COATED_OSMIUM;9983;15;;;;;10001;20;;;;;9992.0;17374.0
-2;980100;INTARIAN_PEPPER_ROOT;10974;9;10971;19;;;10986;9;;;;;10980.0;77620.0
-2;980200;ASH_COATED_OSMIUM;9983;15;9981;30;;;9999;15;10002;30;;;9991.0;17324.0
-2;980200;INTARIAN_PEPPER_ROOT;10974;11;10971;22;;;10986;11;10989;22;;;10980.0;77620.0
-2;980300;ASH_COATED_OSMIUM;9984;10;9981;24;;;10000;10;10002;24;;;9992.0;17374.0
-2;980300;INTARIAN_PEPPER_ROOT;;;;;;;10986;12;;;;;10986.0;78100.0
-2;980400;ASH_COATED_OSMIUM;9984;14;;;;;10002;20;;;;;9993.0;17424.0
-2;980400;INTARIAN_PEPPER_ROOT;10972;21;;;;;10986;10;10989;21;;;10979.0;77540.0
-2;980500;ASH_COATED_OSMIUM;9984;14;;;;;10000;14;10002;25;;;9992.0;17374.0
-2;980500;INTARIAN_PEPPER_ROOT;10975;12;10972;20;;;10986;12;10989;20;;;10980.5;77660.0
-2;980600;ASH_COATED_OSMIUM;9984;13;9981;20;;;10000;13;10002;20;;;9992.0;17374.0
-2;980600;INTARIAN_PEPPER_ROOT;;;;;;;;;;;;;0.0;-800780.0
-2;980700;ASH_COATED_OSMIUM;9983;11;;;;;9999;11;10002;22;;;9991.0;17324.0
-2;980700;INTARIAN_PEPPER_ROOT;10975;12;10972;21;;;10987;12;;;;;10981.0;77700.0
-2;980800;ASH_COATED_OSMIUM;9981;26;;;;;10000;10;10002;26;;;9990.5;17324.5
-2;980800;INTARIAN_PEPPER_ROOT;10975;10;10972;23;;;10987;10;10990;23;;;10981.0;77700.0
-2;980900;ASH_COATED_OSMIUM;9989;2;9981;27;;;9999;14;10002;27;;;9994.0;17489.0
-2;980900;INTARIAN_PEPPER_ROOT;10975;12;;;;;10987;12;10990;25;;;10981.0;77700.0
-2;981000;ASH_COATED_OSMIUM;9983;14;;;;;9999;14;10002;27;;;9991.0;17348.0
-2;981000;INTARIAN_PEPPER_ROOT;10975;9;10972;25;;;10987;9;10990;25;;;10981.0;77700.0
-2;981100;ASH_COATED_OSMIUM;9984;14;9981;21;;;10000;14;;;;;9992.0;17395.0
-2;981100;INTARIAN_PEPPER_ROOT;10975;12;10972;22;;;10987;12;10990;22;;;10981.0;77700.0
-2;981200;ASH_COATED_OSMIUM;9984;15;9981;29;;;10000;15;;;;;9992.0;17395.0
-2;981200;INTARIAN_PEPPER_ROOT;10972;23;;;;;10987;8;10990;23;;;10979.5;77580.0
-2;981300;ASH_COATED_OSMIUM;9983;14;9981;27;;;9999;14;10002;27;;;9991.0;17348.0
-2;981300;INTARIAN_PEPPER_ROOT;10975;11;10973;19;;;10990;19;;;;;10982.5;77820.0
-2;981400;ASH_COATED_OSMIUM;9989;3;9981;30;;;10002;30;;;;;9995.5;17559.5
-2;981400;INTARIAN_PEPPER_ROOT;10975;10;10973;23;;;10987;10;10990;23;;;10981.0;77700.0
-2;981500;ASH_COATED_OSMIUM;9981;27;;;;;10001;27;;;;;9991.0;17348.0
-2;981500;INTARIAN_PEPPER_ROOT;10976;11;10973;15;;;10987;11;10990;15;;;10981.5;77740.0
-2;981600;ASH_COATED_OSMIUM;9983;13;9981;30;;;9999;13;10002;30;;;9991.0;17348.0
-2;981600;INTARIAN_PEPPER_ROOT;10976;12;10973;22;;;10988;12;10990;22;;;10982.0;77780.0
-2;981700;ASH_COATED_OSMIUM;9980;21;;;;;10001;21;;;;;9990.5;17324.5
-2;981700;INTARIAN_PEPPER_ROOT;10973;16;;;;;10988;9;10990;16;;;10980.5;77660.0
-2;981800;ASH_COATED_OSMIUM;9983;10;9980;20;;;10001;20;;;;;9992.0;17395.0
-2;981800;INTARIAN_PEPPER_ROOT;10976;10;10973;17;;;10983;11;10988;10;10991;17;10979.5;77580.0
-2;981900;ASH_COATED_OSMIUM;9983;15;9980;22;;;9999;15;10001;22;;;9991.0;17348.0
-2;981900;INTARIAN_PEPPER_ROOT;10985;3;10976;12;10973;17;10988;12;10991;17;;;10986.5;78140.0
-2;982000;ASH_COATED_OSMIUM;9982;13;;;;;9998;13;10001;26;;;9990.0;17301.0
-2;982000;INTARIAN_PEPPER_ROOT;10976;11;;;;;10988;11;10991;19;;;10982.0;77780.0
-2;982100;ASH_COATED_OSMIUM;9983;14;9980;24;;;9999;14;10001;24;;;9991.0;17348.0
-2;982100;INTARIAN_PEPPER_ROOT;10976;8;;;;;10988;8;10991;25;;;10982.0;77780.0
-2;982200;ASH_COATED_OSMIUM;9981;28;;;;;9999;15;10002;28;;;9990.0;17301.0
-2;982200;INTARIAN_PEPPER_ROOT;10976;8;10973;15;;;10988;8;10991;15;;;10982.0;77780.0
-2;982300;ASH_COATED_OSMIUM;9983;14;9981;21;;;9999;14;;;;;9991.0;17348.0
-2;982300;INTARIAN_PEPPER_ROOT;10976;10;;;;;10988;10;10991;17;;;10982.0;77780.0
-2;982400;ASH_COATED_OSMIUM;9989;5;9981;29;;;9999;13;10002;29;;;9994.0;17489.0
-2;982400;INTARIAN_PEPPER_ROOT;10976;10;10974;21;;;10988;10;;;;;10982.0;77780.0
-2;982500;ASH_COATED_OSMIUM;9983;14;9981;29;;;9999;14;;;;;9991.0;17348.0
-2;982500;INTARIAN_PEPPER_ROOT;10977;10;10974;24;;;10988;10;10991;24;;;10982.5;77820.0
-2;982600;ASH_COATED_OSMIUM;9983;12;9981;28;;;10001;28;;;;;9992.0;17395.0
-2;982600;INTARIAN_PEPPER_ROOT;10974;23;;;;;10989;8;;;;;10981.5;77740.0
-2;982700;ASH_COATED_OSMIUM;9983;10;9981;30;;;9999;10;10002;30;;;9991.0;17348.0
-2;982700;INTARIAN_PEPPER_ROOT;10977;9;;;;;10989;9;10991;20;;;10983.0;77860.0
-2;982800;ASH_COATED_OSMIUM;9983;15;;;;;9999;15;;;;;9991.0;17348.0
-2;982800;INTARIAN_PEPPER_ROOT;10977;9;;;;;10989;9;10992;19;;;10983.0;77860.0
-2;982900;ASH_COATED_OSMIUM;;;;;;;9999;14;10001;22;;;9999.0;17724.0
-2;982900;INTARIAN_PEPPER_ROOT;10974;19;;;;;10989;11;10992;19;;;10981.5;77740.0
-2;983000;ASH_COATED_OSMIUM;9983;14;;;;;9999;14;10001;24;;;9991.0;17348.0
-2;983000;INTARIAN_PEPPER_ROOT;10977;9;10974;23;;;10989;9;10992;23;;;10983.0;77860.0
-2;983100;ASH_COATED_OSMIUM;9983;11;9980;27;;;9992;3;9999;11;10001;27;9987.5;17183.5
-2;983100;INTARIAN_PEPPER_ROOT;10977;10;;;;;10989;10;10992;19;;;10983.0;77860.0
-2;983200;ASH_COATED_OSMIUM;9983;13;9980;22;;;9992;3;10001;22;;;9987.5;17183.5
-2;983200;INTARIAN_PEPPER_ROOT;10977;11;10974;21;;;10989;11;10992;21;;;10983.0;77860.0
-2;983300;ASH_COATED_OSMIUM;9983;12;9980;27;;;9998;12;10001;27;;;9990.5;17324.5
-2;983300;INTARIAN_PEPPER_ROOT;10975;21;;;;;10989;9;10992;21;;;10982.0;77780.0
-2;983400;ASH_COATED_OSMIUM;9983;11;9981;22;;;9999;11;10002;22;;;9991.0;17348.0
-2;983400;INTARIAN_PEPPER_ROOT;10977;11;10975;21;;;10989;11;;;;;10983.0;77860.0
-2;983500;ASH_COATED_OSMIUM;9983;13;9980;28;;;9999;13;;;;;9991.0;17348.0
-2;983500;INTARIAN_PEPPER_ROOT;10978;8;;;;;;;;;;;10978.0;77460.0
-2;983600;ASH_COATED_OSMIUM;9983;11;9981;22;;;9999;11;10002;22;;;9991.0;17348.0
-2;983600;INTARIAN_PEPPER_ROOT;10978;10;;;;;10992;24;;;;;10985.0;78020.0
-2;983700;ASH_COATED_OSMIUM;9984;14;9981;30;;;10000;14;10002;30;;;9992.0;17395.0
-2;983700;INTARIAN_PEPPER_ROOT;10978;9;10975;19;;;10990;9;10992;19;;;10984.0;77940.0
-2;983800;ASH_COATED_OSMIUM;9985;15;9982;23;;;10001;15;10003;23;;;9993.0;17442.0
-2;983800;INTARIAN_PEPPER_ROOT;10978;10;10975;24;;;10990;10;;;;;10984.0;77940.0
-2;983900;ASH_COATED_OSMIUM;9985;15;9982;26;;;10001;15;10003;26;;;9993.0;17442.0
-2;983900;INTARIAN_PEPPER_ROOT;10975;20;;;;;10990;10;10993;20;;;10982.5;77820.0
-2;984000;ASH_COATED_OSMIUM;9985;12;9982;29;;;10001;12;10003;29;;;9993.0;17442.0
-2;984000;INTARIAN_PEPPER_ROOT;10975;25;;;;;10990;10;10993;25;;;10982.5;77820.0
-2;984100;ASH_COATED_OSMIUM;9985;10;;;;;10001;10;10003;30;;;9993.0;17442.0
-2;984100;INTARIAN_PEPPER_ROOT;10978;9;10975;24;;;10990;9;10993;24;;;10984.0;77940.0
-2;984200;ASH_COATED_OSMIUM;9985;11;9983;21;;;10001;11;10004;21;;;9993.0;17442.0
-2;984200;INTARIAN_PEPPER_ROOT;10975;20;;;;;10990;10;10993;20;;;10982.5;77820.0
-2;984300;ASH_COATED_OSMIUM;9985;11;9983;21;;;10001;11;10004;21;;;9993.0;17442.0
-2;984300;INTARIAN_PEPPER_ROOT;10978;11;10976;15;;;10990;11;10993;15;;;10984.0;77940.0
-2;984400;ASH_COATED_OSMIUM;9985;12;9982;29;;;10001;12;;;;;9993.0;17442.0
-2;984400;INTARIAN_PEPPER_ROOT;10976;21;;;;;10990;10;10993;21;;;10983.0;77860.0
-2;984500;ASH_COATED_OSMIUM;9985;15;9983;25;;;10004;25;;;;;9994.5;17512.5
-2;984500;INTARIAN_PEPPER_ROOT;10976;22;;;;;10990;8;10993;22;;;10983.0;77860.0
-2;984600;ASH_COATED_OSMIUM;9985;10;9983;30;;;10001;10;10004;30;;;9993.0;17442.0
-2;984600;INTARIAN_PEPPER_ROOT;10976;25;;;;;10991;8;10993;25;;;10983.5;77900.0
-2;984700;ASH_COATED_OSMIUM;9985;14;9983;23;;;10001;14;10004;23;;;9993.0;17442.0
-2;984700;INTARIAN_PEPPER_ROOT;10979;9;10976;19;;;10993;19;;;;;10986.0;78100.0
-2;984800;ASH_COATED_OSMIUM;9985;13;9982;22;;;10001;13;10003;22;;;9993.0;17442.0
-2;984800;INTARIAN_PEPPER_ROOT;10979;9;10976;24;;;10991;9;10994;24;;;10985.0;78020.0
-2;984900;ASH_COATED_OSMIUM;9982;28;;;;;10001;15;10003;28;;;9991.5;17371.5
-2;984900;INTARIAN_PEPPER_ROOT;10979;12;10976;17;;;10991;12;10994;17;;;10985.0;78020.0
-2;985000;ASH_COATED_OSMIUM;9984;14;9982;28;;;10000;14;10003;28;;;9992.0;17395.0
-2;985000;INTARIAN_PEPPER_ROOT;10979;8;10976;24;;;10991;8;10994;24;;;10985.0;78020.0
-2;985100;ASH_COATED_OSMIUM;;;;;;;10001;12;10003;23;;;10001.0;17818.0
-2;985100;INTARIAN_PEPPER_ROOT;10979;11;;;;;;;;;;;10979.0;77540.0
-2;985200;ASH_COATED_OSMIUM;9985;12;9983;29;;;10001;12;10003;29;;;9993.0;17442.0
-2;985200;INTARIAN_PEPPER_ROOT;10979;10;10976;20;;;10994;20;;;;;10986.5;78140.0
-2;985300;ASH_COATED_OSMIUM;9984;15;;;;;10000;15;10003;27;;;9992.0;17395.0
-2;985300;INTARIAN_PEPPER_ROOT;10979;8;10977;21;;;10991;8;;;;;10985.0;78020.0
-2;985400;ASH_COATED_OSMIUM;9984;12;9982;22;;;10000;12;10003;22;;;9992.0;17395.0
-2;985400;INTARIAN_PEPPER_ROOT;10979;8;10977;23;;;10994;23;;;;;10986.5;78140.0
-2;985500;ASH_COATED_OSMIUM;9984;11;9982;21;;;10000;11;10003;21;;;9992.0;17395.0
-2;985500;INTARIAN_PEPPER_ROOT;;;;;;;10991;10;;;;;10991.0;78500.0
-2;985600;ASH_COATED_OSMIUM;9984;12;9982;23;;;10000;12;10003;23;;;9992.0;17395.0
-2;985600;INTARIAN_PEPPER_ROOT;10980;10;10977;24;;;10994;24;;;;;10987.0;78180.0
-2;985700;ASH_COATED_OSMIUM;9984;15;9982;21;;;10000;15;10003;21;;;9992.0;17395.0
-2;985700;INTARIAN_PEPPER_ROOT;10980;11;10977;25;;;10992;11;10994;25;;;10986.0;78100.0
-2;985800;ASH_COATED_OSMIUM;9985;10;9982;20;;;10001;10;10003;20;;;9993.0;17442.0
-2;985800;INTARIAN_PEPPER_ROOT;10980;8;;;;;10995;25;;;;;10987.5;78220.0
-2;985900;ASH_COATED_OSMIUM;9985;14;9982;30;;;10001;14;10003;30;;;9993.0;17442.0
-2;985900;INTARIAN_PEPPER_ROOT;;;;;;;10992;11;10995;16;;;10992.0;78580.0
-2;986000;ASH_COATED_OSMIUM;9984;13;;;;;10003;29;;;;;9993.5;17465.5
-2;986000;INTARIAN_PEPPER_ROOT;;;;;;;10995;18;;;;;10995.0;78820.0
-2;986100;ASH_COATED_OSMIUM;9984;11;9982;26;;;10000;11;10003;26;;;9992.0;17395.0
-2;986100;INTARIAN_PEPPER_ROOT;10980;10;10977;23;;;10992;10;10995;23;;;10986.0;78100.0
-2;986200;ASH_COATED_OSMIUM;9984;13;;;;;10000;13;10002;21;;;9992.0;17395.0
-2;986200;INTARIAN_PEPPER_ROOT;10980;12;10977;17;;;10992;12;10995;17;;;10986.0;78100.0
-2;986300;ASH_COATED_OSMIUM;9984;10;9981;20;;;10000;10;10002;20;;;9992.0;17395.0
-2;986300;INTARIAN_PEPPER_ROOT;10980;12;;;;;10992;12;10995;23;;;10986.0;78100.0
-2;986400;ASH_COATED_OSMIUM;9984;10;9981;30;;;9993;3;10002;30;;;9988.5;17230.5
-2;986400;INTARIAN_PEPPER_ROOT;10980;10;10978;18;;;10992;10;10995;18;;;10986.0;78100.0
-2;986500;ASH_COATED_OSMIUM;;;;;;;10000;15;;;;;10000.0;17771.0
-2;986500;INTARIAN_PEPPER_ROOT;10978;18;;;;;10992;8;10995;18;;;10985.0;78020.0
-2;986600;ASH_COATED_OSMIUM;9984;13;;;;;10003;27;;;;;9993.5;17465.5
-2;986600;INTARIAN_PEPPER_ROOT;10981;10;;;;;10993;10;10995;18;;;10987.0;78180.0
-2;986700;ASH_COATED_OSMIUM;9982;21;;;;;10001;15;10003;21;;;9991.5;17371.5
-2;986700;INTARIAN_PEPPER_ROOT;10978;25;;;;;10993;11;;;;;10985.5;78060.0
-2;986800;ASH_COATED_OSMIUM;9985;12;9983;23;;;10001;12;10004;23;;;9993.0;17442.0
-2;986800;INTARIAN_PEPPER_ROOT;10981;11;10978;17;;;10993;11;;;;;10987.0;78180.0
-2;986900;ASH_COATED_OSMIUM;9985;12;9983;29;;;10001;12;10004;29;;;9993.0;17442.0
-2;986900;INTARIAN_PEPPER_ROOT;10981;11;;;;;10993;11;10996;18;;;10987.0;78180.0
-2;987000;ASH_COATED_OSMIUM;9983;21;;;;;10004;21;;;;;9993.5;17465.5
-2;987000;INTARIAN_PEPPER_ROOT;10978;23;;;;;10996;23;;;;;10987.0;78180.0
-2;987100;ASH_COATED_OSMIUM;;;;;;;10001;13;;;;;10001.0;17818.0
-2;987100;INTARIAN_PEPPER_ROOT;10978;16;;;;;10993;8;;;;;10985.5;78060.0
-2;987200;ASH_COATED_OSMIUM;9985;11;9983;28;;;10001;11;10004;28;;;9993.0;17442.0
-2;987200;INTARIAN_PEPPER_ROOT;10978;19;;;;;10993;10;;;;;10985.5;78060.0
-2;987300;ASH_COATED_OSMIUM;9985;12;9983;28;;;10001;12;10004;28;;;9993.0;17442.0
-2;987300;INTARIAN_PEPPER_ROOT;10981;8;10979;25;;;10993;8;;;;;10987.0;78180.0
-2;987400;ASH_COATED_OSMIUM;9985;13;;;;;10001;13;;;;;9993.0;17442.0
-2;987400;INTARIAN_PEPPER_ROOT;10981;11;10979;23;;;10993;11;10996;23;;;10987.0;78180.0
-2;987500;ASH_COATED_OSMIUM;9985;12;9982;22;;;10001;12;;;;;9993.0;17442.0
-2;987500;INTARIAN_PEPPER_ROOT;10982;11;10979;23;;;10993;11;10996;23;;;10987.5;78220.0
-2;987600;ASH_COATED_OSMIUM;9985;11;;;;;10001;11;10004;26;;;9993.0;17442.0
-2;987600;INTARIAN_PEPPER_ROOT;10982;12;10979;15;;;10994;12;;;;;10988.0;78260.0
-2;987700;ASH_COATED_OSMIUM;9985;11;;;;;10001;11;10004;24;;;9993.0;17442.0
-2;987700;INTARIAN_PEPPER_ROOT;10979;21;;;;;10994;11;;;;;10986.5;78140.0
-2;987800;ASH_COATED_OSMIUM;9990;4;9985;10;9982;28;10001;10;10003;28;;;9995.5;17559.5
-2;987800;INTARIAN_PEPPER_ROOT;10982;12;10979;20;;;10994;12;10997;20;;;10988.0;78260.0
-2;987900;ASH_COATED_OSMIUM;9984;12;9982;30;;;10000;12;10003;30;;;9992.0;17395.0
-2;987900;INTARIAN_PEPPER_ROOT;10979;16;;;;;10994;8;;;;;10986.5;78140.0
-2;988000;ASH_COATED_OSMIUM;9981;29;;;;;9999;13;10002;29;;;9990.0;17333.0
-2;988000;INTARIAN_PEPPER_ROOT;10982;9;10979;18;;;10994;9;10997;18;;;10988.0;78260.0
-2;988100;ASH_COATED_OSMIUM;9980;23;;;;;9999;13;10001;23;;;9989.5;17307.5
-2;988100;INTARIAN_PEPPER_ROOT;10979;22;;;;;10994;12;10997;22;;;10986.5;78140.0
-2;988200;ASH_COATED_OSMIUM;9983;12;9980;26;;;9999;12;10001;26;;;9991.0;17384.0
-2;988200;INTARIAN_PEPPER_ROOT;;;;;;;10994;9;10997;21;;;10994.0;78740.0
-2;988300;ASH_COATED_OSMIUM;9982;13;9980;28;;;;;;;;;9982.0;16925.0
-2;988300;INTARIAN_PEPPER_ROOT;10982;9;10980;15;;;10994;9;10997;15;;;10988.0;78260.0
-2;988400;ASH_COATED_OSMIUM;9982;15;;;;;9998;15;10001;23;;;9990.0;17333.0
-2;988400;INTARIAN_PEPPER_ROOT;10982;8;10980;24;;;10994;8;10997;24;;;10988.0;78260.0
-2;988500;ASH_COATED_OSMIUM;9982;15;9980;21;;;9988;7;10001;21;;;9985.0;17057.0
-2;988500;INTARIAN_PEPPER_ROOT;10983;12;10980;21;;;10997;21;;;;;10990.0;78420.0
-2;988600;ASH_COATED_OSMIUM;9982;15;9980;25;;;9998;15;10001;25;;;9990.0;17347.0
-2;988600;INTARIAN_PEPPER_ROOT;10983;9;10980;22;;;10995;9;10997;22;;;10989.0;78340.0
-2;988700;ASH_COATED_OSMIUM;9980;26;;;;;9999;15;10001;26;;;9989.5;17318.0
-2;988700;INTARIAN_PEPPER_ROOT;10983;11;10980;23;;;10997;23;;;;;10990.0;78420.0
-2;988800;ASH_COATED_OSMIUM;9983;12;9980;22;;;9999;12;;;;;9991.0;17405.0
-2;988800;INTARIAN_PEPPER_ROOT;10983;11;10980;16;;;10995;11;10998;16;;;10989.0;78340.0
-2;988900;ASH_COATED_OSMIUM;9988;5;9980;20;;;9998;10;;;;;9993.0;17521.0
-2;988900;INTARIAN_PEPPER_ROOT;10983;9;10980;23;;;10998;23;;;;;10990.5;78460.0
-2;989000;ASH_COATED_OSMIUM;9982;12;9980;27;;;9998;12;10001;27;;;9990.0;17347.0
-2;989000;INTARIAN_PEPPER_ROOT;10983;10;10980;24;;;10998;24;;;;;10990.5;78460.0
-2;989100;ASH_COATED_OSMIUM;9982;10;;;;;9998;10;10001;27;;;9990.0;17347.0
-2;989100;INTARIAN_PEPPER_ROOT;10980;21;;;;;10995;11;10998;21;;;10987.5;78220.0
-2;989200;ASH_COATED_OSMIUM;9982;13;;;;;9998;13;10001;27;;;9990.0;17347.0
-2;989200;INTARIAN_PEPPER_ROOT;10983;11;;;;;10995;11;10998;19;;;10989.0;78340.0
-2;989300;ASH_COATED_OSMIUM;9982;10;9980;21;;;9988;8;9998;10;10001;21;9985.0;17033.0
-2;989300;INTARIAN_PEPPER_ROOT;10981;19;;;;;10995;10;10998;19;;;10988.0;78260.0
-2;989400;ASH_COATED_OSMIUM;9983;10;9980;29;;;10001;29;;;;;9992.0;17495.0
-2;989400;INTARIAN_PEPPER_ROOT;10981;21;;;;;10995;9;10998;21;;;10988.0;78260.0
-2;989500;ASH_COATED_OSMIUM;9980;27;;;;;9999;10;10001;27;;;9989.5;17330.0
-2;989500;INTARIAN_PEPPER_ROOT;10984;12;;;;;10998;21;;;;;10991.0;78500.0
-2;989600;ASH_COATED_OSMIUM;9983;15;9981;29;;;9999;15;10001;29;;;9991.0;17429.0
-2;989600;INTARIAN_PEPPER_ROOT;10981;21;;;;;10996;9;10998;21;;;10988.5;78300.0
-2;989700;ASH_COATED_OSMIUM;9983;13;9980;30;;;10001;30;;;;;9992.0;17495.0
-2;989700;INTARIAN_PEPPER_ROOT;10984;9;10981;25;;;10996;9;;;;;10990.0;78420.0
-2;989800;ASH_COATED_OSMIUM;9982;15;9980;25;;;9998;15;10001;25;;;9990.0;17363.0
-2;989800;INTARIAN_PEPPER_ROOT;10984;10;10981;16;;;10996;10;10999;16;;;10990.0;78420.0
-2;989900;ASH_COATED_OSMIUM;9982;12;;;;;9998;12;10001;23;;;9990.0;17363.0
-2;989900;INTARIAN_PEPPER_ROOT;10984;9;10981;22;;;10996;9;10999;22;;;10990.0;78420.0
-2;990000;ASH_COATED_OSMIUM;9982;11;9980;21;;;9988;4;9998;11;10001;21;9985.0;17021.0
-2;990000;INTARIAN_PEPPER_ROOT;10984;9;10981;15;;;10999;15;;;;;10991.5;78540.0
-2;990100;ASH_COATED_OSMIUM;9982;10;9979;24;;;9998;10;10000;24;;;9990.0;17371.0
-2;990100;INTARIAN_PEPPER_ROOT;10984;11;10981;19;;;10996;11;10999;19;;;10990.0;78420.0
-2;990200;ASH_COATED_OSMIUM;9982;14;9979;26;;;9998;14;10000;26;;;9990.0;17371.0
-2;990200;INTARIAN_PEPPER_ROOT;10984;11;;;;;10996;11;10999;18;;;10990.0;78420.0
-2;990300;ASH_COATED_OSMIUM;9981;15;9979;30;;;10000;30;;;;;9990.5;17406.0
-2;990300;INTARIAN_PEPPER_ROOT;10984;12;10982;23;;;10996;12;;;;;10990.0;78420.0
-2;990400;ASH_COATED_OSMIUM;9982;12;9979;28;;;9997;12;10000;28;;;9989.5;17336.0
-2;990400;INTARIAN_PEPPER_ROOT;10982;17;;;;;10996;10;10999;17;;;10989.0;78340.0
-2;990500;ASH_COATED_OSMIUM;9982;11;9979;30;;;9991;5;9998;11;;;9986.5;17126.0
-2;990500;INTARIAN_PEPPER_ROOT;10985;9;;;;;10996;9;;;;;10990.5;78460.0
-2;990600;ASH_COATED_OSMIUM;9982;14;9980;26;;;9998;14;10001;26;;;9990.0;17371.0
-2;990600;INTARIAN_PEPPER_ROOT;10985;8;10982;18;;;10997;8;10999;18;;;10991.0;78500.0
-2;990700;ASH_COATED_OSMIUM;9982;12;;;;;9998;12;10001;25;;;9990.0;17371.0
-2;990700;INTARIAN_PEPPER_ROOT;10985;12;10982;25;;;10997;12;;;;;10991.0;78500.0
-2;990800;ASH_COATED_OSMIUM;9982;13;;;;;9998;13;10001;25;;;9990.0;17371.0
-2;990800;INTARIAN_PEPPER_ROOT;10985;11;10982;15;;;10997;11;;;;;10991.0;78500.0
-2;990900;ASH_COATED_OSMIUM;9983;14;9980;28;;;10001;28;;;;;9992.0;17511.0
-2;990900;INTARIAN_PEPPER_ROOT;10985;10;10982;15;;;10997;10;11000;15;;;10991.0;78500.0
-2;991000;ASH_COATED_OSMIUM;9983;14;9980;26;;;9999;14;10001;26;;;9991.0;17441.0
-2;991000;INTARIAN_PEPPER_ROOT;10982;16;;;;;10997;12;;;;;10989.5;78380.0
-2;991100;ASH_COATED_OSMIUM;9983;12;9980;22;;;9999;12;10001;22;;;9991.0;17441.0
-2;991100;INTARIAN_PEPPER_ROOT;10985;9;10982;25;;;10997;9;11000;25;;;10991.0;78500.0
-2;991200;ASH_COATED_OSMIUM;9983;13;9980;21;;;9999;13;;;;;9991.0;17441.0
-2;991200;INTARIAN_PEPPER_ROOT;10985;8;;;;;10997;8;;;;;10991.0;78500.0
-2;991300;ASH_COATED_OSMIUM;9983;10;9980;24;;;9999;10;10001;24;;;9991.0;17441.0
-2;991300;INTARIAN_PEPPER_ROOT;10985;8;10983;23;;;10997;8;11000;23;;;10991.0;78500.0
-2;991400;ASH_COATED_OSMIUM;9983;10;;;;;9999;10;10002;22;;;9991.0;17441.0
-2;991400;INTARIAN_PEPPER_ROOT;10985;9;10983;25;;;10997;9;11000;25;;;10991.0;78500.0
-2;991500;ASH_COATED_OSMIUM;9983;11;9980;20;;;9999;11;10001;20;;;9991.0;17441.0
-2;991500;INTARIAN_PEPPER_ROOT;10983;15;;;;;10997;11;11000;15;;;10990.0;78420.0
-2;991600;ASH_COATED_OSMIUM;9981;23;;;;;9999;11;10002;23;;;9990.0;17371.0
-2;991600;INTARIAN_PEPPER_ROOT;10986;12;;;;;10998;12;11000;15;;;10992.0;78580.0
-2;991700;ASH_COATED_OSMIUM;9981;23;;;;;10002;23;;;;;9991.5;17476.0
-2;991700;INTARIAN_PEPPER_ROOT;10986;10;10983;21;;;11000;21;;;;;10993.0;78660.0
-2;991800;ASH_COATED_OSMIUM;9983;13;;;;;9999;13;10001;25;;;9991.0;17441.0
-2;991800;INTARIAN_PEPPER_ROOT;10986;9;10983;18;;;10998;9;11001;18;;;10992.0;78580.0
-2;991900;ASH_COATED_OSMIUM;;;;;;;9999;14;10001;25;;;9999.0;18001.0
-2;991900;INTARIAN_PEPPER_ROOT;10986;8;10983;25;;;10998;8;;;;;10992.0;78580.0
-2;992000;ASH_COATED_OSMIUM;9983;14;;;;;9999;14;;;;;9991.0;17469.0
-2;992000;INTARIAN_PEPPER_ROOT;10986;8;;;;;10998;8;11001;21;;;10992.0;78580.0
-2;992100;ASH_COATED_OSMIUM;9984;11;;;;;10000;11;10002;28;;;9992.0;17543.0
-2;992100;INTARIAN_PEPPER_ROOT;10986;11;10983;25;;;11001;25;;;;;10993.5;78700.0
-2;992200;ASH_COATED_OSMIUM;9985;14;9983;25;;;10001;14;10004;25;;;9993.0;17617.0
-2;992200;INTARIAN_PEPPER_ROOT;10986;10;10983;22;;;10998;10;11001;22;;;10992.0;78580.0
-2;992300;ASH_COATED_OSMIUM;9985;10;9982;29;;;10001;10;10003;29;;;9993.0;17617.0
-2;992300;INTARIAN_PEPPER_ROOT;10986;9;10984;16;;;10998;9;11001;16;;;10992.0;78580.0
-2;992400;ASH_COATED_OSMIUM;9985;13;9982;21;;;10001;13;10003;21;;;9993.0;17617.0
-2;992400;INTARIAN_PEPPER_ROOT;10984;23;;;;;10998;12;;;;;10991.0;78500.0
-2;992500;ASH_COATED_OSMIUM;9985;13;9982;21;;;10001;13;10003;21;;;9993.0;17617.0
-2;992500;INTARIAN_PEPPER_ROOT;;;;;;;11001;22;;;;;11001.0;79300.0
-2;992600;ASH_COATED_OSMIUM;9984;13;;;;;10000;13;10003;26;;;9992.0;17543.0
-2;992600;INTARIAN_PEPPER_ROOT;10984;17;;;;;10999;10;11001;17;;;10991.5;78540.0
-2;992700;ASH_COATED_OSMIUM;9984;11;9982;24;;;10003;24;;;;;9993.5;17654.0
-2;992700;INTARIAN_PEPPER_ROOT;;;;;;;10999;8;11001;24;;;10999.0;79140.0
-2;992800;ASH_COATED_OSMIUM;9985;11;9982;26;;;10001;11;10003;26;;;9993.0;17617.0
-2;992800;INTARIAN_PEPPER_ROOT;10987;10;10984;20;;;11002;20;;;;;10994.5;78780.0
-2;992900;ASH_COATED_OSMIUM;9985;15;9982;29;;;10001;15;10003;29;;;9993.0;17617.0
-2;992900;INTARIAN_PEPPER_ROOT;10987;8;10984;21;;;10999;8;11002;21;;;10993.0;78660.0
-2;993000;ASH_COATED_OSMIUM;9985;15;9982;24;;;10001;15;10003;24;;;9993.0;17617.0
-2;993000;INTARIAN_PEPPER_ROOT;10987;12;;;;;10999;12;;;;;10993.0;78660.0
-2;993100;ASH_COATED_OSMIUM;9984;15;9982;27;;;10000;15;;;;;9992.0;17543.0
-2;993100;INTARIAN_PEPPER_ROOT;10987;8;10984;25;;;10999;8;11002;25;;;10993.0;78660.0
-2;993200;ASH_COATED_OSMIUM;9984;14;;;;;10000;14;10003;22;;;9992.0;17543.0
-2;993200;INTARIAN_PEPPER_ROOT;10987;12;10984;16;;;10999;12;11002;16;;;10993.0;78660.0
-2;993300;ASH_COATED_OSMIUM;9985;15;9982;29;;;9994;3;10001;15;10003;29;9989.5;17358.0
-2;993300;INTARIAN_PEPPER_ROOT;10987;11;10985;19;;;11002;19;;;;;10994.5;78780.0
-2;993400;ASH_COATED_OSMIUM;9985;13;9982;25;;;10001;13;10003;25;;;9993.0;17617.0
-2;993400;INTARIAN_PEPPER_ROOT;10985;15;;;;;11002;15;;;;;10993.5;78700.0
-2;993500;ASH_COATED_OSMIUM;9985;14;9982;30;;;10001;14;10003;30;;;9993.0;17617.0
-2;993500;INTARIAN_PEPPER_ROOT;10988;10;10985;19;;;10995;10;10999;10;11002;19;10991.5;78540.0
-2;993600;ASH_COATED_OSMIUM;9985;13;9982;25;;;10001;13;10003;25;;;9993.0;17617.0
-2;993600;INTARIAN_PEPPER_ROOT;10988;12;;;;;11000;12;11002;19;;;10994.0;78740.0
-2;993700;ASH_COATED_OSMIUM;9985;10;9982;20;;;10001;10;;;;;9993.0;17617.0
-2;993700;INTARIAN_PEPPER_ROOT;10988;12;;;;;11000;12;11002;21;;;10994.0;78740.0
-2;993800;ASH_COATED_OSMIUM;9985;14;9982;21;;;9990;10;10003;21;;;9987.5;17195.0
-2;993800;INTARIAN_PEPPER_ROOT;10988;11;10985;21;;;11000;11;11003;21;;;10994.0;78740.0
-2;993900;ASH_COATED_OSMIUM;9991;5;9985;15;9983;30;10001;15;;;;;9996.0;17875.0
-2;993900;INTARIAN_PEPPER_ROOT;10988;9;10985;21;;;11003;21;;;;;10995.5;78860.0
-2;994000;ASH_COATED_OSMIUM;9985;11;9983;27;;;10004;27;;;;;9994.5;17755.0
-2;994000;INTARIAN_PEPPER_ROOT;10988;12;10985;25;;;11003;25;;;;;10995.5;78860.0
-2;994100;ASH_COATED_OSMIUM;9985;15;9983;21;;;10004;21;;;;;9994.5;17755.0
-2;994100;INTARIAN_PEPPER_ROOT;10988;8;;;;;10996;7;11000;8;11003;17;10992.0;78580.0
-2;994200;ASH_COATED_OSMIUM;9986;15;9983;20;;;10002;15;10004;20;;;9994.0;17729.0
-2;994200;INTARIAN_PEPPER_ROOT;10988;11;;;;;11000;11;11003;16;;;10994.0;78740.0
-2;994300;ASH_COATED_OSMIUM;9986;15;9983;21;;;10002;15;10004;21;;;9994.0;17729.0
-2;994300;INTARIAN_PEPPER_ROOT;10988;11;10986;24;;;11003;24;;;;;10995.5;78860.0
-2;994400;ASH_COATED_OSMIUM;9983;23;;;;;10002;10;10004;23;;;9992.5;17612.0
-2;994400;INTARIAN_PEPPER_ROOT;10988;11;10986;21;;;11000;11;11003;21;;;10994.0;78740.0
-2;994500;ASH_COATED_OSMIUM;9986;15;9983;29;;;10002;15;10004;29;;;9994.0;17729.0
-2;994500;INTARIAN_PEPPER_ROOT;10989;12;10986;15;;;11000;12;11003;15;;;10994.5;78780.0
-2;994600;ASH_COATED_OSMIUM;9985;14;9983;28;;;9991;6;10001;14;10004;28;9988.0;17255.0
-2;994600;INTARIAN_PEPPER_ROOT;10989;8;10986;16;;;11001;8;11003;16;;;10995.0;78820.0
-2;994700;ASH_COATED_OSMIUM;9985;11;9982;29;;;10001;11;10003;29;;;9993.0;17655.0
-2;994700;INTARIAN_PEPPER_ROOT;10989;10;10986;16;;;11001;10;11003;16;;;10995.0;78820.0
-2;994800;ASH_COATED_OSMIUM;9985;11;9983;27;;;10001;11;10004;27;;;9993.0;17655.0
-2;994800;INTARIAN_PEPPER_ROOT;10989;9;10986;19;;;11001;9;11004;19;;;10995.0;78820.0
-2;994900;ASH_COATED_OSMIUM;9985;11;;;;;10001;11;10003;20;;;9993.0;17655.0
-2;994900;INTARIAN_PEPPER_ROOT;10989;8;10986;22;;;11001;8;11004;22;;;10995.0;78820.0
-2;995000;ASH_COATED_OSMIUM;9985;15;9983;23;;;10001;15;10003;23;;;9993.0;17655.0
-2;995000;INTARIAN_PEPPER_ROOT;10989;11;10986;21;;;11001;11;11004;21;;;10995.0;78820.0
-2;995100;ASH_COATED_OSMIUM;9982;30;;;;;10001;13;10003;30;;;9991.5;17535.0
-2;995100;INTARIAN_PEPPER_ROOT;10989;8;;;;;;;;;;;10989.0;78340.0
-2;995200;ASH_COATED_OSMIUM;9985;12;9982;25;;;10003;25;;;;;9994.0;17735.0
-2;995200;INTARIAN_PEPPER_ROOT;10989;11;;;;;11001;11;11004;23;;;10995.0;78820.0
-2;995300;ASH_COATED_OSMIUM;9985;13;;;;;10001;13;10003;24;;;9993.0;17697.0
-2;995300;INTARIAN_PEPPER_ROOT;10987;16;;;;;11001;8;11004;16;;;10994.0;78740.0
-2;995400;ASH_COATED_OSMIUM;9984;12;9982;26;;;10000;12;;;;;9992.0;17623.0
-2;995400;INTARIAN_PEPPER_ROOT;10989;9;10987;18;;;11001;9;11004;18;;;10995.0;78820.0
-2;995500;ASH_COATED_OSMIUM;9984;12;;;;;10000;12;10003;25;;;9992.0;17623.0
-2;995500;INTARIAN_PEPPER_ROOT;10987;15;;;;;;;;;;;10987.0;78180.0
-2;995600;ASH_COATED_OSMIUM;9981;25;;;;;10000;10;;;;;9990.5;17512.0
-2;995600;INTARIAN_PEPPER_ROOT;10990;8;10987;22;;;11002;8;;;;;10996.0;78900.0
-2;995700;ASH_COATED_OSMIUM;9994;10;9984;11;;;10000;11;10003;21;;;9997.0;17963.0
-2;995700;INTARIAN_PEPPER_ROOT;10990;9;10987;18;;;11002;9;11004;18;;;10996.0;78900.0
-2;995800;ASH_COATED_OSMIUM;9984;14;9981;25;;;10000;14;10002;25;;;9992.0;17643.0
-2;995800;INTARIAN_PEPPER_ROOT;10990;9;10987;21;;;11002;9;11005;21;;;10996.0;78900.0
-2;995900;ASH_COATED_OSMIUM;9984;15;9982;25;;;10000;15;10003;25;;;9992.0;17643.0
-2;995900;INTARIAN_PEPPER_ROOT;10987;22;;;;;11002;8;11005;22;;;10994.5;78780.0
-2;996000;ASH_COATED_OSMIUM;9984;12;;;;;10000;12;;;;;9992.0;17643.0
-2;996000;INTARIAN_PEPPER_ROOT;10993;8;10990;11;10987;24;11002;11;;;;;10997.5;79020.0
-2;996100;ASH_COATED_OSMIUM;9985;11;9982;24;;;10001;11;;;;;9993.0;17707.0
-2;996100;INTARIAN_PEPPER_ROOT;10990;10;10987;25;;;11002;10;11005;25;;;10996.0;78900.0
-2;996200;ASH_COATED_OSMIUM;9985;10;;;;;10001;10;;;;;9993.0;17707.0
-2;996200;INTARIAN_PEPPER_ROOT;10987;25;;;;;11002;11;11005;25;;;10994.5;78780.0
-2;996300;ASH_COATED_OSMIUM;9985;11;9982;24;;;10001;11;10003;24;;;9993.0;17707.0
-2;996300;INTARIAN_PEPPER_ROOT;10990;8;;;;;11002;8;;;;;10996.0;78900.0
-2;996400;ASH_COATED_OSMIUM;9984;11;9982;24;;;10003;24;;;;;9993.5;17739.0
-2;996400;INTARIAN_PEPPER_ROOT;10990;12;10988;25;;;11005;25;;;;;10997.5;79020.0
-2;996500;ASH_COATED_OSMIUM;9981;22;;;;;9999;13;10002;22;;;9990.0;17515.0
-2;996500;INTARIAN_PEPPER_ROOT;10991;8;10988;24;;;11002;8;11005;24;;;10996.5;78940.0
-2;996600;ASH_COATED_OSMIUM;9981;24;;;;;10000;11;10002;24;;;9990.5;17547.0
-2;996600;INTARIAN_PEPPER_ROOT;;;;;;;11003;8;;;;;11003.0;79460.0
-2;996700;ASH_COATED_OSMIUM;9984;10;9981;23;;;10000;10;10002;23;;;9992.0;17643.0
-2;996700;INTARIAN_PEPPER_ROOT;10988;22;;;;;11003;10;11005;22;;;10995.5;78860.0
-2;996800;ASH_COATED_OSMIUM;9984;11;9982;29;;;10003;29;;;;;9993.5;17739.0
-2;996800;INTARIAN_PEPPER_ROOT;10991;10;10988;25;;;11003;10;11006;25;;;10997.0;78980.0
-2;996900;ASH_COATED_OSMIUM;9984;12;9982;24;;;10000;12;10003;24;;;9992.0;17643.0
-2;996900;INTARIAN_PEPPER_ROOT;10991;9;;;;;11003;9;11006;23;;;10997.0;78980.0
-2;997000;ASH_COATED_OSMIUM;;;;;;;10000;14;10002;24;;;10000.0;18155.0
-2;997000;INTARIAN_PEPPER_ROOT;10991;11;10988;22;;;11003;11;;;;;10997.0;78980.0
-2;997100;ASH_COATED_OSMIUM;;;;;;;9999;15;10002;21;;;9999.0;18091.0
-2;997100;INTARIAN_PEPPER_ROOT;10991;9;10988;20;;;11003;9;11006;20;;;10997.0;78980.0
-2;997200;ASH_COATED_OSMIUM;9983;15;9981;27;;;;;;;;;9983.0;17067.0
-2;997200;INTARIAN_PEPPER_ROOT;10991;8;10988;24;;;;;;;;;10991.0;78500.0
-2;997300;ASH_COATED_OSMIUM;9983;12;9981;25;;;9999;12;10002;25;;;9991.0;17579.0
-2;997300;INTARIAN_PEPPER_ROOT;10991;8;10989;22;;;11006;22;;;;;10998.5;79100.0
-2;997400;ASH_COATED_OSMIUM;9981;20;;;;;9999;12;10002;20;;;9990.0;17515.0
-2;997400;INTARIAN_PEPPER_ROOT;10991;9;10989;19;;;11003;9;11006;19;;;10997.0;78980.0
-2;997500;ASH_COATED_OSMIUM;9984;13;9981;24;;;10000;13;;;;;9992.0;17643.0
-2;997500;INTARIAN_PEPPER_ROOT;10992;11;10989;24;;;11003;11;11006;24;;;10997.5;79020.0
-2;997600;ASH_COATED_OSMIUM;9983;10;;;;;9999;10;10002;29;;;9991.0;17579.0
-2;997600;INTARIAN_PEPPER_ROOT;10992;10;10989;23;;;11004;10;11006;23;;;10998.0;79060.0
-2;997700;ASH_COATED_OSMIUM;9983;15;9981;24;;;9999;15;;;;;9991.0;17579.0
-2;997700;INTARIAN_PEPPER_ROOT;10992;11;10989;25;;;11006;25;;;;;10999.0;79140.0
-2;997800;ASH_COATED_OSMIUM;9981;28;;;;;9999;10;10002;28;;;9990.0;17515.0
-2;997800;INTARIAN_PEPPER_ROOT;10992;10;10989;20;;;11007;20;;;;;10999.5;79180.0
-2;997900;ASH_COATED_OSMIUM;9983;11;9981;20;;;;;;;;;9983.0;17067.0
-2;997900;INTARIAN_PEPPER_ROOT;10992;8;10989;19;;;11004;8;11007;19;;;10998.0;79060.0
-2;998000;ASH_COATED_OSMIUM;9983;12;9981;24;;;9999;12;10002;24;;;9991.0;17579.0
-2;998000;INTARIAN_PEPPER_ROOT;10992;9;10989;21;;;11004;9;11007;21;;;10998.0;79060.0
-2;998100;ASH_COATED_OSMIUM;9983;10;9980;21;;;9999;10;;;;;9991.0;17579.0
-2;998100;INTARIAN_PEPPER_ROOT;10992;12;10989;25;;;11004;12;;;;;10998.0;79060.0
-2;998200;ASH_COATED_OSMIUM;9980;21;;;;;9999;13;;;;;9989.5;17483.0
-2;998200;INTARIAN_PEPPER_ROOT;10992;9;10989;17;;;11004;9;;;;;10998.0;79060.0
-2;998300;ASH_COATED_OSMIUM;9980;23;;;;;9999;12;10001;23;;;9989.5;17483.0
-2;998300;INTARIAN_PEPPER_ROOT;10992;11;10990;16;;;11004;11;11007;16;;;10998.0;79060.0
-2;998400;ASH_COATED_OSMIUM;9982;13;;;;;9998;13;10001;20;;;9990.0;17515.0
-2;998400;INTARIAN_PEPPER_ROOT;10992;9;10990;24;;;11004;9;11007;24;;;10998.0;79060.0
-2;998500;ASH_COATED_OSMIUM;9980;23;;;;;10000;23;;;;;9990.0;17515.0
-2;998500;INTARIAN_PEPPER_ROOT;10993;10;10990;18;;;11004;10;;;;;10998.5;79100.0
-2;998600;ASH_COATED_OSMIUM;9982;13;9980;27;;;9998;13;10001;27;;;9990.0;17515.0
-2;998600;INTARIAN_PEPPER_ROOT;10993;10;;;;;11007;22;;;;;11000.0;79220.0
-2;998700;ASH_COATED_OSMIUM;9983;14;9980;25;;;9999;14;10001;25;;;9991.0;17579.0
-2;998700;INTARIAN_PEPPER_ROOT;10993;10;10990;20;;;11005;10;11007;20;;;10999.0;79140.0
-2;998800;ASH_COATED_OSMIUM;9983;14;9980;26;;;9999;14;10001;26;;;9991.0;17579.0
-2;998800;INTARIAN_PEPPER_ROOT;10993;9;10990;22;;;11005;9;11008;22;;;10999.0;79140.0
-2;998900;ASH_COATED_OSMIUM;9984;12;;;;;10002;21;;;;;9993.0;17707.0
-2;998900;INTARIAN_PEPPER_ROOT;10993;10;10990;22;;;11008;22;;;;;11000.5;79260.0
-2;999000;ASH_COATED_OSMIUM;;;;;;;10000;13;10002;28;;;10000.0;18155.0
-2;999000;INTARIAN_PEPPER_ROOT;10993;11;10990;25;;;11005;11;;;;;10999.0;79140.0
-2;999100;ASH_COATED_OSMIUM;9989;5;9984;14;9981;27;10000;14;10002;27;;;9994.5;17803.0
-2;999100;INTARIAN_PEPPER_ROOT;10993;10;10990;19;;;11008;19;;;;;11000.5;79260.0
-2;999200;ASH_COATED_OSMIUM;9984;15;;;;;10003;30;;;;;9993.5;17739.0
-2;999200;INTARIAN_PEPPER_ROOT;10993;11;10990;24;;;11005;11;11008;24;;;10999.0;79140.0
-2;999300;ASH_COATED_OSMIUM;9984;15;;;;;10002;30;;;;;9993.0;17707.0
-2;999300;INTARIAN_PEPPER_ROOT;10993;9;10991;16;;;11008;16;;;;;11000.5;79260.0
-2;999400;ASH_COATED_OSMIUM;9984;15;9982;24;;;10000;15;10003;24;;;9992.0;17643.0
-2;999400;INTARIAN_PEPPER_ROOT;10993;10;10991;17;;;11005;10;11008;17;;;10999.0;79140.0
-2;999500;ASH_COATED_OSMIUM;9984;13;9982;24;;;10000;13;10003;24;;;9992.0;17643.0
-2;999500;INTARIAN_PEPPER_ROOT;10991;20;;;;;11008;20;;;;;10999.5;79180.0
-2;999600;ASH_COATED_OSMIUM;9984;15;9982;30;;;10000;15;10003;30;;;9992.0;17643.0
-2;999600;INTARIAN_PEPPER_ROOT;10994;9;;;;;11006;9;;;;;11000.0;79220.0
-2;999700;ASH_COATED_OSMIUM;9984;10;9982;22;;;10000;10;10003;22;;;9992.0;17643.0
-2;999700;INTARIAN_PEPPER_ROOT;10994;10;10991;18;;;11008;18;;;;;11001.0;79300.0
-2;999800;ASH_COATED_OSMIUM;9984;14;9982;25;;;;;;;;;9984.0;17131.0
-2;999800;INTARIAN_PEPPER_ROOT;10994;11;10991;24;;;;;;;;;10994.0;78740.0
-2;999900;ASH_COATED_OSMIUM;9984;13;;;;;10003;30;;;;;9993.5;17739.0
-2;999900;INTARIAN_PEPPER_ROOT;10994;8;;;;;11009;20;;;;;11001.5;79340.0
